2227932241921,0,-2921471442432,0,1681080986304,0,-565892065008,0,124790597616,0,-19064775496,0,2074925012,0,-162449199,0,9095913,0,-355722,0,9234,0,-143,0,1 # subst2 pos=12 r=24
32864832000,0,-81230500800,0,79345395120,0,-42398581828,0,14114846611,0,-3124935230,0,475966311,0,-50580654,0,3740988,0,-188570,0,6170,0,-118,0,1 # subst2 pos=12 r=24
3983616000,0,-11608569600,0,13871104960,0,-9145997461,0,3750050124,0,-1015928152,0,187692203,0,-23952840,0,2104775,0,-124648,0,4737,0,-104,0,1 # subst2 pos=12 r=24
348713164800,0,-557032896002,0,380260804032,0,-149860513968,0,38423433136,0,-6801100680,0,856261076,0,-77521059,0,5021313,0,-227370,0,6842,0,-123,0,1 # subst2 pos=12 r=24
39920025600,0,-101298355200,0,100946352256,0,-53961301888,0,17711999448,0,-3831587371,0,567340670,0,-58465221,0,4190081,0,-204758,0,6504,0,-121,0,1 # subst2 pos=12 r=24
26255093760,0,-68465021184,0,70779568800,0,-39471457384,0,13532035079,0,-3054228206,0,470836967,0,-50384418,0,3739215,0,-188690,0,6173,0,-118,0,1 # subst2 pos=12 r=24
3392928000,0,-10002844800,0,12133878480,0,-8144360528,0,3405784960,0,-941764804,0,177509223,0,-23070288,0,2058459,0,-123316,0,4721,0,-104,0,1 # subst2 pos=12 r=24
22348085760,0,-60307053792,0,65005364952,0,-37799154924,0,13424541605,0,-3110603460,0,487737368,0,-52638636,0,3911314,0,-196428,0,6364,0,-120,0,1 # subst2 pos=12 r=24
91423987200,0,-217829005920,0,201697309296,0,-100847212050,0,31062947279,0,-6302622280,0,873210988,0,-83970620,0,5603318,0,-254600,0,7516,0,-130,0,1 # subst2 pos=12 r=24
15850598402,0,-41908769280,0,44200188288,0,-25301557536,0,8955176536,0,-2098029660,0,337441694,0,-37853703,0,2957613,0,-157710,0,5468,0,-111,0,1 # subst2 pos=12 r=24
30423444480,0,-80357355069,0,84139106616,0,-47252670228,0,16162237470,0,-3608024579,0,546530429,0,-57215031,0,4143309,0,-203769,0,6495,0,-121,0,1 # subst2 pos=12 r=24
12541132804,0,-34868828160,0,39112747776,0,-23852652480,0,8929756176,0,-2186344220,0,362442548,0,-41328555,0,3239673,0,-171270,0,5826,0,-115,0,1 # subst2 pos=12 r=24
20592230400,0,-56490792960,0,62175354112,0,-36985628672,0,13423657296,0,-3167112395,0,503126336,0,-54709956,0,4073303,0,-203890,0,6552,0,-122,0,1 # subst2 pos=12 r=24
101335449600,0,-245610839040,0,229240444288,0,-113089138528,0,34025907984,0,-6733642445,0,912639152,0,-86257062,0,5684885,0,-256232,0,7530,0,-130,0,1 # subst2 pos=12 r=24
3677184000,0,-10782950400,0,12988919040,0,-8645418944,0,3581296336,0,-980369440,0,182923880,0,-23549056,0,2084013,0,-124060,0,4730,0,-104,0,1 # subst2 pos=12 r=24
9386196019200,0,-10303599599995,0,5076274860592,0,-1485958096852,0,288149924616,0,-39033085655,0,3790775351,0,-266163891,0,13420283,0,-474245,0,11157,0,-157,0,1 # subst2 pos=12 r=24
1768200191995,0,-2717876505600,0,1747848718080,0,-633830351424,0,146309155408,0,-22874430576,0,2502454208,0,-194143176,0,10649391,0,-404274,0,10112,0,-150,0,1 # subst2 pos=12 r=24
42223104000,0,-108084883200,0,108819013759,0,-58674641328,0,19341172688,0,-4180936152,0,615819104,0,-62895675,0,4454929,0,-214722,0,6718,0,-123,0,1 # subst2 pos=12 r=24
56043187200,0,-133001092800,0,122821429248,0,-61600162640,0,19207938696,0,-3990408485,0,573001519,0,-57788337,0,4088203,0,-198815,0,6333,0,-119,0,1 # subst2 pos=12 r=24
188762112000,0,-334170547200,0,254251454715,0,-111033312192,0,31199469488,0,-5970368448,0,800696600,0,-76051404,0,5090107,0,-234630,0,7084,0,-126,0,1 # subst2 pos=12 r=24
19595520000,0,-41173920000,0,37772351996,0,-20066720400,0,6892104768,0,-1615194208,0,265197932,0,-30766803,0,2504721,0,-139602,0,5058,0,-107,0,1 # subst2 pos=12 r=24
26072766720,0,-69251171476,0,73082049520,0,-41454212264,0,14345547336,0,-3243908521,0,498123695,0,-52894317,0,3887243,0,-194107,0,6285,0,-119,0,1 # subst2 pos=12 r=24
55883520000,0,-128046240000,0,113497992000,0,-55216372400,0,16921104863,0,-3496345996,0,504293243,0,-51481164,0,3707871,0,-184324,0,6017,0,-116,0,1 # subst2 pos=12 r=24
3920716800,0,-11201538240,0,13067851496,0,-8402427324,0,3366393794,0,-895523477,0,163618937,0,-20828349,0,1843177,0,-111051,0,4339,0,-99,0,1 # subst2 pos=12 r=24
4701805056000,0,-5450386579200,0,2838700412644,0,-879152294088,0,180480400356,0,-25895127950,0,2664817445,0,-198330864,0,10602843,0,-397350,0,9915,0,-148,0,1 # subst2 pos=12 r=24
29059430400,0,-59940115197,0,53793794304,0,-27860028976,0,9296323056,0,-2109695400,0,334444592,0,-37371663,0,2925393,0,-156650,0,5454,0,-111,0,1 # subst2 pos=12 r=24
94755225602,0,-235938078720,0,228105464832,0,-116670874368,0,36120888896,0,-7278869360,0,994228976,0,-93854424,0,6133428,0,-272595,0,7867,0,-133,0,1 # subst2 pos=12 r=24
1235025792000,0,-1623506270400,0,953906431685,0,-331887993556,0,76293263500,0,-12227708087,0,1403155571,0,-116312091,0,6920439,0,-288533,0,8009,0,-133,0,1 # subst2 pos=12 r=24
4009824000,0,-11654078400,0,13877733840,0,-9113434324,0,3720291095,0,-1003440881,0,184657199,0,-23496873,0,2061999,0,-122219,0,4661,0,-103,0,1 # subst2 pos=12 r=24
34320384000,0,-89384601600,0,92129450240,0,-51061448256,0,17318975605,0,-3846897732,0,580492736,0,-60503931,0,4354729,0,-212358,0,6694,0,-123,0,1 # subst2 pos=12 r=24
330810480000,0,-563319360000,0,409668843000,0,-170312875100,0,45454593982,0,-8254816371,0,1050949661,0,-94870029,0,6045357,0,-265891,0,7679,0,-131,0,1 # subst2 pos=12 r=24
2947000320000,0,-3686624640000,0,2051375472000,0,-672865018400,0,145203146488,0,-21758759509,0,2325405443,0,-178839534,0,9835251,0,-377614,0,9617,0,-146,0,1 # subst2 pos=12 r=24
34200714240,0,-84128683968,0,81632683583,0,-43287426852,0,14293941076,0,-3139259679,0,474657827,0,-50139531,0,3693183,0,-185853,0,6089,0,-117,0,1 # subst2 pos=12 r=24
12737088000,0,-35225863200,0,39275583480,0,-23822323812,0,8885728399,0,-2172393017,0,360249917,0,-41134293,0,3229821,0,-171003,0,5823,0,-115,0,1 # subst2 pos=12 r=24
631004774400,0,-1299836943365,0,979513949952,0,-394580073536,0,98592344400,0,-16452282528,0,1905277352,0,-155660340,0,8960589,0,-356092,0,9306,0,-144,0,1 # subst2 pos=12 r=24
62853991202,0,-144908478360,0,129438294924,0,-63366856610,0,19483600491,0,-4023495090,0,577344662,0,-58344270,0,4138308,0,-201550,0,6414,0,-120,0,1 # subst2 pos=12 r=24
215550720000,0,-351261360000,0,253191312000,0,-106849733400,0,29430974751,0,-5579265554,0,747097133,0,-71266176,0,4810851,0,-224346,0,6867,0,-124,0,1 # subst2 pos=12 r=24
109212364802,0,-206928069120,0,168430080384,0,-78301100832,0,23280334552,0,-4687034124,0,658079078,0,-65160855,0,4529337,0,-216066,0,6728,0,-123,0,1 # subst2 pos=12 r=24
74462976000,0,-142695043200,0,118054171440,0,-56093676048,0,17137562736,0,-3561428062,0,517902965,0,-53239134,0,3847863,0,-191040,0,6195,0,-118,0,1 # subst2 pos=12 r=24
419026608001,0,-716968483200,0,523051275480,0,-217397394212,0,57730140766,0,-10371741355,0,1298222645,0,-114508551,0,7088733,0,-301345,0,8375,0,-137,0,1 # subst2 pos=12 r=24
1161216,0,-2085120,0,2130240,0,-1981440,0,1199144,0,-612702,0,251180,0,-79500,0,20514,0,-4005,0,505,0,-35,0,1 # subst2 pos=6 r=12
4,0,-193536,0,258816,0,-274048,0,223936,0,-127088,0,58892,0,-22038,0,6312,0,-1457,0,251,0,-25,0,1 # subst2 pos=6 r=12
5,0,-75600,0,146370,0,-142995,0,122599,0,-75550,0,36990,0,-15620,0,4840,0,-1250,0,240,0,-25,0,1 # subst2 pos=6 r=12
5,0,-57600,0,96480,0,-101112,0,98844,0,-61294,0,36373,0,-15944,0,5603,0,-1622,0,299,0,-28,0,1 # subst2 pos=6 r=12
4,0,-7840,0,15624,0,-23184,0,28510,0,-22864,0,15843,0,-8472,0,3169,0,-976,0,213,0,-24,0,1 # subst2 pos=6 r=12
211680,0,-395976,0,542108,0,-625066,0,446548,0,-273014,0,129472,0,-46902,0,13766,0,-3010,0,420,0,-32,0,1 # subst2 pos=6 r=12
1555200,0,-2064960,0,2224229,0,-1820448,0,1111392,0,-579228,0,240586,0,-79686,0,21467,0,-4242,0,530,0,-36,0,1 # subst2 pos=6 r=12
194400,0,-272699,0,263610,0,-256230,0,137691,0,-90318,0,34814,0,-14706,0,4308,0,-1062,0,216,0,-24,0,1 # subst2 pos=4 r=8
80640,0,-66528,0,162160,0,-120076,0,108922,0,-65533,0,31183,0,-12958,0,3973,0,-990,0,193,0,-22,0,1 # subst2 pos=4 r=8
2,0,-8100,0,4410,0,-19830,0,10467,0,-15872,0,7862,0,-4676,0,1964,0,-556,0,160,0,-22,0,1 # subst2 pos=4 r=8
48384,0,-44544,0,103712,0,-85056,0,77341,0,-51600,0,25670,0,-12120,0,3871,0,-1056,0,218,0,-24,0,1 # subst2 pos=4 r=8
45360,0,-28152,0,117964,0,-69855,0,104725,0,-56724,0,37272,0,-16518,0,5434,0,-1524,0,282,0,-27,0,1 # subst2 pos=4 r=8
1,0,-211680,0,106680,0,-177576,0,81866,0,-57868,0,23371,0,-9124,0,2973,0,-692,0,149,0,-20,0,1 # subst2 pos=4 r=8
1474556,0,-1560576,0,1339392,0,-915968,0,457216,0,-208960,0,75200,0,-22968,0,6096,0,-1198,0,206,0,-23,0,1 # subst2 pos=4 r=8
113400,0,-153540,0,218700,0,-240288,0,140094,0,-103841,0,39753,0,-18405,0,5222,0,-1339,0,267,0,-27,0,1 # subst2 pos=4 r=8
4,0,-151200,0,107520,0,-132480,0,82504,0,-45618,0,23550,0,-7719,0,2995,0,-642,0,150,0,-21,0,1 # subst2 pos=4 r=8
21600,0,-24120,0,46080,0,-42538,0,34482,0,-23237,0,11761,0,-5329,0,1877,0,-523,0,119,0,-17,0,1 # subst2 pos=4 r=8
4,0,-161280,0,79488,0,-153216,0,70128,0,-54824,0,22308,0,-9198,0,3056,0,-721,0,159,0,-21,0,1 # subst2 pos=4 r=8
43200,0,-60120,0,92520,0,-104454,0,69486,0,-55261,0,23677,0,-11945,0,3735,0,-1043,0,227,0,-25,0,1 # subst2 pos=4 r=8
192000,0,-206400,0,232396,0,-179960,0,110020,0,-60566,0,25664,0,-9711,0,2989,0,-724,0,146,0,-19,0,1 # subst2 pos=4 r=8
144000,0,-218400,0,203999,0,-190960,0,106920,0,-64526,0,26746,0,-10409,0,3269,0,-784,0,164,0,-21,0,1 # subst2 pos=4 r=8
241920,0,-355104,0,311904,0,-284472,0,149108,0,-87588,0,33988,0,-12822,0,3782,0,-873,0,173,0,-21,0,1 # subst2 pos=4 r=8
12960,0,-25200,0,30612,0,-32790,0,24304,0,-15829,0,8465,0,-3555,0,1335,0,-375,0,83,0,-15,0,1 # subst2 pos=4 r=8
604800,0,-509760,0,603120,0,-398233,0,237812,0,-117966,0,46436,0,-16287,0,4527,0,-1014,0,184,0,-21,0,1 # subst2 pos=4 r=8
43200,0,-60958,0,97464,0,-111620,0,77444,0,-62720,0,27050,0,-13095,0,4095,0,-1060,0,226,0,-25,0,1 # subst2 pos=4 r=8
258044,0,-219648,0,345984,0,-246400,0,173152,0,-94952,0,40478,0,-15312,0,4455,0,-1034,0,194,0,-22,0,1 # subst2 pos=4 r=8
201600,0,-186720,0,262800,0,-194284,0,128356,0,-69728,0,29732,0,-11133,0,3330,0,-788,0,152,0,-19,0,1 # subst2 pos=4 r=8
3,0,-8640,0,6360,0,-14388,0,9812,0,-9092,0,5498,0,-2697,0,1323,0,-372,0,118,0,-19,0,1 # subst2 pos=4 r=8
3,0,-3456,0,3456,0,-7248,0,6288,0,-5204,0,3484,0,-1624,0,704,0,-223,0,53,0,-11,0,1 # subst2 pos=4 r=8
217728,0,-118800,0,423288,0,-219960,0,268068,0,-126060,0,70282,0,-26972,0,8123,0,-2100,0,350,0,-30,0,1 # subst2 pos=4 r=8
30240,0,-41664,0,70064,0,-80316,0,58350,0,-49628,0,22093,0,-12054,0,3809,0,-1108,0,243,0,-26,0,1 # subst2 pos=4 r=8
16200,0,-22860,0,39924,0,-46620,0,36234,0,-31645,0,15295,0,-8795,0,3001,0,-935,0,221,0,-25,0,1 # subst2 pos=4 r=8
13440,0,-20944,0,34120,0,-40876,0,31606,0,-25894,0,13235,0,-6622,0,2473,0,-682,0,169,0,-22,0,1 # subst2 pos=4 r=8
264600,0,-186270,0,358890,0,-224339,0,183543,0,-95762,0,44594,0,-17604,0,5220,0,-1312,0,244,0,-25,0,1 # subst2 pos=4 r=8
71680,0,-105216,0,119296,0,-123744,0,75104,0,-52078,0,22240,0,-9750,0,3110,0,-789,0,169,0,-21,0,1 # subst2 pos=4 r=8
141120,0,-126000,0,194824,0,-143300,0,102610,0,-57870,0,26053,0,-10405,0,3229,0,-810,0,163,0,-20,0,1 # subst2 pos=4 r=8
60480,0,-60720,0,97656,0,-80564,0,61622,0,-39314,0,19067,0,-8646,0,2908,0,-814,0,181,0,-22,0,1 # subst2 pos=4 r=8
1,0,-16000,0,6800,0,-32120,0,13300,0,-21394,0,8408,0,-5927,0,2089,0,-676,0,182,0,-23,0,1 # subst2 pos=4 r=8
504000,0,-458400,0,563400,0,-408460,0,246434,0,-134351,0,52817,0,-20019,0,5577,0,-1289,0,239,0,-25,0,1 # subst2 pos=4 r=8
20160,0,-33792,0,47592,0,-55168,0,38458,0,-26207,0,12783,0,-5296,0,1861,0,-480,0,105,0,-16,0,1 # subst2 pos=4 r=8
259200,0,-357120,0,345360,0,-336860,0,177544,0,-117728,0,43983,0,-18598,0,5263,0,-1264,0,249,0,-26,0,1 # subst2 pos=4 r=8
3,0,-80000,0,104000,0,-77600,0,69200,0,-29090,0,17225,0,-5284,0,1939,0,-466,0,91,0,-16,0,1 # subst2 pos=4 r=8
211680,0,-189000,0,256956,0,-183450,0,122854,0,-66730,0,28960,0,-11170,0,3390,0,-830,0,164,0,-20,0,1 # subst2 pos=4 r=8
100800,0,-89040,0,151656,0,-112879,0,87970,0,-51702,0,24669,0,-10438,0,3361,0,-882,0,183,0,-22,0,1 # subst2 pos=4 r=8
2,0,-37800,0,21780,0,-61560,0,33576,0,-29250,0,13949,0,-6040,0,2291,0,-570,0,139,0,-20,0,1 # subst2 pos=4 r=8
23040,0,-34944,0,55101,0,-64624,0,46944,0,-37100,0,17500,0,-8120,0,2780,0,-721,0,161,0,-21,0,1 # subst2 pos=4 r=8
3,0,-480,0,840,0,-1316,0,1628,0,-1304,0,1022,0,-567,0,261,0,-106,0,28,0,-7,0,1 # subst2 pos=4 r=8
972,0,-1296,0,1948,0,-2160,0,1593,0,-1404,0,684,0,-444,0,162,0,-68,0,20,0,-4,0,1 # subst2 pos=2 r=4
648,0,-234,0,2070,0,-741,0,2505,0,-884,0,1436,0,-494,0,398,0,-126,0,46,0,-13,0,1 # subst2 pos=2 r=4
161280,0,-103680,0,137856,0,-81216,0,48280,0,-25236,0,8852,0,-3888,0,894,0,-297,0,44,0,-9,0,1 # subst2 pos=2 r=4
9450,0,-2940,0,23925,0,-7378,0,20417,0,-6192,0,6922,0,-2016,0,1044,0,-280,0,65,0,-14,0,1 # subst2 pos=2 r=4
504,0,-378,0,1484,0,-1062,0,1601,0,-1068,0,802,0,-468,0,198,0,-90,0,23,0,-6,0,1 # subst2 pos=2 r=4
134400,0,-52800,0,136960,0,-51920,0,54756,0,-19657,0,10943,0,-3600,0,1139,0,-319,0,57,0,-11,0,1 # subst2 pos=2 r=4
241920,0,-54432,0,269424,0,-59936,0,115410,0,-25218,0,23881,0,-5058,0,2441,0,-486,0,107,0,-18,0,1 # subst2 pos=2 r=4
16800,0,-10800,0,21920,0,-13320,0,11602,0,-6507,0,3174,0,-1575,0,469,0,-189,0,35,0,-9,0,1 # subst2 pos=2 r=4
6480,0,-2880,0,13956,0,-6099,0,10552,0,-4464,0,3639,0,-1452,0,607,0,-216,0,45,0,-12,0,1 # subst2 pos=2 r=4
92160,0,-46080,0,92672,0,-43776,0,37408,0,-16269,0,7712,0,-2952,0,850,0,-261,0,47,0,-9,0,1 # subst2 pos=2 r=4
4,0,-9600,0,1200,0,-11840,0,1480,0,-5784,0,723,0,-1400,0,175,0,-168,0,21,0,-8,0,1 # subst2 pos=2 r=4
2880,0,-1440,0,7576,0,-3708,0,6910,0,-3250,0,2647,0,-1143,0,469,0,-171,0,37,0,-9,0,1 # subst2 pos=2 r=4
37632,0,-14116,0,66808,0,-24612,0,37315,0,-13224,0,9166,0,-3024,0,1084,0,-312,0,58,0,-12,0,1 # subst2 pos=2 r=4
1,0,-1680,0,240,0,-2996,0,428,0,-2072,0,296,0,-693,0,99,0,-112,0,16,0,-7,0,1 # subst2 pos=2 r=4
4200,0,-3150,0,8405,0,-5910,0,5831,0,-3636,0,1934,0,-996,0,334,0,-126,0,29,0,-6,0,1 # subst2 pos=2 r=4
241920,0,-67200,0,268864,0,-73440,0,108036,0,-28650,0,20651,0,-5205,0,1967,0,-450,0,84,0,-15,0,1 # subst2 pos=2 r=4
8064,0,-5184,0,15696,0,-9724,0,10348,0,-5958,0,3168,0,-1611,0,487,0,-198,0,36,0,-9,0,1 # subst2 pos=2 r=4
20160,0,-12320,0,30712,0,-18084,0,17556,0,-9724,0,4754,0,-2365,0,647,0,-264,0,45,0,-11,0,1 # subst2 pos=2 r=4
8064,0,-6720,0,14928,0,-11320,0,9164,0,-5752,0,2680,0,-1275,0,411,0,-130,0,32,0,-5,0,1 # subst2 pos=2 r=4
80640,0,-92160,0,74688,0,-72192,0,28652,0,-22432,0,5829,0,-3456,0,663,0,-264,0,40,0,-8,0,1 # subst2 pos=2 r=4
430080,0,-139780,0,358912,0,-113152,0,119104,0,-35880,0,19960,0,-5590,0,1750,0,-429,0,73,0,-13,0,1 # subst2 pos=2 r=4
7840,0,-2684,0,18004,0,-6096,0,14648,0,-4848,0,5269,0,-1668,0,839,0,-240,0,55,0,-12,0,1 # subst2 pos=2 r=4
23040,0,-6720,0,44446,0,-12824,0,28708,0,-8106,0,8403,0,-2282,0,1171,0,-294,0,69,0,-14,0,1 # subst2 pos=2 r=4
6144,0,-9216,0,9728,0,-9984,0,6112,0,-4176,0,1952,0,-840,0,334,0,-85,0,29,0,-3,0,1 # subst2 pos=2 r=4
37632,0,-14112,0,66808,0,-24612,0,37315,0,-13224,0,9166,0,-3024,0,1081,0,-312,0,58,0,-12,0,1 # subst2 pos=2 r=4
48384,0,-60480,0,49248,0,-46440,0,20664,0,-14221,0,4580,0,-2170,0,566,0,-165,0,37,0,-5,0,1 # subst2 pos=2 r=4
317520,0,-114660,0,268884,0,-93912,0,92076,0,-30641,0,16145,0,-4979,0,1499,0,-406,0,67,0,-13,0,1 # subst2 pos=2 r=4
32928,0,-9604,0,64190,0,-18522,0,40971,0,-11559,0,11002,0,-2968,0,1364,0,-336,0,72,0,-14,0,1 # subst2 pos=2 r=4
25920,0,-7200,0,52104,0,-14343,0,35084,0,-9480,0,10190,0,-2655,0,1365,0,-330,0,76,0,-15,0,1 # subst2 pos=2 r=4
30238,0,-16128,0,40356,0,-20448,0,20436,0,-9536,0,5047,0,-2056,0,647,0,-208,0,41,0,-8,0,1 # subst2 pos=2 r=4
2880,0,-3600,0,5974,0,-6570,0,4390,0,-3845,0,1557,0,-985,0,289,0,-115,0,27,0,-5,0,1 # subst2 pos=2 r=4
7200,0,-1620,0,19530,0,-4374,0,18643,0,-4140,0,7590,0,-1656,0,1372,0,-288,0,94,0,-18,0,1 # subst2 pos=2 r=4
16800,0,-3780,0,36770,0,-8226,0,28297,0,-6264,0,9788,0,-2125,0,1558,0,-324,0,98,0,-18,0,1 # subst2 pos=2 r=4
30720,0,-14080,0,41984,0,-18658,0,22048,0,-9328,0,5696,0,-2222,0,754,0,-253,0,47,0,-11,0,1 # subst2 pos=2 r=4
75264,0,-35840,0,89600,0,-40960,0,39544,0,-16877,0,8450,0,-3220,0,931,0,-290,0,50,0,-10,0,1 # subst2 pos=2 r=4
2100,0,-720,0,5905,0,-2002,0,5977,0,-1992,0,2686,0,-864,0,562,0,-168,0,49,0,-12,0,1 # subst2 pos=2 r=4
33600,0,-11761,0,48760,0,-16772,0,27238,0,-9114,0,7411,0,-2366,0,1009,0,-294,0,61,0,-14,0,1 # subst2 pos=2 r=4
2,0,-3024,0,504,0,-5724,0,954,0,-3570,0,595,0,-990,0,165,0,-126,0,21,0,-6,0,1 # subst2 pos=2 r=4
180,0,-210,0,636,0,-707,0,845,0,-868,0,520,0,-458,0,150,0,-98,0,20,0,-7,0,1 # subst2 pos=2 r=4
5,0,-20736,0,5184,0,-19872,0,4968,0,-7344,0,1836,0,-1320,0,330,0,-116,0,29,0,-4,0,1 # subst2 pos=2 r=4
16128,0,0,0,22464,0,0,0,12092,0,0,0,3248,0,0,0,465,0,0,0,36,0,0,0,1 # subst2 pos=0 r=0
1504,0,0,0,3275,0,0,0,2605,0,0,0,1022,0,0,0,214,0,0,0,23,0,0,0,1 # subst2 pos=0 r=0
18816,0,0,0,25760,0,0,0,13558,0,0,0,3545,0,3,0,493,0,0,0,35,0,0,0,1 # subst2 pos=0 r=0
43008,0,0,0,50944,0,0,0,22752,0,0,0,5112,0,0,0,620,0,0,0,39,0,0,0,1 # subst2 pos=0 r=0
525,0,0,0,1510,0,0,0,1587,0,0,0,772,0,0,0,187,0,0,0,22,0,0,0,1 # subst2 pos=0 r=0
1296,0,0,0,2916,0,0,0,2412,0,0,0,981,0,0,0,211,0,0,0,23,0,1,0,1 # subst2 pos=0 r=0
964,0,0,0,2272,0,0,0,1996,0,0,0,856,0,0,0,193,0,0,0,22,0,0,0,1 # subst2 pos=0 r=0
3528,0,0,0,6006,0,0,0,4097,0,0,0,1432,0,0,0,270,0,-5,0,26,0,0,0,1 # subst2 pos=0 r=0
1080,0,0,0,2511,0,0,0,2169,0,0,0,922,0,0,0,205,0,0,0,23,0,0,0,1 # subst2 pos=0 r=0
16384,0,0,0,22528,0,0,0,12032,0,0,0,3231,0,0,0,464,0,0,0,34,0,0,0,1 # subst2 pos=0 r=0
9211,0,0,0,12672,0,0,0,7136,0,0,0,2104,0,0,0,342,0,0,0,29,0,0,0,1 # subst2 pos=0 r=0
288,0,0,0,792,0,0,0,842,0,0,0,450,0,0,0,127,0,0,0,18,0,0,0,1 # subst2 pos=0 r=0
4320,0,0,0,6984,0,0,0,4524,0,0,0,1510,0,5,0,275,0,0,0,26,0,0,0,1 # subst2 pos=0 r=0
4480,0,5,0,8816,0,0,0,5984,0,0,0,1955,0,0,0,335,0,0,0,29,0,0,0,1 # subst2 pos=0 r=0
4200,0,0,0,7180,0,0,0,4818,0,0,0,1625,0,0,0,293,0,0,0,27,0,-2,0,1 # subst2 pos=0 r=0
2884,0,0,0,5016,0,0,0,3518,0,0,0,1271,0,0,0,249,0,0,0,25,0,0,0,1 # subst2 pos=0 r=0
5292,0,0,0,8568,0,0,0,5505,0,0,0,1796,0,-4,0,314,0,0,0,28,0,0,0,1 # subst2 pos=0 r=0
2352,0,0,0,5278,0,0,0,4255,0,0,0,1606,0,0,0,305,0,0,0,28,0,0,0,1 # subst2 pos=0 r=0
30241,0,0,0,34308,0,0,0,15792,0,0,0,3793,0,0,0,503,0,0,0,35,0,0,0,1 # subst2 pos=0 r=0
840,0,0,0,2108,0,0,0,1978,0,0,0,893,0,0,0,205,0,0,0,19,0,0,0,1 # subst2 pos=0 r=0
960,0,0,0,2312,0,2,0,2074,0,0,0,905,0,0,0,205,0,0,0,23,0,0,0,1 # subst2 pos=0 r=0
75264,0,0,0,74816,0,0,0,29704,0,5,0,6107,0,0,0,691,0,0,0,41,0,0,0,1 # subst2 pos=0 r=0
4032,0,0,0,7128,0,-1,0,4940,0,0,0,1706,0,0,0,309,0,0,0,28,0,0,0,1 # subst2 pos=0 r=0
2240,0,0,0,4128,0,0,0,3036,0,0,0,1140,0,0,0,231,0,0,0,24,0,-4,0,1 # subst2 pos=0 r=0
4200,0,0,0,7180,0,0,0,4818,0,0,0,1625,0,0,0,293,0,0,0,28,0,0,0,1 # subst2 pos=0 r=0
4800,0,0,0,9320,0,0,0,6202,0,0,0,1991,0,0,0,341,0,0,0,29,0,0,0,1 # subst2 pos=0 r=0
450,0,0,0,1305,0,0,0,1393,0,0,0,690,0,0,0,172,0,1,0,21,0,0,0,1 # subst2 pos=0 r=0
16132,0,0,0,22464,0,0,0,12092,0,0,0,3248,0,0,0,465,0,0,0,34,0,0,0,1 # subst2 pos=0 r=0
147,0,0,0,532,0,0,0,731,0,0,0,472,0,4,0,145,0,0,0,20,0,0,0,1 # subst2 pos=0 r=0
360,0,0,0,1062,0,0,0,1163,0,0,0,598,0,0,0,156,0,0,0,18,0,0,0,1 # subst2 pos=0 r=0
9600,0,0,0,13840,0,0,0,7884,0,1,0,2300,0,0,0,365,0,0,0,30,0,0,0,1 # subst2 pos=0 r=0
1620,0,0,0,3024,0,0,0,2295,0,0,0,906,0,0,0,196,0,0,0,22,0,-1,0,1 # subst2 pos=0 r=0
6300,0,0,0,9195,0,0,0,5497,0,0,0,1722,0,0,0,293,0,0,0,27,0,0,0,1 # subst2 pos=0 r=0
1920,0,0,0,4384,0,0,0,3630,0,0,0,1421,0,-1,0,281,0,0,0,27,0,0,0,1 # subst2 pos=0 r=0
2304,0,0,0,5088,0,0,0,4024,0,0,0,1500,0,0,0,286,0,0,0,31,0,0,0,1 # subst2 pos=0 r=0
9450,0,0,0,13005,0,0,0,7289,0,0,0,2134,0,0,0,344,0,0,0,29,0,0,0,1 # subst2 pos=0 r=0
1008,0,0,0,2790,0,0,0,2765,0,0,0,1216,0,-2,0,258,0,0,0,26,0,0,0,1 # subst2 pos=0 r=0
4704,0,0,0,7616,0,0,0,4926,0,3,0,1633,0,0,0,293,0,0,0,27,0,0,0,1 # subst2 pos=0 r=0
9216,0,0,0,13824,0,0,0,8144,0,0,0,2420,0,0,0,384,0,0,0,27,0,0,0,1 # subst2 pos=0 r=0
960,0,0,0,2392,0,0,0,2220,0,0,0,986,0,0,0,221,0,-2,0,24,0,0,0,1 # subst2 pos=0 r=0
3,0,0,-20160,0,0,-13688,0,0,9474,0,0,2589,0,0,-520,0,0,-102,0,0,6,0,0,1 # subst3 r=8 r=8
1658880,0,0,-294912,0,0,-237120,0,0,27131,0,0,11044,0,0,-608,0,0,-185,0,0,4,0,0,1 # subst3 r=8 r=8
486000,0,0,866700,0,0,467040,0,0,85928,0,0,-2519,0,0,-2246,0,0,-122,0,0,13,0,0,1 # subst3 r=8 r=8
-129600,0,0,63355,0,0,70452,0,0,2152,0,0,-5753,0,0,-734,0,0,100,0,0,22,0,0,1 # subst3 r=8 r=8
-60480,0,0,52008,0,0,28125,0,0,-17562,0,0,-3291,0,0,1212,0,0,6,0,0,-18,0,0,1 # subst3 r=8 r=8
-23040,0,0,10944,0,0,24976,0,0,-11824,0,0,-1939,0,0,896,0,0,-1,0,0,-16,0,0,1 # subst3 r=8 r=8
2488320,0,0,-787968,0,0,-380644,0,0,53144,0,0,14364,0,0,-1022,0,0,-205,0,0,6,0,0,1 # subst3 r=8 r=8
15552,0,0,-14472,0,0,-7092,0,0,5587,0,0,1001,0,0,-532,0,0,-54,0,0,10,0,0,1 # subst3 r=8 r=8
5292000,0,0,279300,0,0,-486280,0,0,-20547,0,0,15609,0,0,452,0,0,-210,0,0,-3,0,0,1 # subst3 r=8 r=8
186624,0,0,-116640,0,0,-94968,0,0,19260,0,0,6490,0,0,-621,0,0,-147,0,0,5,0,0,1 # subst3 r=8 r=8
672000,0,0,-514400,0,0,-201720,0,0,33844,0,0,11050,0,0,-588,0,0,-191,0,0,3,0,0,1 # subst3 r=8 r=8
-720000,0,0,-270000,0,0,93500,0,0,43500,0,0,-668,0,0,-1608,0,0,-102,0,0,12,0,0,1 # subst3 r=8 r=8
-5,0,0,5040,0,0,3198,0,0,-4567,0,0,-3251,0,0,-490,0,0,52,0,0,17,0,0,1 # subst3 r=8 r=8
-4,0,0,-69120,0,0,34752,0,0,12976,0,0,-8976,0,0,1160,0,0,68,0,0,-21,0,0,1 # subst3 r=8 r=8
3,0,0,725760,0,0,41184,0,0,-62856,0,0,-172,0,0,1762,0,0,-63,0,0,-16,0,0,1 # subst3 r=8 r=8
-1,0,0,-2592,0,0,1656,0,0,1692,0,0,-466,0,0,-313,0,0,9,0,0,13,0,0,1 # subst3 r=8 r=8
2,0,0,-172800,0,0,35040,0,0,32584,0,0,-12636,0,0,1070,0,0,125,0,0,-24,0,0,1 # subst3 r=8 r=8
3175197,0,0,-1508220,0,0,-246884,0,0,93059,0,0,9449,0,0,-1810,0,0,-166,0,0,11,0,0,1 # subst3 r=8 r=8
-345600,0,0,114235,0,0,96592,0,0,-34496,0,0,-2296,0,0,1540,0,0,-67,0,0,-14,0,0,1 # subst3 r=8 r=8
580608,0,0,2304,0,0,-149616,0,0,13343,0,0,7636,0,0,-529,0,0,-149,0,0,5,0,0,1 # subst3 r=8 r=8
4,0,0,-151200,0,0,-252600,0,0,-124588,0,0,-24774,0,0,-1439,0,0,173,0,0,27,0,0,1 # subst3 r=8 r=8
-144000,0,0,207600,0,0,-55540,0,0,-13404,0,0,5277,0,0,209,0,0,-138,0,0,0,0,0,1 # subst3 r=8 r=8
-4032000,0,0,1283200,0,0,232276,0,0,-96978,0,0,-1365,0,0,2226,0,0,-84,0,0,-16,0,0,1 # subst3 r=8 r=8
-453600,0,0,524880,0,0,-26962,0,0,-50954,0,0,5505,0,0,1278,0,0,-144,0,0,-9,0,0,1 # subst3 r=8 r=8
-1,0,0,-201600,0,0,-89920,0,0,92238,0,0,-19203,0,0,528,0,0,258,0,0,-30,0,0,1 # subst3 r=8 r=8
120960,0,0,24336,0,0,27804,0,0,4671,0,0,-4199,0,0,-1100,0,0,-6,0,0,16,0,0,1 # subst3 r=6 r=6
138240,0,0,-104448,0,0,49040,0,0,-23456,0,0,3107,0,0,648,0,0,-125,0,0,-4,0,0,1 # subst3 r=6 r=6
5880,0,0,-6524,0,0,-210,0,0,951,0,0,-287,0,0,206,0,0,-12,0,0,-9,0,0,1 # subst3 r=6 r=6
155520,0,0,177552,0,0,56400,0,0,39276,0,0,3816,0,0,-1241,0,0,-137,0,0,9,0,0,1 # subst3 r=6 r=6
-31104,0,0,2155,0,0,-2988,0,0,996,0,0,2151,0,0,86,0,0,-100,0,0,-2,0,0,1 # subst3 r=6 r=6
54000,0,0,-32700,0,0,7580,0,0,-2595,0,0,-1029,0,0,742,0,0,-72,0,0,-9,0,0,1 # subst3 r=6 r=6
-5040,0,0,2612,0,0,294,0,0,1094,0,0,1231,0,0,-106,0,0,-83,0,0,0,0,0,1 # subst3 r=6 r=6
-30236,0,0,12552,0,0,-2660,0,0,1794,0,0,929,0,0,-312,0,0,-70,0,0,6,0,0,1 # subst3 r=6 r=6
172800,0,0,-35045,0,0,19040,0,0,-3378,0,0,-2889,0,0,636,0,0,48,0,0,-18,0,0,1 # subst3 r=6 r=6
-12096,0,0,2136,0,0,-2248,0,0,507,0,0,1698,0,0,-273,0,0,-99,0,0,3,0,0,1 # subst3 r=6 r=6
3,0,0,-6720,0,0,3816,0,0,-2018,0,0,1035,0,0,74,0,0,-76,0,0,0,0,0,1 # subst3 r=6 r=6
30240,0,0,21300,0,0,-4927,0,0,3244,0,0,-1305,0,0,-324,0,0,183,0,0,-24,0,0,1 # subst3 r=6 r=6
933120,0,0,-365476,0,0,99936,0,0,-31452,0,0,-2672,0,0,1659,0,0,-65,0,0,-15,0,0,1 # subst3 r=6 r=6
-80640,0,0,-6627,0,0,-2896,0,0,-2464,0,0,3824,0,0,-186,0,0,-119,0,0,4,0,0,1 # subst3 r=6 r=6
414720,0,0,-290307,0,0,81712,0,0,-28168,0,0,2654,0,0,959,0,0,-127,0,0,-7,0,0,1 # subst3 r=6 r=6
-120960,0,0,21696,0,0,-111710,0,0,21168,0,0,9071,0,0,-528,0,0,-178,0,0,3,0,0,1 # subst3 r=6 r=6
-17917,0,0,5952,0,0,-15136,0,0,5532,0,0,2664,0,0,-417,0,0,-119,0,0,3,0,0,1 # subst3 r=6 r=6
138240,0,0,-92544,0,0,16354,0,0,-3888,0,0,-636,0,0,864,0,0,-57,0,0,-12,0,0,1 # subst3 r=6 r=6
-11520,0,0,-18144,0,0,-9932,0,0,-4612,0,0,-1342,0,0,57,0,0,109,0,0,19,0,0,1 # subst3 r=6 r=6
32256,0,0,-4608,0,0,9352,0,0,-440,0,0,-3415,0,0,904,0,0,-13,0,0,-14,0,0,1 # subst3 r=6 r=6
4,0,0,-12960,0,0,6336,0,0,-5904,0,0,2920,0,0,282,0,0,-122,0,0,-3,0,0,1 # subst3 r=6 r=6
151198,0,0,184200,0,0,53088,0,0,24658,0,0,3754,0,0,-965,0,0,-143,0,0,7,0,0,1 # subst3 r=6 r=6
-4,0,0,-2016,0,0,-48,0,0,-162,0,0,-61,0,0,146,0,0,-12,0,0,-8,0,0,1 # subst3 r=6 r=6
-1,0,0,-1680,0,0,518,0,0,1475,0,0,-451,0,0,210,0,0,-68,0,0,-5,0,0,1 # subst3 r=6 r=6
23328,0,0,29160,0,0,16560,0,0,13410,0,0,2222,0,0,-580,0,0,-111,0,0,5,0,0,1 # subst3 r=6 r=6
-3,0,0,560,0,0,-588,0,0,220,0,0,-203,0,0,20,0,0,-10,0,0,0,0,0,1 # subst3 r=4 r=4
3585,0,0,3072,0,0,2120,0,0,2256,0,0,30,0,0,348,0,0,-65,0,0,-6,0,0,1 # subst3 r=4 r=4
2885,0,0,-32,0,0,-1832,0,0,20,0,0,-970,0,0,11,0,0,-79,0,0,1,0,0,1 # subst3 r=4 r=4
-3,0,0,-336,0,0,-372,0,0,-248,0,0,-236,0,0,-44,0,0,-23,0,0,-2,0,0,1 # subst3 r=4 r=4
-648,0,0,144,0,0,-138,0,0,216,0,0,233,0,0,104,0,0,73,0,0,16,0,0,1 # subst3 r=4 r=4
7560,0,0,5070,0,0,10307,0,0,6210,0,0,2999,0,0,1170,0,0,253,0,0,26,0,0,1 # subst3 r=4 r=4
-9216,0,0,-2304,0,0,-512,0,0,128,0,0,370,0,0,140,0,0,44,0,0,11,0,0,1 # subst3 r=4 r=4
-17920,0,0,1344,0,0,-1552,0,0,-480,0,0,610,0,0,-201,0,0,73,0,0,-15,0,0,1 # subst3 r=4 r=4
-103680,0,0,44352,0,0,-33888,0,0,12504,0,0,-3176,0,0,798,0,0,-60,0,0,-9,0,0,1 # subst3 r=4 r=4
-5400,0,0,-1410,0,0,-7047,0,0,-1826,0,0,-1593,0,0,-398,0,0,50,0,0,18,0,0,1 # subst3 r=4 r=4
-1920,0,0,2926,0,0,-2128,0,0,1696,0,0,-736,0,0,237,0,0,-77,0,0,-1,0,0,1 # subst3 r=4 r=4
-6912,0,0,8256,0,0,-3712,0,0,2840,0,0,-604,0,0,161,0,0,-23,0,0,-8,0,0,1 # subst3 r=4 r=4
-2400,0,0,-1420,0,0,-2900,0,0,-1645,0,0,-499,0,0,-218,0,0,2,0,0,11,0,0,1 # subst3 r=4 r=4
6912,0,0,2304,0,0,384,0,0,320,0,0,-164,0,0,-33,0,0,-5,0,0,-4,0,0,1 # subst3 r=4 r=4
12600,0,0,-4200,0,0,2342,0,0,-1132,0,0,-139,0,0,-48,0,0,-24,0,0,4,0,0,1 # subst3 r=4 r=4
1296,0,0,1062,0,0,1479,0,0,1404,0,0,103,0,0,338,0,0,-84,0,0,-4,0,0,1 # subst3 r=4 r=4
-1080,0,0,-1038,0,0,-1353,0,0,-1331,0,0,-241,0,0,-282,0,0,33,0,0,16,0,0,1 # subst3 r=4 r=4
-1,0,0,-4410,0,0,5341,0,0,-2240,0,0,1575,0,0,-370,0,0,123,0,0,-20,0,0,1 # subst3 r=4 r=4
11520,0,0,10947,0,0,8128,0,0,4680,0,0,1820,0,0,558,0,0,131,0,0,18,0,0,1 # subst3 r=4 r=4
-4704,0,0,-3136,0,0,-3824,0,0,-2288,0,0,-798,0,0,-344,0,0,-31,0,0,8,0,0,1 # subst3 r=4 r=4
6912,0,0,1632,0,0,3048,0,0,940,0,0,14,0,0,129,0,0,-79,0,0,-1,0,0,1 # subst3 r=4 r=4
-3,0,0,-3584,0,0,-3520,0,0,-768,0,0,-816,0,0,-24,0,0,-39,0,0,2,0,0,1 # subst3 r=4 r=4
5488,0,0,2744,0,0,-1386,0,0,679,0,0,-611,0,0,33,0,0,-36,0,0,-1,0,0,1 # subst3 r=4 r=4
-2520,0,0,-1410,0,0,-1182,0,0,-602,0,0,-65,0,0,-14,0,0,19,0,0,10,0,0,1 # subst3 r=4 r=4
-3531,0,0,896,0,0,-1442,0,0,352,0,0,293,0,0,-80,0,0,68,0,0,-16,0,0,1 # subst3 r=4 r=4
-135,0,0,0,0,0,-192,0,0,0,0,0,-58,0,0,0,0,0,-4,0,0,0,0,0,1 # subst3 r=2 r=2
720,0,0,420,0,0,624,0,0,329,0,0,188,0,0,84,0,0,24,0,0,7,0,0,1 # subst3 r=2 r=2
160,0,0,72,0,0,290,0,0,126,0,0,154,0,0,63,0,0,27,0,0,9,0,0,1 # subst3 r=2 r=2
8640,0,0,-3840,0,0,4208,0,0,-1728,0,0,711,0,0,-252,0,0,49,0,0,-12,0,0,1 # subst3 r=2 r=2
-17920,0,0,0,0,0,-8106,0,0,0,0,0,-1149,0,0,0,0,0,-44,0,0,0,0,0,1 # subst3 r=2 r=2
6144,0,0,-1792,0,0,4736,0,0,-1339,0,0,960,0,0,-252,0,0,66,0,0,-14,0,0,1 # subst3 r=2 r=2
-360,0,0,48,0,0,-501,0,0,70,0,0,-145,0,0,24,0,0,-3,0,0,3,0,0,1 # subst3 r=2 r=2
-8064,0,0,-112,0,0,-6080,0,0,-86,0,0,-1138,0,0,-19,0,0,-55,0,0,-1,0,0,1 # subst3 r=2 r=2
-112,0,0,84,0,0,-128,0,0,117,0,0,-14,0,0,36,0,0,8,0,0,3,0,0,1 # subst3 r=2 r=2
-2016,0,0,756,0,0,-1170,0,0,486,0,0,-175,0,0,95,0,0,0,0,0,6,0,0,1 # subst3 r=2 r=2
672,0,0,1008,0,0,628,0,0,436,0,0,188,0,0,63,0,0,23,0,0,3,0,0,1 # subst3 r=2 r=2
1728,0,0,-1056,0,0,1463,0,0,-836,0,0,364,0,0,-176,0,0,34,0,0,-11,0,0,1 # subst3 r=2 r=2
384,0,0,315,0,0,544,0,0,400,0,0,182,0,0,85,0,0,23,0,0,5,0,0,1 # subst3 r=2 r=2
-16124,0,0,-224,0,0,-8128,0,0,-116,0,0,-1252,0,0,-19,0,0,-53,0,0,-1,0,0,1 # subst3 r=2 r=2
-504,0,0,-168,0,0,-450,0,0,-164,0,0,-98,0,0,-48,0,0,0,0,0,-4,0,0,1 # subst3 r=2 r=2
1,0,0,-588,0,0,84,0,0,-476,0,0,68,0,0,-105,0,0,15,0,0,-7,0,0,1 # subst3 r=2 r=2
1764,0,0,546,0,0,2352,0,0,715,0,0,643,0,0,180,0,0,56,0,0,13,0,0,1 # subst3 r=2 r=2
1728,0,0,480,0,0,2408,0,0,660,0,0,745,0,0,195,0,0,67,0,0,15,0,0,1 # subst3 r=2 r=2
-420,0,0,24,0,0,-653,0,0,36,0,0,-261,0,0,16,0,0,-27,0,0,2,0,0,1 # subst3 r=2 r=2
-2016,0,0,216,0,0,-1440,0,0,162,0,0,-310,0,0,43,0,0,-15,0,0,3,0,0,1 # subst3 r=2 r=2
1344,0,0,864,0,0,1160,0,0,688,0,0,300,0,0,144,0,0,30,0,0,9,0,0,1 # subst3 r=2 r=2
-210,0,0,-12,0,0,-378,0,0,-22,0,0,-199,0,0,-12,0,0,-29,0,0,-2,0,0,1 # subst3 r=2 r=2
1350,0,0,603,0,0,1265,0,0,540,0,0,369,0,0,144,0,0,39,0,0,12,0,0,1 # subst3 r=2 r=2
-512,0,0,-128,0,0,-384,0,0,-112,0,0,-56,0,0,-28,0,0,7,0,0,-2,0,0,1 # subst3 r=2 r=2
2,0,0,90,0,0,90,0,0,63,0,0,63,0,0,14,0,0,14,0,0,1,0,0,1 # subst3 r=2 r=2
315,0,0,0,0,0,318,0,0,0,0,0,116,0,0,0,0,0,18,0,0,-2,0,0,1 # subst3 r=0 r=0
600,0,0,0,0,0,490,0,0,0,0,0,149,0,0,0,0,0,17,0,0,0,0,0,1 # subst3 r=0 r=0
960,0,0,0,0,0,752,0,0,0,0,0,207,0,0,0,0,0,19,0,0,0,0,0,1 # subst3 r=0 r=0
1050,0,0,0,0,0,745,0,0,0,0,0,197,0,0,0,0,0,23,0,0,-1,0,0,1 # subst3 r=0 r=0
980,0,0,0,0,0,721,0,0,0,0,0,195,0,0,-5,0,0,23,0,0,0,0,0,1 # subst3 r=0 r=0
1200,0,0,0,0,0,825,0,0,0,0,0,213,0,0,0,0,0,24,0,0,0,0,0,1 # subst3 r=0 r=0
240,0,0,0,0,0,358,0,0,0,0,0,137,0,0,0,0,0,20,0,0,-2,0,0,1 # subst3 r=0 r=0
288,0,0,0,0,0,305,0,0,0,0,0,113,0,0,0,0,0,18,0,0,0,0,0,1 # subst3 r=0 r=0
72,0,0,-3,0,0,108,0,0,0,0,0,58,0,0,0,0,0,13,0,0,0,0,0,1 # subst3 r=0 r=0
162,0,0,0,0,0,193,0,0,0,0,0,81,0,0,0,0,0,15,0,0,0,0,0,1 # subst3 r=0 r=0
147,0,0,0,0,0,238,0,0,-1,0,0,108,0,0,0,0,0,18,0,0,0,0,0,1 # subst3 r=0 r=0
80,0,0,0,0,0,136,0,0,0,0,0,69,0,0,-2,0,0,14,0,0,0,0,0,1 # subst3 r=0 r=0
672,0,0,0,0,0,572,0,0,-3,0,0,173,0,0,0,0,0,22,0,0,0,0,0,1 # subst3 r=0 r=0
72,0,0,0,0,0,102,0,0,0,0,0,53,0,0,0,0,0,12,0,0,5,0,0,1 # subst3 r=0 r=0
288,0,0,0,0,0,300,0,0,0,0,0,113,0,0,3,0,0,18,0,0,0,0,0,1 # subst3 r=0 r=0
504,0,0,0,0,0,450,0,0,0,0,0,145,0,0,0,0,0,15,0,0,0,0,0,1 # subst3 r=0 r=0
300,0,0,0,0,0,320,0,0,0,0,0,117,0,0,0,0,0,23,0,0,0,0,0,1 # subst3 r=0 r=0
576,0,0,0,0,0,552,0,0,1,0,0,172,0,0,0,0,0,22,0,0,0,0,0,1 # subst3 r=0 r=0
126,0,0,0,0,0,207,0,0,0,0,0,97,0,0,0,0,0,17,0,0,-1,0,0,1 # subst3 r=0 r=0
144,0,0,0,0,0,186,0,0,0,0,0,82,0,0,0,0,0,16,0,0,0,0,0,1 # subst3 r=0 r=0
144,0,0,0,0,0,180,0,0,0,0,0,80,0,0,0,0,0,11,0,0,0,0,0,1 # subst3 r=0 r=0
48,0,0,0,0,0,80,0,0,0,0,0,48,0,0,0,0,0,7,0,0,0,0,0,1 # subst3 r=0 r=0
40,0,0,0,0,0,78,0,0,0,0,0,49,0,0,-2,0,0,12,0,0,0,0,0,1 # subst3 r=0 r=0
60,0,0,-2,0,0,107,0,0,0,0,0,59,0,0,0,0,0,13,0,0,0,0,0,1 # subst3 r=0 r=0
250,0,0,0,0,0,278,0,0,0,0,0,105,0,0,0,0,0,17,0,0,0,0,0,1 # subst3 r=0 r=0
21600,0,0,0,-28684,0,0,0,14692,0,0,0,-3774,0,0,0,517,0,0,0,-36,0,0,0,1 # subst4 pos=6 r=12
60482,0,0,0,-60216,0,0,0,24574,0,0,0,-5265,0,0,0,625,0,0,0,-39,0,0,0,1 # subst4 pos=6 r=12
13440,0,0,0,-23983,0,0,0,13764,0,0,0,-3700,0,0,0,515,0,0,0,-36,0,0,0,1 # subst4 pos=6 r=12
3840,0,0,0,-8224,0,0,0,6188,0,0,0,-2140,0,0,0,370,0,0,0,-31,0,0,0,1 # subst4 pos=6 r=12
22679,0,0,0,-27306,0,0,0,13329,0,0,0,-3380,0,0,0,470,0,0,0,-34,0,0,0,1 # subst4 pos=6 r=12
2880,0,0,0,-6410,0,0,0,5092,0,0,0,-1878,0,0,0,343,0,0,0,-30,0,0,0,1 # subst4 pos=6 r=12
3358,0,0,0,-7172,0,0,0,5380,0,0,0,-1871,0,0,0,331,0,0,0,-29,0,0,0,1 # subst4 pos=6 r=12
20155,0,0,0,-34856,0,0,0,18834,0,0,0,-4705,0,0,0,605,0,0,0,-39,0,0,0,1 # subst4 pos=6 r=12
6720,0,0,0,-13110,0,0,0,8694,0,0,0,-2695,0,0,0,425,0,0,0,-33,0,0,0,1 # subst4 pos=6 r=12
3360,0,0,0,-7173,0,0,0,5380,0,0,0,-1871,0,0,0,331,0,0,0,-29,0,0,0,1 # subst4 pos=6 r=12
67203,0,0,0,-66160,0,0,0,26644,0,0,0,-5620,0,0,0,655,0,0,0,-40,0,0,0,1 # subst4 pos=6 r=12
8400,0,0,0,-15967,0,0,0,10153,0,0,0,-3004,0,0,0,454,0,0,0,-34,0,0,0,1 # subst4 pos=6 r=12
9600,0,0,0,-17683,0,0,0,10732,0,0,0,-3076,0,0,0,457,0,0,0,-34,0,0,0,1 # subst4 pos=6 r=12
75604,0,0,0,-73380,0,0,0,29072,0,0,0,-6019,0,0,0,687,0,0,0,-41,0,0,0,1 # subst4 pos=6 r=12
3240,0,0,0,-7166,0,0,0,5634,0,0,0,-2045,0,0,0,365,0,0,0,-31,0,0,0,1 # subst4 pos=6 r=12
1920,0,0,0,-4437,0,0,0,3724,0,0,0,-1480,0,0,0,295,0,0,0,-28,0,0,0,1 # subst4 pos=6 r=12
1444,0,0,0,-3384,0,0,0,2924,0,0,0,-1210,0,0,0,255,0,0,0,-26,0,0,0,1 # subst4 pos=6 r=12
75596,0,0,0,-76530,0,0,0,30817,0,0,0,-6372,0,0,0,718,0,0,0,-42,0,0,0,1 # subst4 pos=6 r=12
45363,0,0,0,-50076,0,0,0,22104,0,0,0,-5005,0,0,0,615,0,0,0,-39,0,0,0,1 # subst4 pos=6 r=12
30236,0,0,0,-39684,0,0,0,19696,0,0,0,-4773,0,0,0,607,0,0,0,-39,0,0,0,1 # subst4 pos=6 r=12
6721,0,0,0,-12664,0,0,0,8014,0,0,0,-2425,0,0,0,385,0,0,0,-31,0,0,0,1 # subst4 pos=6 r=12
8400,0,0,0,-15968,0,0,0,10153,0,0,0,-3004,0,0,0,454,0,0,0,-34,0,0,0,1 # subst4 pos=6 r=12
3355,0,0,0,-7172,0,0,0,5380,0,0,0,-1871,0,0,0,331,0,0,0,-29,0,0,0,1 # subst4 pos=6 r=12
10798,0,0,0,-19740,0,0,0,11816,0,0,0,-3325,0,0,0,483,0,0,0,-35,0,0,0,1 # subst4 pos=6 r=12
12099,0,0,0,-21720,0,0,0,12614,0,0,0,-3445,0,0,0,489,0,0,0,-35,0,0,0,1 # subst4 pos=6 r=12
8640,0,0,0,-6648,0,0,0,2867,0,0,0,-1031,0,0,0,231,0,0,0,-25,0,0,0,1 # subst4 pos=4 r=8
4200,0,0,0,-3711,0,0,0,1769,0,0,0,-684,0,0,0,174,0,0,0,-22,0,0,0,1 # subst4 pos=4 r=8
4,0,0,0,-840,0,0,0,498,0,0,0,-236,0,0,0,89,0,0,0,-16,0,0,0,1 # subst4 pos=4 r=8
293,0,0,0,-360,0,0,0,304,0,0,0,-210,0,0,0,82,0,0,0,-15,0,0,0,1 # subst4 pos=4 r=8
3360,0,0,0,-2135,0,0,0,2182,0,0,0,-1118,0,0,0,253,0,0,0,-26,0,0,0,1 # subst4 pos=4 r=8
3,0,0,0,-120,0,0,0,94,0,0,0,-84,0,0,0,49,0,0,0,-12,0,0,0,1 # subst4 pos=4 r=8
216,0,0,0,-417,0,0,0,314,0,0,0,-165,0,0,0,69,0,0,0,-15,0,0,0,1 # subst4 pos=4 r=8
210,0,0,0,-352,0,0,0,277,0,0,0,-207,0,0,0,88,0,0,0,-16,0,0,0,1 # subst4 pos=4 r=8
3,0,0,0,-480,0,0,0,588,0,0,0,-194,0,0,0,104,0,0,0,-19,0,0,0,1 # subst4 pos=4 r=8
4480,0,0,0,-3893,0,0,0,2144,0,0,0,-1080,0,0,0,260,0,0,0,-27,0,0,0,1 # subst4 pos=4 r=8
861,0,0,0,-1320,0,0,0,748,0,0,0,-410,0,0,0,137,0,0,0,-20,0,0,0,1 # subst4 pos=4 r=8
672,0,0,0,-717,0,0,0,592,0,0,0,-394,0,0,0,130,0,0,0,-19,0,0,0,1 # subst4 pos=4 r=8
2,0,0,0,-1080,0,0,0,471,0,0,0,-426,0,0,0,160,0,0,0,-22,0,0,0,1 # subst4 pos=4 r=8
1260,0,0,0,-1776,0,0,0,1002,0,0,0,-664,0,0,0,198,0,0,0,-24,0,0,0,1 # subst4 pos=4 r=8
34564,0,0,0,-17376,0,0,0,7552,0,0,0,-2436,0,0,0,412,0,0,0,-33,0,0,0,1 # subst4 pos=4 r=8
1400,0,0,0,-2020,0,0,0,1062,0,0,0,-597,0,0,0,181,0,0,0,-23,0,0,0,1 # subst4 pos=4 r=8
6720,0,0,0,-4827,0,0,0,2386,0,0,0,-948,0,0,0,217,0,0,0,-24,0,0,0,1 # subst4 pos=4 r=8
2156,0,0,0,-3192,0,0,0,1462,0,0,0,-567,0,0,0,157,0,0,0,-21,0,0,0,1 # subst4 pos=4 r=8
481,0,0,0,-756,0,0,0,487,0,0,0,-306,0,0,0,112,0,0,0,-18,0,0,0,1 # subst4 pos=4 r=8
1150,0,0,0,-1440,0,0,0,784,0,0,0,-300,0,0,0,88,0,0,0,-15,0,0,0,1 # subst4 pos=4 r=8
12965,0,0,0,-6516,0,0,0,5532,0,0,0,-2271,0,0,0,407,0,0,0,-33,0,0,0,1 # subst4 pos=4 r=8
2100,0,0,0,-1945,0,0,0,1074,0,0,0,-484,0,0,0,136,0,0,0,-19,0,0,0,1 # subst4 pos=4 r=8
198,0,0,0,-240,0,0,0,105,0,0,0,-78,0,0,0,18,0,0,0,-6,0,0,0,1 # subst4 pos=2 r=4
2000,0,0,0,-600,0,0,0,690,0,0,0,-195,0,0,0,64,0,0,0,-15,0,0,0,1 # subst4 pos=2 r=4
192,0,0,0,-112,0,0,0,112,0,0,0,-61,0,0,0,20,0,0,0,-7,0,0,0,1 # subst4 pos=2 r=4
2799,0,0,0,-630,0,0,0,995,0,0,0,-216,0,0,0,92,0,0,0,-18,0,0,0,1 # subst4 pos=2 r=4
576,0,0,0,-264,0,0,0,264,0,0,0,-105,0,0,0,34,0,0,0,-11,0,0,0,1 # subst4 pos=2 r=4
351,0,0,0,-385,0,0,0,155,0,0,0,-132,0,0,0,22,0,0,0,-11,0,0,0,1 # subst4 pos=2 r=4
140,0,0,0,-160,0,0,0,84,0,0,0,-72,0,0,0,16,0,0,0,-8,0,0,0,1 # subst4 pos=2 r=4
3,0,0,0,-81,0,0,0,9,0,0,0,-54,0,0,0,6,0,0,0,-9,0,0,0,1 # subst4 pos=2 r=4
120,0,0,0,-72,0,0,0,94,0,0,0,-49,0,0,0,19,0,0,0,-7,0,0,0,1 # subst4 pos=2 r=4
2003,0,0,0,-600,0,0,0,690,0,0,0,-195,0,0,0,63,0,0,0,-15,0,0,0,1 # subst4 pos=2 r=4
600,0,0,0,-180,0,0,0,362,0,0,0,-106,0,0,0,57,0,0,0,-15,0,0,0,1 # subst4 pos=2 r=4
576,0,0,0,-331,0,0,0,216,0,0,0,-98,0,0,0,26,0,0,0,-7,0,0,0,1 # subst4 pos=2 r=4
56,0,0,0,-84,0,0,0,50,0,0,0,-33,0,0,0,13,0,0,0,-7,0,0,0,1 # subst4 pos=2 r=4
675,0,0,0,-215,0,0,0,375,0,0,0,-112,0,0,0,53,0,0,0,-14,0,0,0,1 # subst4 pos=2 r=4
350,0,0,0,-85,0,0,0,425,0,0,0,-99,0,0,0,76,0,0,0,-17,0,0,0,1 # subst4 pos=2 r=4
360,0,0,0,-192,0,0,0,189,0,0,0,-84,0,0,0,26,0,0,0,-8,0,0,0,1 # subst4 pos=2 r=4
48,0,0,0,-72,0,0,0,46,0,0,0,-36,0,0,0,13,0,0,0,-3,0,0,0,1 # subst4 pos=2 r=4
360,0,0,0,-192,0,0,0,189,0,0,0,-86,0,0,0,26,0,0,0,-8,0,0,0,1 # subst4 pos=2 r=4
1120,0,0,0,-499,0,0,0,356,0,0,0,-135,0,0,0,35,0,0,0,-9,0,0,0,1 # subst4 pos=2 r=4
2160,0,0,0,-600,0,0,0,740,0,0,0,-195,0,0,0,67,0,0,0,-15,0,0,0,1 # subst4 pos=2 r=4
672,0,0,0,-278,0,0,0,292,0,0,0,-110,0,0,0,35,0,0,0,-10,0,0,0,1 # subst4 pos=2 r=4
2058,0,0,0,-637,0,0,0,637,0,0,0,-182,0,0,0,55,0,0,0,-13,0,0,0,1 # subst4 pos=2 r=4
1260,0,0,0,-392,0,0,0,523,0,0,0,-154,0,0,0,52,0,0,0,-14,0,0,0,1 # subst4 pos=2 r=4
720,0,0,0,-440,0,0,0,274,0,0,0,-143,0,0,0,31,0,0,0,-14,0,0,0,1 # subst4 pos=2 r=4
1080,0,0,0,-392,0,0,0,396,0,0,0,-132,0,0,0,42,0,0,0,-11,0,0,0,1 # subst4 pos=2 r=4
6,0,0,0,0,0,0,0,12,0,0,0,0,0,0,0,6,0,0,0,0,0,0,0,1 # subst4 pos=0 r=0
18,0,0,0,0,0,0,0,30,0,0,0,0,0,0,0,10,0,0,0,0,0,0,0,1 # subst4 pos=0 r=0
24,0,0,0,3,0,0,0,34,0,0,0,0,0,0,0,11,0,0,0,0,0,0,0,1 # subst4 pos=0 r=0
24,0,0,0,-3,0,0,0,28,0,0,0,0,0,0,0,10,0,0,0,0,0,0,0,1 # subst4 pos=0 r=0
8,0,0,0,0,0,0,0,7,0,0,0,0,0,0,0,6,0,0,0,0,0,0,0,1 # subst4 pos=0 r=0
28,0,0,0,3,0,0,0,39,0,0,0,0,0,0,0,12,0,0,0,0,0,0,0,1 # subst4 pos=0 r=0
84,0,0,0,0,0,0,0,68,0,0,0,0,0,0,0,11,0,0,0,0,0,0,0,1 # subst4 pos=0 r=0
48,0,0,0,0,0,0,0,62,0,0,0,-3,0,0,0,15,0,0,0,0,0,0,0,1 # subst4 pos=0 r=0
105,0,0,0,0,0,0,0,69,0,0,0,0,0,0,0,15,0,0,0,0,0,0,0,1 # subst4 pos=0 r=0
112,0,0,0,0,0,0,0,72,0,0,0,0,0,0,0,12,0,0,0,0,0,0,0,1 # subst4 pos=0 r=0
105,0,0,0,0,0,0,0,71,0,0,0,3,0,0,0,15,0,0,0,0,0,0,0,1 # subst4 pos=0 r=0
126,0,0,0,0,0,0,0,81,0,0,0,0,0,0,0,16,0,0,0,1,0,0,0,1 # subst4 pos=0 r=0
24,0,0,0,0,0,0,0,34,0,0,0,0,0,0,0,8,0,0,0,0,0,0,0,1 # subst4 pos=0 r=0
30,0,0,0,0,0,0,0,32,0,0,0,0,0,0,0,10,0,0,0,0,0,0,0,1 # subst4 pos=0 r=0
25,0,0,0,0,0,0,0,39,0,0,0,0,0,0,0,12,0,0,0,0,0,0,0,1 # subst4 pos=0 r=0
12,0,0,0,0,0,0,0,11,0,0,0,0,0,0,0,7,0,0,0,0,0,0,0,1 # subst4 pos=0 r=0
120,0,0,0,0,0,0,0,84,0,0,0,0,0,0,0,16,0,0,0,0,0,0,0,1 # subst4 pos=0 r=0
384,0,0,0,0,0,0,0,160,0,0,0,-3,0,0,0,22,0,0,0,0,0,0,0,1 # subst4 pos=0 r=0
145,0,0,0,0,0,0,0,90,0,0,0,0,0,0,0,17,0,0,0,0,0,0,0,1 # subst4 pos=0 r=0
18,0,0,0,0,0,0,0,21,0,0,0,0,0,0,0,8,0,0,0,5,0,0,0,1 # subst4 pos=0 r=0
280,0,0,0,0,0,0,0,131,0,0,0,0,0,0,0,25,0,0,0,0,0,0,0,1 # subst4 pos=0 r=0
45,0,0,0,-4,0,0,0,39,0,0,0,0,0,0,0,11,0,0,0,0,0,0,0,1 # subst4 pos=0 r=0
72,0,0,0,0,0,0,0,54,0,0,0,0,0,0,0,17,0,0,0,0,0,0,0,1 # subst4 pos=0 r=0
36,0,0,0,0,0,0,0,36,0,0,0,4,0,0,0,11,0,0,0,0,0,0,0,1 # subst4 pos=0 r=0
210,0,0,0,-3,0,0,0,107,0,0,0,0,0,0,0,18,0,0,0,0,0,0,0,1 # subst4 pos=0 r=0
115,0,0,0,0,0,-198,0,0,0,0,0,103,0,0,0,0,0,-18,0,0,0,0,0,1 # subst6 pos=4 r=8
629,0,0,0,0,0,-601,0,0,0,0,0,185,0,0,0,0,0,-23,0,0,0,0,0,1 # subst6 pos=4 r=8
145,0,0,0,0,0,-223,0,0,0,0,0,99,0,0,0,0,0,-17,0,0,0,0,0,1 # subst6 pos=4 r=8
480,0,0,0,0,0,-489,0,0,0,0,0,164,0,0,0,0,0,-22,0,0,0,0,0,1 # subst6 pos=4 r=8
700,0,0,0,0,0,-657,0,0,0,0,0,199,0,0,0,0,0,-24,0,0,0,0,0,1 # subst6 pos=4 r=8
1438,0,0,0,0,0,-988,0,0,0,0,0,245,0,0,0,0,0,-26,0,0,0,0,0,1 # subst6 pos=4 r=8
320,0,0,0,0,0,-475,0,0,0,0,0,174,0,0,0,0,0,-23,0,0,0,0,0,1 # subst6 pos=4 r=8
861,0,0,0,0,0,-780,0,0,0,0,0,220,0,0,0,0,0,-25,0,0,0,0,0,1 # subst6 pos=4 r=8
1054,0,0,0,0,0,-815,0,0,0,0,0,221,0,0,0,0,0,-25,0,0,0,0,0,1 # subst6 pos=4 r=8
637,0,0,0,0,0,-624,0,0,0,0,0,196,0,0,0,0,0,-24,0,0,0,0,0,1 # subst6 pos=4 r=8
542,0,0,0,0,0,-483,0,0,0,0,0,155,0,0,0,0,0,-21,0,0,0,0,0,1 # subst6 pos=4 r=8
1295,0,0,0,0,0,-954,0,0,0,0,0,243,0,0,0,0,0,-26,0,0,0,0,0,1 # subst6 pos=4 r=8
480,0,0,0,0,0,-487,0,0,0,0,0,164,0,0,0,0,0,-22,0,0,0,0,0,1 # subst6 pos=4 r=8
48,0,0,0,0,0,-94,0,0,0,0,0,60,0,0,0,0,0,-14,0,0,0,0,0,1 # subst6 pos=4 r=8
720,0,0,0,0,0,-613,0,0,0,0,0,184,0,0,0,0,0,-23,0,0,0,0,0,1 # subst6 pos=4 r=8
809,0,0,0,0,0,-657,0,0,0,0,0,189,0,0,0,0,0,-23,0,0,0,0,0,1 # subst6 pos=4 r=8
160,0,0,0,0,0,-276,0,0,0,0,0,131,0,0,0,0,0,-21,0,0,0,0,0,1 # subst6 pos=4 r=8
282,0,0,0,0,0,-306,0,0,0,0,0,115,0,0,0,0,0,-18,0,0,0,0,0,1 # subst6 pos=4 r=8
320,0,0,0,0,0,-458,0,0,0,0,0,164,0,0,0,0,0,-22,0,0,0,0,0,1 # subst6 pos=4 r=8
212,0,0,0,0,0,-317,0,0,0,0,0,125,0,0,0,0,0,-19,0,0,0,0,0,1 # subst6 pos=4 r=8
400,0,0,0,0,0,-415,0,0,0,0,0,148,0,0,0,0,0,-21,0,0,0,0,0,1 # subst6 pos=4 r=8
1350,0,0,0,0,0,-1010,0,0,0,0,0,257,0,0,0,0,0,-27,0,0,0,0,0,1 # subst6 pos=4 r=8
631,0,0,0,0,0,-531,0,0,0,0,0,161,0,0,0,0,0,-21,0,0,0,0,0,1 # subst6 pos=4 r=8
241,0,0,0,0,0,-284,0,0,0,0,0,116,0,0,0,0,0,-19,0,0,0,0,0,1 # subst6 pos=4 r=8
538,0,0,0,0,0,-564,0,0,0,0,0,191,0,0,0,0,0,-24,0,0,0,0,0,1 # subst6 pos=4 r=8
157,0,0,0,0,0,-72,0,0,0,0,0,28,0,0,0,0,0,-9,0,0,0,0,0,1 # subst6 pos=2 r=4
80,0,0,0,0,0,-48,0,0,0,0,0,23,0,0,0,0,0,-12,0,0,0,0,0,1 # subst6 pos=2 r=4
115,0,0,0,0,0,-54,0,0,0,0,0,26,0,0,0,0,0,-9,0,0,0,0,0,1 # subst6 pos=2 r=4
160,0,0,0,0,0,-52,0,0,0,0,0,44,0,0,0,0,0,-14,0,0,0,0,0,1 # subst6 pos=2 r=4
216,0,0,0,0,0,-75,0,0,0,0,0,42,0,0,0,0,0,-13,0,0,0,0,0,1 # subst6 pos=2 r=4
128,0,0,0,0,0,-85,0,0,0,0,0,24,0,0,0,0,0,-10,0,0,0,0,0,1 # subst6 pos=2 r=4
297,0,0,0,0,0,-80,0,0,0,0,0,65,0,0,0,0,0,-16,0,0,0,0,0,1 # subst6 pos=2 r=4
90,0,0,0,0,0,-33,0,0,0,0,0,33,0,0,0,0,0,-16,0,0,0,0,0,1 # subst6 pos=2 r=4
70,0,0,0,0,0,-44,0,0,0,0,0,19,0,0,0,0,0,-9,0,0,0,0,0,1 # subst6 pos=2 r=4
16,0,0,0,0,0,-24,0,0,0,0,0,11,0,0,0,0,0,-3,0,0,0,0,0,1 # subst6 pos=2 r=4
28,0,0,0,0,0,-32,0,0,0,0,0,11,0,0,0,0,0,-13,0,0,0,0,0,1 # subst6 pos=2 r=4
420,0,0,0,0,0,-101,0,0,0,0,0,76,0,0,0,0,0,-17,0,0,0,0,0,1 # subst6 pos=2 r=4
562,0,0,0,0,0,-126,0,0,0,0,0,87,0,0,0,0,0,-18,0,0,0,0,0,1 # subst6 pos=2 r=4
2,0,0,0,0,0,-28,0,0,0,0,0,4,0,0,0,0,0,-7,0,0,0,0,0,1 # subst6 pos=2 r=4
25,0,0,0,0,0,-10,0,0,0,0,0,22,0,0,0,0,0,-10,0,0,0,0,0,1 # subst6 pos=2 r=4
30,0,0,0,0,0,-13,0,0,0,0,0,36,0,0,0,0,0,-13,0,0,0,0,0,1 # subst6 pos=2 r=4
225,0,0,0,0,0,-88,0,0,0,0,0,36,0,0,0,0,0,-11,0,0,0,0,0,1 # subst6 pos=2 r=4
116,0,0,0,0,0,-44,0,0,0,0,0,34,0,0,0,0,0,-11,0,0,0,0,0,1 # subst6 pos=2 r=4
110,0,0,0,0,0,-56,0,0,0,0,0,22,0,0,0,0,0,-8,0,0,0,0,0,1 # subst6 pos=2 r=4
178,0,0,0,0,0,-60,0,0,0,0,0,40,0,0,0,0,0,-12,0,0,0,0,0,1 # subst6 pos=2 r=4
160,0,0,0,0,0,-54,0,0,0,0,0,44,0,0,0,0,0,-14,0,0,0,0,0,1 # subst6 pos=2 r=4
32,0,0,0,0,0,-37,0,0,0,0,0,12,0,0,0,0,0,-9,0,0,0,0,0,1 # subst6 pos=2 r=4
445,0,0,0,0,0,-112,0,0,0,0,0,70,0,0,0,0,0,-16,0,0,0,0,0,1 # subst6 pos=2 r=4
180,0,0,0,0,0,-79,0,0,0,0,0,36,0,0,0,0,0,-13,0,0,0,0,0,1 # subst6 pos=2 r=4
3,0,0,0,0,0,-70,0,0,0,0,0,7,0,0,0,0,0,-10,0,0,0,0,0,1 # subst6 pos=2 r=4
32,0,0,0,0,0,2,0,0,0,0,0,12,0,0,0,0,0,0,0,0,0,0,0,1 # subst6 pos=0 r=0
8,0,0,0,0,0,0,0,0,0,0,0,11,0,0,0,0,0,0,0,0,0,0,0,1 # subst6 pos=0 r=0
12,0,0,0,0,0,0,0,0,0,0,0,10,0,0,0,0,0,0,0,0,0,0,0,1 # subst6 pos=0 r=0
42,0,0,0,0,0,0,0,0,0,0,0,13,0,0,0,0,0,4,0,0,0,0,0,1 # subst6 pos=0 r=0
21,0,0,0,0,0,-4,0,0,0,0,0,10,0,0,0,0,0,0,0,0,0,0,0,1 # subst6 pos=0 r=0
24,0,0,0,0,0,0,0,0,0,0,0,11,0,0,0,0,0,-2,0,0,0,0,0,1 # subst6 pos=0 r=0
14,0,0,0,0,0,0,0,0,0,0,0,9,0,0,0,0,0,-3,0,0,0,0,0,1 # subst6 pos=0 r=0
16,0,0,0,0,0,0,0,0,0,0,0,10,0,0,0,0,0,1,0,0,0,0,0,1 # subst6 pos=0 r=0
47,0,0,0,0,0,0,0,0,0,0,0,13,0,0,0,0,0,0,0,0,0,0,0,1 # subst6 pos=0 r=0
12,0,0,0,0,0,-2,0,0,0,0,0,7,0,0,0,0,0,0,0,0,0,0,0,1 # subst6 pos=0 r=0
48,0,0,0,0,0,0,0,0,0,0,0,10,0,0,0,0,0,0,0,0,0,0,0,1 # subst6 pos=0 r=0
20,0,0,0,0,0,-3,0,0,0,0,0,9,0,0,0,0,0,0,0,0,0,0,0,1 # subst6 pos=0 r=0
46,0,0,0,0,0,0,0,0,0,0,0,14,0,0,0,0,0,0,0,0,0,0,0,1 # subst6 pos=0 r=0
15,0,0,0,0,0,4,0,0,0,0,0,8,0,0,0,0,0,0,0,0,0,0,0,1 # subst6 pos=0 r=0
23,0,0,0,0,0,0,0,0,0,0,0,11,0,0,0,0,0,0,0,0,0,0,0,1 # subst6 pos=0 r=0
40,0,0,0,0,0,0,0,0,0,0,0,13,0,0,0,0,0,-5,0,0,0,0,0,1 # subst6 pos=0 r=0
6,0,0,0,0,0,4,0,0,0,0,0,5,0,0,0,0,0,0,0,0,0,0,0,1 # subst6 pos=0 r=0
21,0,0,0,0,0,-3,0,0,0,0,0,10,0,0,0,0,0,0,0,0,0,0,0,1 # subst6 pos=0 r=0
6,0,0,0,0,0,0,0,0,0,0,0,7,0,0,0,0,0,4,0,0,0,0,0,1 # subst6 pos=0 r=0
12,0,0,0,0,0,3,0,0,0,0,0,7,0,0,0,0,0,0,0,0,0,0,0,1 # subst6 pos=0 r=0
6,0,0,0,0,0,0,0,0,0,0,0,9,0,0,0,0,0,0,0,0,0,0,0,1 # subst6 pos=0 r=0
5,0,0,0,0,0,0,0,0,0,0,0,6,0,0,0,0,0,-3,0,0,0,0,0,1 # subst6 pos=0 r=0
12,0,0,0,0,0,0,0,0,0,0,0,7,0,0,0,0,0,-4,0,0,0,0,0,1 # subst6 pos=0 r=0
35,0,0,0,0,0,0,0,0,0,0,0,12,0,0,0,0,0,5,0,0,0,0,0,1 # subst6 pos=0 r=0
1218400444800,0,-2375860455362,0,1648088210376,0,-613218709476,0,142669377762,0,-22344281503,0,2445218537,0,-189852075,0,10434537,0,-397437,0,9987,0,-149,0,1 # subst2 pos=12 r=24
50667724800,0,-128083307515,0,126730726144,0,-66933097024,0,21590118576,0,-4570862480,0,660643472,0,-66366552,0,4634573,0,-220700,0,6834,0,-124,0,1 # subst2 pos=12 r=24
4619317248,0,-13316431104,0,15692346139,0,-10181018664,0,4102085540,0,-1091675302,0,198239297,0,-24898932,0,2157411,0,-126294,0,4759,0,-104,0,1 # subst2 pos=12 r=24
243797299198,0,-423086319360,0,314693690464,0,-134160640472,0,36784344372,0,-6869987794,0,899818373,0,-83548740,0,5472587,0,-247186,0,7323,0,-128,0,1 # subst2 pos=12 r=24
384943104000,0,-645097651204,0,461109692160,0,-188469872448,0,49506650224,0,-8860788336,0,1113306368,0,-99304560,0,6259605,0,-272604,0,7802,0,-132,0,1 # subst2 pos=12 r=24
5031935995,0,-14461516800,0,16971162240,0,-10953707072,0,4386327528,0,-1159177932,0,208888922,0,-26023833,0,2235981,0,-129778,0,4848,0,-105,0,1 # subst2 pos=12 r=24
100566385921,0,-229898107872,0,201664941768,0,-95727145884,0,28278816890,0,-5578723255,0,762407033,0,-73299771,0,4947969,0,-229653,0,6979,0,-125,0,1 # subst2 pos=12 r=24
188561973600,0,-427542121800,0,368829281125,0,-170072215758,0,48177916049,0,-9016394176,0,1159611284,0,-104344188,0,6569910,0,-283944,0,8032,0,-134,0,1 # subst2 pos=12 r=24
212357376000,0,-476221737600,0,405064397757,0,-184485841336,0,51783349756,0,-9624636410,0,1230559385,0,-110062428,0,6881643,0,-294890,0,8255,0,-136,0,1 # subst2 pos=12 r=24
12541132800,0,-32091863040,0,32918697214,0,-18666601344,0,6653083632,0,-1589194592,0,262927832,0,-30529080,0,2479527,0,-137838,0,4992,0,-106,0,1 # subst2 pos=12 r=24
609493248000,0,-863863084800,0,548124108480,0,-205936331725,0,51039295228,0,-8792701508,0,1079837177,0,-95272602,0,5994411,0,-262352,0,7583,0,-130,0,1 # subst2 pos=12 r=24
860461056000,0,-1289659622400,0,846345375363,0,-322178306784,0,79407994952,0,-13382769694,0,1585428221,0,-133373616,0,7927407,0,-325446,0,8779,0,-140,0,1 # subst2 pos=12 r=24
846874828796,0,-1211055321600,0,760223155392,0,-278515876512,0,66665686036,0,-11030707920,0,1298274431,0,-109825956,0,6642663,0,-280680,0,7877,0,-132,0,1 # subst2 pos=12 r=24
100566385920,0,-235844294976,0,213758068464,0,-104509885404,0,31539658756,0,-6295023119,0,862232027,0,-82386567,0,5487423,0,-249801,0,7409,0,-129,0,1 # subst2 pos=12 r=24
33210777601,0,-77642542080,0,70859544192,0,-35662437376,0,11343284440,0,-2439333788,0,367095182,0,-39199785,0,2961249,0,-154862,0,5336,0,-109,0,1 # subst2 pos=12 r=24
888330240000,0,-1392681600000,0,923685264000,0,-349560400800,0,85037172017,0,-14113979600,0,1647480400,0,-136813210,0,8047583,0,-327850,0,8800,0,-140,0,1 # subst2 pos=12 r=24
1111523212800,0,-1550695013280,0,951828233724,0,-341770171894,0,80287900721,0,-13042492880,0,1506276932,0,-124887168,0,7391478,0,-305040,0,8344,0,-136,0,1 # subst2 pos=12 r=24
4302305280,0,-12349456128,0,14475669120,0,-9338120016,0,3742711380,0,-992312584,0,180009920,0,-22673733,0,1979793,0,-117438,0,4510,0,-101,0,1 # subst2 pos=12 r=24
96698448000,0,-187562671200,0,156533260680,0,-74589962446,0,22679944139,0,-4651672790,0,662152574,0,-66134514,0,4614660,0,-220050,0,6826,0,-124,0,1 # subst2 pos=12 r=24
269460172800,0,-448734746880,0,320297412384,0,-131690307864,0,35067182272,0,-6410622410,0,828541697,0,-76528512,0,5026323,0,-229410,0,6919,0,-124,0,1 # subst2 pos=12 r=24
223480857605,0,-397902695040,0,302293909248,0,-130784760632,0,36200581420,0,-6800791114,0,893966513,0,-83195220,0,5458059,0,-246826,0,7319,0,-128,0,1 # subst2 pos=12 r=24
73329656400,0,-182038076640,0,175675352712,0,-90100682408,0,28176780361,0,-5777630925,0,808018196,0,-78476664,0,5295438,0,-243640,0,7292,0,-128,0,1 # subst2 pos=12 r=24
30795448315,0,-83411444736,0,90138491136,0,-52326607296,0,18415863856,0,-4188246048,0,638435048,0,-66455028,0,4735023,0,-227166,0,7016,0,-126,0,1 # subst2 pos=12 r=24
30083961600,0,-79304161440,0,82842306088,0,-46426879516,0,15862305906,0,-3542706513,0,537745529,0,-56481663,0,4106393,0,-202745,0,6483,0,-121,0,1 # subst2 pos=12 r=24
49268736000,0,-98705433600,0,85609647360,0,-42649672896,0,13633604976,0,-2954254964,0,446131520,0,-47427288,0,3530973,0,-179940,0,5970,0,-116,0,1 # subst2 pos=12 r=24
148987238400,0,-273870702720,0,215666730928,0,-96897393662,0,27851831736,0,-5427231560,0,738803099,0,-71090412,0,4816163,0,-224720,0,6873,0,-124,0,1 # subst2 pos=12 r=24
530044010496,0,-859863610366,0,592277434752,0,-232949991808,0,58930191784,0,-10181272364,0,1238842346,0,-107425509,0,6610269,0,-282218,0,7952,0,-133,0,1 # subst2 pos=12 r=24
411407942400,0,-648818573040,0,450372032172,0,-182115258732,0,47827853961,0,-8604638683,0,1088959836,0,-97840336,0,6205438,0,-271480,0,7792,0,-132,0,1 # subst2 pos=12 r=24
138997555200,0,-314130700800,0,270788194368,0,-125787211344,0,36247034732,0,-6957482200,0,923296044,0,-86067877,0,5627413,0,-252850,0,7438,0,-129,0,1 # subst2 pos=12 r=24
230965862400,0,-492597158400,0,393420153024,0,-170759327332,0,46488429412,0,-8511722976,0,1085644643,0,-97825500,0,6208647,0,-271584,0,7793,0,-132,0,1 # subst2 pos=12 r=24
201132771840,0,-443314502496,0,368355635676,0,-164138558810,0,45345837401,0,-8359334188,0,1068602828,0,-96303258,0,6110958,0,-267516,0,7696,0,-131,0,1 # subst2 pos=12 r=24
552738816000,0,-834972364800,0,554994224640,0,-215231294592,0,54383507296,0,-9455145957,0,1162411340,0,-102022326,0,6356103,0,-274590,0,7820,0,-132,0,1 # subst2 pos=12 r=24
109175040000,0,-251767440000,0,223263864000,0,-106916095800,0,31724670633,0,-6254098506,0,849771973,0,-80854292,0,5380163,0,-245354,0,7307,0,-128,0,1 # subst2 pos=12 r=24
46531584000,0,-107721100800,0,96878871360,0,-47888015709,0,14916152620,0,-3132162192,0,458937941,0,-47576034,0,3478659,0,-175548,0,5819,0,-114,0,1 # subst2 pos=12 r=24
212838912000,0,-397324972800,0,316533605920,0,-142823864848,0,40817397306,0,-7819950640,0,1035062705,0,-95859519,0,6194993,0,-273665,0,7875,0,-133,0,1 # subst2 pos=12 r=24
544419532800,0,-837946425600,0,566519358528,0,-222819691824,0,56888543676,0,-9953297622,0,1226410229,0,-107470542,0,6661923,0,-285480,0,8043,0,-134,0,1 # subst2 pos=12 r=24
2844301824000,0,-3606408825600,0,2031822839840,0,-673641598893,0,146621439242,0,-22106709429,0,2371257881,0,-182598297,0,10032817,0,-384111,0,9739,0,-147,0,1 # subst2 pos=12 r=24
1183133952000,0,-1778958633600,0,1127248908480,0,-408533615544,0,95631580269,0,-15360395386,0,1745404373,0,-141910656,0,8216451,0,-331074,0,8827,0,-140,0,1 # subst2 pos=12 r=24
159629184000,0,-350981750400,0,292448179040,0,-132234379943,0,37364219486,0,-7075198995,0,930669425,0,-86305827,0,5628613,0,-252705,0,7435,0,-129,0,1 # subst2 pos=12 r=24
9527341824000,0,-11057283043203,0,5572892957760,0,-1638539132328,0,315878465316,0,-42305815030,0,4051973015,0,-280405914,0,13942983,0,-486570,0,11325,0,-158,0,1 # subst2 pos=12 r=24
1008000,0,-2070400,0,2034160,0,-1649040,0,1015152,0,-489092,0,202224,0,-64790,0,16799,0,-3444,0,465,0,-34,0,1 # subst2 pos=6 r=12
126000,0,-265800,0,367624,0,-429170,0,328664,0,-197327,0,97691,0,-36495,0,11031,0,-2569,0,385,0,-31,0,1 # subst2 pos=6 r=12
1,0,-378000,0,303900,0,-485310,0,328340,0,-224917,0,116117,0,-45255,0,14931,0,-3507,0,487,0,-35,0,1 # subst2 pos=6 r=12
4838400,0,-4333440,0,6177440,0,-4418368,0,2864272,0,-1479973,0,585974,0,-192948,0,48307,0,-8024,0,806,0,-44,0,1 # subst2 pos=6 r=12
1105920,0,-1631233,0,1814784,0,-1562112,0,969184,0,-489360,0,200840,0,-64620,0,16740,0,-3348,0,446,0,-33,0,1 # subst2 pos=6 r=12
1306368,0,-2454624,0,2292624,0,-1875384,0,1103939,0,-536352,0,217752,0,-69182,0,18041,0,-3624,0,474,0,-34,0,1 # subst2 pos=6 r=12
120960,0,-62976,0,254048,0,-126976,0,183048,0,-84704,0,57562,0,-22996,0,7991,0,-2320,0,390,0,-32,0,1 # subst2 pos=4 r=8
78398,0,-148400,0,140560,0,-118710,0,73241,0,-37576,0,16888,0,-5884,0,1862,0,-456,0,88,0,-14,0,1 # subst2 pos=4 r=8
967680,0,-503808,0,1306624,0,-637952,0,620496,0,-270020,0,125948,0,-43584,0,11492,0,-2608,0,399,0,-32,0,1 # subst2 pos=4 r=8
92160,0,-66816,0,154880,0,-101952,0,99900,0,-56880,0,30896,0,-13932,0,4612,0,-1368,0,272,0,-27,0,1 # subst2 pos=4 r=8
3,0,-53760,0,38976,0,-63680,0,41632,0,-27600,0,15204,0,-5600,0,2332,0,-540,0,135,0,-20,0,1 # subst2 pos=4 r=8
60480,0,-61060,0,118872,0,-102096,0,78546,0,-50048,0,23095,0,-9772,0,3101,0,-784,0,161,0,-20,0,1 # subst2 pos=4 r=8
614403,0,-558080,0,613120,0,-416256,0,238848,0,-117328,0,45500,0,-15460,0,4283,0,-936,0,168,0,-20,0,1 # subst2 pos=4 r=8
150528,0,-215936,0,228032,0,-229648,0,128344,0,-84257,0,33230,0,-13510,0,3997,0,-944,0,188,0,-22,0,1 # subst2 pos=4 r=8
207360,0,-159552,0,293376,0,-197592,0,157768,0,-87238,0,40446,0,-16575,0,4969,0,-1256,0,240,0,-25,0,1 # subst2 pos=4 r=8
1920,0,-3392,0,6080,0,-7936,0,7336,0,-6620,0,4196,0,-2440,0,1133,0,-383,0,119,0,-19,0,1 # subst2 pos=4 r=8
5880,0,-9856,0,15945,0,-19552,0,15787,0,-12784,0,6994,0,-3472,0,1372,0,-400,0,100,0,-16,0,1 # subst2 pos=4 r=8
40320,0,-62832,0,78840,0,-85976,0,57788,0,-41492,0,19490,0,-8514,0,2973,0,-745,0,172,0,-22,0,1 # subst2 pos=4 r=8
3686400,0,-2437125,0,2879488,0,-1580544,0,880128,0,-378560,0,132608,0,-41384,0,9956,0,-1974,0,309,0,-28,0,1 # subst2 pos=4 r=8
2,0,-8064,0,4176,0,-16140,0,8040,0,-10943,0,5057,0,-3281,0,1319,0,-433,0,127,0,-19,0,1 # subst2 pos=4 r=8
46080,0,-67968,0,99938,0,-113760,0,75100,0,-55886,0,24612,0,-10957,0,3559,0,-886,0,192,0,-23,0,1 # subst2 pos=4 r=8
3,0,-4800,0,7000,0,-9720,0,10875,0,-6612,0,4610,0,-1932,0,788,0,-252,0,54,0,-12,0,1 # subst2 pos=4 r=8
1,0,-720,0,1044,0,-1800,0,2124,0,-1660,0,1435,0,-710,0,395,0,-140,0,41,0,-10,0,1 # subst2 pos=4 r=8
4,0,-10080,0,12768,0,-18576,0,20080,0,-11114,0,8698,0,-2967,0,1479,0,-366,0,94,0,-17,0,1 # subst2 pos=4 r=8
112896,0,-114912,0,158429,0,-127044,0,87514,0,-52575,0,23745,0,-9915,0,3169,0,-813,0,171,0,-21,0,1 # subst2 pos=4 r=8
2,0,-3780,0,1716,0,-9072,0,4016,0,-7833,0,3317,0,-3003,0,1167,0,-483,0,151,0,-21,0,1 # subst2 pos=4 r=8
100800,0,-145440,0,197976,0,-218724,0,127828,0,-86420,0,34674,0,-14101,0,4223,0,-988,0,198,0,-23,0,1 # subst2 pos=4 r=8
1244160,0,-781056,0,1263744,0,-700128,0,495072,0,-228864,0,93896,0,-33057,0,8702,0,-1965,0,325,0,-29,0,1 # subst2 pos=4 r=8
39200,0,-58520,0,74904,0,-81664,0,54392,0,-40502,0,18501,0,-8602,0,2911,0,-770,0,175,0,-22,0,1 # subst2 pos=4 r=8
264600,0,-153195,0,476174,0,-259829,0,271561,0,-130578,0,67242,0,-25838,0,7582,0,-1923,0,327,0,-29,0,1 # subst2 pos=4 r=8
11517,0,-14784,0,26496,0,-26600,0,21700,0,-15078,0,7977,0,-3626,0,1339,0,-378,0,87,0,-14,0,1 # subst2 pos=4 r=8
1548285,0,-1188864,0,1417728,0,-878976,0,495040,0,-230448,0,83480,0,-27234,0,6915,0,-1422,0,236,0,-24,0,1 # subst2 pos=4 r=8
241920,0,-140064,0,433056,0,-236227,0,246416,0,-118442,0,62218,0,-24147,0,7263,0,-1894,0,326,0,-29,0,1 # subst2 pos=4 r=8
26880,0,-18403,0,70456,0,-45580,0,63706,0,-37105,0,23803,0,-11095,0,3913,0,-1195,0,241,0,-25,0,1 # subst2 pos=4 r=8
15552,0,-27864,0,33048,0,-35262,0,25326,0,-17145,0,9081,0,-3957,0,1557,0,-427,0,104,0,-17,0,1 # subst2 pos=4 r=8
151200,0,-120956,0,276204,0,-197712,0,161875,0,-92136,0,41526,0,-16536,0,4876,0,-1176,0,222,0,-24,0,1 # subst2 pos=4 r=8
28800,0,-20640,0,58176,0,-38440,0,45880,0,-26905,0,17564,0,-8490,0,3246,0,-1085,0,233,0,-25,0,1 # subst2 pos=4 r=8
161280,0,-102336,0,313056,0,-185852,0,197828,0,-102544,0,51824,0,-20514,0,6039,0,-1508,0,268,0,-26,0,1 # subst2 pos=4 r=8
9216,0,-14208,0,23908,0,-28736,0,22844,0,-19250,0,9980,0,-5265,0,1959,0,-562,0,136,0,-19,0,1 # subst2 pos=4 r=8
88200,0,-133140,0,141540,0,-142387,0,83450,0,-53387,0,22499,0,-9057,0,2853,0,-697,0,145,0,-19,0,1 # subst2 pos=4 r=8
4,0,-217728,0,133056,0,-173232,0,92424,0,-53820,0,23690,0,-8190,0,2705,0,-612,0,124,0,-18,0,1 # subst2 pos=4 r=8
14395,0,-3840,0,36120,0,-9568,0,30298,0,-7920,0,9915,0,-2512,0,1417,0,-336,0,81,0,-16,0,1 # subst2 pos=2 r=4
3528,0,-3920,0,8897,0,-9450,0,7569,0,-7360,0,2594,0,-2060,0,422,0,-240,0,33,0,-10,0,1 # subst2 pos=2 r=4
31752,0,-19404,0,53172,0,-31416,0,27066,0,-14795,0,6364,0,-3069,0,765,0,-297,0,45,0,-11,0,1 # subst2 pos=2 r=4
63000,0,-16800,0,108750,0,-28720,0,58315,0,-15072,0,14142,0,-3520,0,1660,0,-384,0,87,0,-16,0,1 # subst2 pos=2 r=4
7200,0,-3120,0,18180,0,-7774,0,15448,0,-6435,0,5205,0,-2041,0,787,0,-273,0,55,0,-13,0,1 # subst2 pos=2 r=4
24192,0,-7492,0,37872,0,-11544,0,22980,0,-6838,0,6784,0,-1937,0,989,0,-260,0,62,0,-13,0,1 # subst2 pos=2 r=4
4608,0,-3072,0,9216,0,-5888,0,6400,0,-3776,0,2128,0,-1104,0,362,0,-152,0,31,0,-8,0,1 # subst2 pos=2 r=4
322560,0,-78336,0,354048,0,-84867,0,139952,0,-32776,0,26288,0,-5916,0,2448,0,-510,0,100,0,-17,0,1 # subst2 pos=2 r=4
2309,0,-2592,0,4896,0,-5184,0,3728,0,-3546,0,1378,0,-1107,0,267,0,-162,0,26,0,-9,0,1 # subst2 pos=2 r=4
84,0,-96,0,313,0,-347,0,449,0,-464,0,310,0,-288,0,106,0,-80,0,17,0,-8,0,1 # subst2 pos=2 r=4
73728,0,-27648,0,119040,0,-43780,0,56000,0,-19632,0,11876,0,-3840,0,1248,0,-348,0,61,0,-12,0,1 # subst2 pos=2 r=4
3920,0,-4480,0,8274,0,-8821,0,6093,0,-5704,0,2064,0,-1544,0,354,0,-184,0,30,0,-8,0,1 # subst2 pos=2 r=4
50400,0,-35280,0,53820,0,-34146,0,23068,0,-12733,0,5109,0,-2303,0,619,0,-204,0,39,0,-7,0,1 # subst2 pos=2 r=4
3072,0,-4608,0,5632,0,-6144,0,4080,0,-3048,0,1484,0,-702,0,284,0,-75,0,27,0,0,0,1 # subst2 pos=2 r=4
26880,0,-11648,0,48413,0,-20592,0,27984,0,-11440,0,7330,0,-2795,0,935,0,-312,0,54,0,-13,0,1 # subst2 pos=2 r=4
30240,0,-13608,0,38592,0,-16686,0,19554,0,-7965,0,4985,0,-1845,0,668,0,-207,0,43,0,-9,0,1 # subst2 pos=2 r=4
46080,0,-21120,0,76416,0,-34144,0,38000,0,-15994,0,8582,0,-3267,0,969,0,-308,0,56,0,-11,0,1 # subst2 pos=2 r=4
7000,0,-8750,0,10451,0,-10875,0,6215,0,-5050,0,1906,0,-1120,0,320,0,-120,0,28,0,-5,0,1 # subst2 pos=2 r=4
26882,0,-11200,0,40576,0,-16440,0,22860,0,-8840,0,6044,0,-2150,0,791,0,-240,0,48,0,-10,0,1 # subst2 pos=2 r=4
5,0,-25920,0,2592,0,-28080,0,2808,0,-11880,0,1188,0,-2460,0,246,0,-250,0,25,0,-10,0,1 # subst2 pos=2 r=4
1296,0,-1944,0,2484,0,-2754,0,1944,0,-1539,0,795,0,-421,0,179,0,-57,0,21,0,-3,0,1 # subst2 pos=2 r=4
1120,0,-1683,0,2764,0,-3306,0,2528,0,-2139,0,1099,0,-579,0,239,0,-69,0,25,0,-3,0,1 # subst2 pos=2 r=4
115203,0,-27200,0,148480,0,-34680,0,72168,0,-16558,0,16886,0,-3757,0,1949,0,-408,0,96,0,-17,0,1 # subst2 pos=2 r=4
25201,0,-14700,0,32580,0,-17780,0,16208,0,-7973,0,4055,0,-1701,0,543,0,-175,0,37,0,-7,0,1 # subst2 pos=2 r=4
181440,0,-38304,0,209381,0,-43776,0,95004,0,-19570,0,21280,0,-4275,0,2385,0,-456,0,114,0,-19,0,1 # subst2 pos=2 r=4
68040,0,-30240,0,76876,0,-33048,0,34479,0,-14100,0,7790,0,-2940,0,920,0,-300,0,52,0,-12,0,1 # subst2 pos=2 r=4
25200,0,-29396,0,29430,0,-29435,0,13973,0,-11396,0,3464,0,-2142,0,474,0,-196,0,34,0,-7,0,1 # subst2 pos=2 r=4
201600,0,-62720,0,224800,0,-68544,0,90846,0,-26740,0,17527,0,-4858,0,1697,0,-420,0,75,0,-14,0,1 # subst2 pos=2 r=4
176400,0,-64680,0,165060,0,-58366,0,62036,0,-20798,0,11881,0,-3663,0,1203,0,-319,0,59,0,-11,0,1 # subst2 pos=2 r=4
144000,0,-43200,0,157680,0,-46440,0,67796,0,-19410,0,14444,0,-3940,0,1563,0,-390,0,76,0,-15,0,1 # subst2 pos=2 r=4
4032,0,-3024,0,8136,0,-5719,0,5714,0,-3570,0,1915,0,-990,0,333,0,-126,0,29,0,-6,0,1 # subst2 pos=2 r=4
47252,0,-20475,0,58725,0,-24765,0,28845,0,-11674,0,7078,0,-2678,0,896,0,-299,0,53,0,-13,0,1 # subst2 pos=2 r=4
43008,0,-27648,0,49664,0,-29952,0,22816,0,-12528,0,5312,0,-2520,0,658,0,-243,0,41,0,-5,0,1 # subst2 pos=2 r=4
84000,0,-20400,0,104800,0,-25160,0,52090,0,-12291,0,12973,0,-2975,0,1644,0,-357,0,91,0,-17,0,1 # subst2 pos=2 r=4
1174,0,-1764,0,2786,0,-3297,0,2439,0,-2010,0,1030,0,-540,0,224,0,-66,0,24,0,-3,0,1 # subst2 pos=2 r=4
75600,0,-36000,0,81090,0,-36900,0,34539,0,-14690,0,7454,0,-2850,0,848,0,-270,0,48,0,-10,0,1 # subst2 pos=2 r=4
151200,0,-38398,0,182580,0,-45760,0,81988,0,-20096,0,17699,0,-4176,0,1899,0,-416,0,89,0,-16,0,1 # subst2 pos=2 r=4
5,0,-2352,0,2352,0,-2926,0,2926,0,-1329,0,1329,0,-277,0,277,0,-27,0,27,0,-1,0,1 # subst2 pos=2 r=4
1153,0,-672,0,2784,0,-1568,0,2504,0,-1330,0,1090,0,-525,0,243,0,-98,0,26,0,-7,0,1 # subst2 pos=2 r=4
5760,0,-1792,0,13808,0,-4256,0,12004,0,-3640,0,4760,0,-1400,0,865,0,-236,0,62,0,-14,0,1 # subst2 pos=2 r=4
5040,0,0,0,7608,0,1,0,4715,0,0,0,1534,0,0,0,276,0,0,0,26,0,0,0,1 # subst2 pos=0 r=0
12544,0,0,0,22400,0,0,0,12884,0,0,0,3488,0,0,0,491,0,0,0,35,0,0,0,1 # subst2 pos=0 r=0
49392,0,0,0,52038,0,0,0,22085,0,0,0,4876,0,0,0,593,0,0,0,38,0,0,0,1 # subst2 pos=0 r=0
3888,0,0,0,6156,0,0,0,3996,0,0,0,1356,0,0,0,255,0,0,0,25,0,0,0,1 # subst2 pos=0 r=0
1800,0,0,0,3945,0,-4,0,3137,0,0,0,1214,0,0,0,246,0,0,0,25,0,0,0,1 # subst2 pos=0 r=0
1080,0,0,0,2556,0,0,0,2238,0,0,0,949,0,0,0,204,0,0,0,23,0,0,0,1 # subst2 pos=0 r=0
3136,0,0,0,6776,0,-5,0,5174,0,0,0,1835,0,0,0,329,0,0,0,29,0,0,0,1 # subst2 pos=0 r=0
2940,0,0,0,6328,0,0,0,4813,0,0,0,1710,0,0,0,310,0,0,0,28,0,0,0,1 # subst2 pos=0 r=0
384,0,0,0,1168,0,0,0,1324,0,0,0,700,0,0,0,186,0,0,0,22,0,0,0,1 # subst2 pos=0 r=0
3072,0,0,0,6656,0,0,0,5104,0,0,0,1815,0,0,0,328,0,0,0,29,0,0,0,1 # subst2 pos=0 r=0
5760,0,0,0,9072,0,0,0,5684,0,-2,0,1820,0,0,0,315,0,0,0,28,0,0,0,1 # subst2 pos=0 r=0
1008,0,0,0,2076,0,0,0,1732,0,0,0,747,0,2,0,175,0,0,0,21,0,0,0,1 # subst2 pos=0 r=0
420,0,0,0,1124,0,-4,0,1153,0,0,0,584,0,0,0,154,0,0,0,20,0,0,0,1 # subst2 pos=0 r=0
3456,0,0,0,6048,0,0,0,4230,0,0,0,1505,0,0,0,285,0,0,0,30,0,0,0,1 # subst2 pos=0 r=0
2400,0,0,0,5260,0,0,0,4116,0,-2,0,1517,0,0,0,287,0,0,0,27,0,0,0,1 # subst2 pos=0 r=0
30240,0,0,0,34308,0,0,0,15792,0,0,0,3793,0,-4,0,503,0,0,0,35,0,0,0,1 # subst2 pos=0 r=0
448,0,0,0,1352,0,0,0,1514,0,0,0,785,0,0,0,197,0,1,0,23,0,0,0,1 # subst2 pos=0 r=0
120,0,0,0,364,0,2,0,438,0,0,0,269,0,0,0,89,0,0,0,15,0,0,0,1 # subst2 pos=0 r=0
3840,0,0,0,6368,0,5,0,4240,0,0,0,1454,0,0,0,271,0,0,0,26,0,0,0,1 # subst2 pos=0 r=0
7680,0,0,0,12416,0,0,0,7736,0,0,0,2372,0,0,0,382,0,5,0,31,0,0,0,1 # subst2 pos=0 r=0
14406,0,0,0,25039,0,0,0,13772,0,0,0,3598,0,0,0,496,0,0,0,35,0,0,0,1 # subst2 pos=0 r=0
1500,0,0,0,3275,0,0,0,2605,0,0,0,1022,0,-1,0,214,0,0,0,23,0,0,0,1 # subst2 pos=0 r=0
4320,0,0,0,6984,0,0,0,4524,0,0,0,1510,0,0,0,275,0,-3,0,26,0,0,0,1 # subst2 pos=0 r=0
600,0,0,0,1719,0,0,0,1789,0,0,0,854,0,0,0,202,0,0,0,23,0,0,0,1 # subst2 pos=0 r=0
10080,0,0,0,13953,0,0,0,7843,0,0,0,2286,0,0,0,364,0,0,0,30,0,0,0,1 # subst2 pos=0 r=0
32928,0,0,0,37436,0,0,0,17157,0,-5,0,4072,0,0,0,530,0,0,0,36,0,0,0,1 # subst2 pos=0 r=0
48,0,0,0,176,0,0,0,256,0,0,0,183,0,0,0,73,0,0,0,14,0,0,0,1 # subst2 pos=0 r=0
1003,0,0,0,2412,0,0,0,2144,0,0,0,925,0,0,0,207,0,0,0,23,0,0,0,1 # subst2 pos=0 r=0
2352,0,0,0,5180,0,0,0,4080,0,0,0,1513,0,0,0,287,0,0,0,28,0,0,0,1 # subst2 pos=0 r=0
4704,0,0,0,9380,0,0,0,6459,0,0,0,2110,0,0,0,352,0,0,0,30,0,0,0,1 # subst2 pos=0 r=0
960,0,0,0,2637,0,0,0,2578,0,0,0,1123,0,0,0,241,0,0,0,25,0,0,0,1 # subst2 pos=0 r=0
24500,0,0,0,27825,0,0,0,13065,0,0,0,3246,0,0,0,450,0,-2,0,33,0,0,0,1 # subst2 pos=0 r=0
26880,0,0,0,30496,0,-2,0,14224,0,0,0,3490,0,0,0,475,0,0,0,34,0,0,0,1 # subst2 pos=0 r=0
6048,0,0,0,9684,0,0,0,6132,0,0,0,1963,0,-4,0,335,0,0,0,29,0,0,0,1 # subst2 pos=0 r=0
6720,0,0,0,10984,0,0,0,6951,0,0,0,2174,0,0,0,359,0,0,0,30,0,0,0,1 # subst2 pos=0 r=0
6912,0,0,0,10944,0,0,0,6828,0,0,0,2144,0,0,0,357,0,0,0,30,0,-4,0,1 # subst2 pos=0 r=0
18900,0,0,0,22860,0,0,0,11301,0,0,0,2932,0,0,0,422,0,5,0,32,0,0,0,1 # subst2 pos=0 r=0
1372,0,0,0,3331,0,0,0,2975,0,0,0,1250,0,0,0,260,0,0,0,26,0,0,0,1 # subst2 pos=0 r=0
448,0,0,0,1352,0,0,0,1514,0,0,0,785,0,-5,0,197,0,0,0,23,0,0,0,1 # subst2 pos=0 r=0
4608,0,0,0,7104,0,0,0,4496,0,0,0,1492,0,0,0,273,0,0,0,31,0,0,0,1 # subst2 pos=0 r=0
-54000,0,0,-7200,0,0,41640,0,0,-9928,0,0,-3412,0,0,1300,0,0,-70,0,0,-12,0,0,1 # subst3 r=8 r=8
-466559,0,0,594864,0,0,-87228,0,0,-51408,0,0,9653,0,0,868,0,0,-186,0,0,-4,0,0,1 # subst3 r=8 r=8
635040,0,0,-102317,0,0,-138204,0,0,1402,0,0,7309,0,0,112,0,0,-146,0,0,-2,0,0,1 # subst3 r=8 r=8
3,0,0,-57600,0,0,-25440,0,0,9272,0,0,3124,0,0,-550,0,0,-95,0,0,8,0,0,1 # subst3 r=8 r=8
-138245,0,0,-77184,0,0,30624,0,0,22736,0,0,1344,0,0,-896,0,0,-94,0,0,9,0,0,1 # subst3 r=8 r=8
3,0,0,75600,0,0,89580,0,0,8732,0,0,-6467,0,0,-1192,0,0,46,0,0,20,0,0,1 # subst3 r=8 r=8
1,0,0,18000,0,0,26100,0,0,6820,0,0,-2261,0,0,-1070,0,0,-80,0,0,10,0,0,1 # subst3 r=8 r=8
-1,0,0,32256,0,0,-23616,0,0,-224,0,0,2644,0,0,-176,0,0,-89,0,0,4,0,0,1 # subst3 r=8 r=8
-84000,0,0,-146200,0,0,-64060,0,0,3462,0,0,5649,0,0,180,0,0,-145,0,0,-2,0,0,1 # subst3 r=8 r=8
-64800,0,0,-65700,0,0,15192,0,0,18102,0,0,1321,0,0,-794,0,0,-98,0,0,7,0,0,1 # subst3 r=8 r=8
-72576,0,0,166608,0,0,-136812,0,0,49927,0,0,-6875,0,0,-508,0,0,262,0,0,-28,0,0,1 # subst3 r=8 r=8
-100800,0,0,-23080,0,0,106269,0,0,24815,0,0,-5411,0,0,-1750,0,0,-56,0,0,15,0,0,1 # subst3 r=8 r=8
-635040,0,0,-615631,0,0,88224,0,0,73079,0,0,2629,0,0,-1774,0,0,-134,0,0,11,0,0,1 # subst3 r=8 r=8
-194400,0,0,334800,0,0,-147456,0,0,-1843,0,0,9394,0,0,-315,0,0,-179,0,0,3,0,0,1 # subst3 r=8 r=8
-1036800,0,0,-1324800,0,0,-223032,0,0,78748,0,0,12631,0,0,-1355,0,0,-203,0,0,7,0,0,1 # subst3 r=8 r=8
2,0,0,-75600,0,0,-49470,0,0,29533,0,0,637,0,0,-2282,0,0,448,0,0,-35,0,0,1 # subst3 r=8 r=8
93311,0,0,11664,0,0,-37764,0,0,-4356,0,0,4097,0,0,376,0,0,-126,0,0,-4,0,0,1 # subst3 r=8 r=8
-3,0,0,-11340,0,0,17784,0,0,-5355,0,0,-1931,0,0,870,0,0,-14,0,0,-15,0,0,1 # subst3 r=8 r=8
-4,0,0,51840,0,0,-62928,0,0,7452,0,0,4232,0,0,-499,0,0,-105,0,0,7,0,0,1 # subst3 r=8 r=8
-3,0,0,6480,0,0,-6084,0,0,-2016,0,0,1687,0,0,14,0,0,-84,0,0,2,0,0,1 # subst3 r=8 r=8
272159,0,0,242244,0,0,-70236,0,0,-35961,0,0,5569,0,0,1086,0,0,-134,0,0,-9,0,0,1 # subst3 r=8 r=8
-5,0,0,-311040,0,0,-173664,0,0,12264,0,0,10892,0,0,-266,0,0,-189,0,0,2,0,0,1 # subst3 r=8 r=8
-3,0,0,-272160,0,0,1188,0,0,34704,0,0,2271,0,0,-1114,0,0,-100,0,0,10,0,0,1 # subst3 r=8 r=8
-96768,0,0,-118653,0,0,-6744,0,0,18494,0,0,2817,0,0,-644,0,0,-106,0,0,6,0,0,1 # subst3 r=8 r=8
2,0,0,128000,0,0,105600,0,0,14720,0,0,-6056,0,0,-1660,0,0,-50,0,0,15,0,0,1 # subst3 r=8 r=8
-17640,0,0,-18816,0,0,-522,0,0,183,0,0,67,0,0,494,0,0,-50,0,0,-10,0,0,1 # subst3 r=6 r=6
-32256,0,0,1024,0,0,-7048,0,0,240,0,0,4278,0,0,-132,0,0,-131,0,0,2,0,0,1 # subst3 r=6 r=6
241916,0,0,-270432,0,0,161544,0,0,-73032,0,0,23714,0,0,-4888,0,0,591,0,0,-38,0,0,1 # subst3 r=6 r=6
-207361,0,0,50688,0,0,-3288,0,0,7656,0,0,4390,0,0,-132,0,0,-131,0,0,0,0,0,1 # subst3 r=6 r=6
11664,0,0,-6156,0,0,2162,0,0,-1017,0,0,-555,0,0,306,0,0,10,0,0,-13,0,0,1 # subst3 r=6 r=6
-1296,0,0,-2254,0,0,-2277,0,0,-2180,0,0,-865,0,0,90,0,0,117,0,0,20,0,0,1 # subst3 r=6 r=6
-4,0,0,1440,0,0,1224,0,0,368,0,0,486,0,0,-164,0,0,-61,0,0,6,0,0,1 # subst3 r=6 r=6
-38400,0,0,36160,0,0,-28432,0,0,17885,0,0,-4236,0,0,-150,0,0,192,0,0,-25,0,0,1 # subst3 r=6 r=6
39686,0,0,-13167,0,0,-16191,0,0,-6739,0,0,-3039,0,0,-589,0,0,19,0,0,15,0,0,1 # subst3 r=6 r=6
2,0,0,-1680,0,0,2000,0,0,-471,0,0,195,0,0,-12,0,0,-36,0,0,3,0,0,1 # subst3 r=6 r=6
68040,0,0,-38072,0,0,8313,0,0,-3094,0,0,-1409,0,0,854,0,0,-65,0,0,-10,0,0,1 # subst3 r=6 r=6
4320,0,0,-1200,0,0,-3650,0,0,1035,0,0,-717,0,0,180,0,0,42,0,0,-15,0,0,1 # subst3 r=6 r=6
-84672,0,0,-22008,0,0,5024,0,0,-1023,0,0,1697,0,0,282,0,0,-100,0,0,-3,0,0,1 # subst3 r=6 r=6
28800,0,0,6880,0,0,-15376,0,0,4500,0,0,-1835,0,0,303,0,0,75,0,0,-19,0,0,1 # subst3 r=6 r=6
28800,0,0,-7920,0,0,-12320,0,0,-4784,0,0,-3316,0,0,-541,0,0,65,0,0,19,0,0,1 # subst3 r=6 r=6
13440,0,0,-20704,0,0,10096,0,0,-4256,0,0,1304,0,0,214,0,0,-91,0,0,-3,0,0,1 # subst3 r=6 r=6
-1,0,0,-1296,0,0,-252,0,0,690,0,0,492,0,0,253,0,0,95,0,0,17,0,0,1 # subst3 r=6 r=6
136080,0,0,87156,0,0,44328,0,0,19096,0,0,2105,0,0,-654,0,0,-114,0,0,5,0,0,1 # subst3 r=6 r=6
1531,0,0,-128,0,0,424,0,0,386,0,0,-1159,0,0,506,0,0,-46,0,0,-8,0,0,1 # subst3 r=6 r=6
-13824,0,0,-4800,0,0,560,0,0,156,0,0,848,0,0,300,0,0,-35,0,0,-10,0,0,1 # subst3 r=6 r=6
6044,0,0,-5400,0,0,-1032,0,0,534,0,0,-322,0,0,173,0,0,9,0,0,-11,0,0,1 # subst3 r=6 r=6
-20736,0,0,-35136,0,0,-24060,0,0,-14427,0,0,-5635,0,0,-855,0,0,30,0,0,17,0,0,1 # subst3 r=6 r=6
27653,0,0,-25728,0,0,-3488,0,0,2416,0,0,-1420,0,0,640,0,0,-61,0,0,-8,0,0,1 # subst3 r=6 r=6
2,0,0,-540,0,0,-948,0,0,-1013,0,0,-1009,0,0,-468,0,0,-60,0,0,5,0,0,1 # subst3 r=6 r=6
16797,0,0,-1100,0,0,13528,0,0,-1531,0,0,-3193,0,0,-412,0,0,80,0,0,19,0,0,1 # subst3 r=6 r=6
2160,0,0,-3192,0,0,3622,0,0,-3759,0,0,1619,0,0,-583,0,0,158,0,0,-21,0,0,1 # subst3 r=4 r=4
12096,0,0,-1176,0,0,6618,0,0,-728,0,0,131,0,0,-66,0,0,-74,0,0,2,0,0,1 # subst3 r=4 r=4
6480,0,0,-1152,0,0,3180,0,0,-744,0,0,-208,0,0,-80,0,0,-87,0,0,6,0,0,1 # subst3 r=4 r=4
3,0,0,1050,0,0,-1155,0,0,584,0,0,-529,0,0,90,0,0,-45,0,0,4,0,0,1 # subst3 r=4 r=4
37800,0,0,-1635,0,0,18525,0,0,-857,0,0,1661,0,0,-101,0,0,-101,0,0,1,0,0,1 # subst3 r=4 r=4
-3528,0,0,1974,0,0,-1449,0,0,730,0,0,-39,0,0,-6,0,0,21,0,0,-10,0,0,1 # subst3 r=4 r=4
972,0,0,108,0,0,1107,0,0,150,0,0,75,0,0,44,0,0,-61,0,0,2,0,0,1 # subst3 r=4 r=4
4,0,0,648,0,0,-108,0,0,360,0,0,-60,0,0,6,0,0,-1,0,0,-6,0,0,1 # subst3 r=4 r=4
31360,0,0,-784,0,0,22488,0,0,-572,0,0,3154,0,0,-86,0,0,-128,0,0,2,0,0,1 # subst3 r=4 r=4
-576,0,0,720,0,0,-440,0,0,370,0,0,-69,0,0,-5,0,0,5,0,0,-5,0,0,1 # subst3 r=4 r=4
-1008,0,0,238,0,0,346,0,0,-87,0,0,581,0,0,-136,0,0,80,0,0,-17,0,0,1 # subst3 r=4 r=4
-25920,0,0,-9576,0,0,-10248,0,0,-3630,0,0,-826,0,0,-249,0,0,29,0,0,15,0,0,1 # subst3 r=4 r=4
-4,0,0,-160,0,0,-28,0,0,-313,0,0,-55,0,0,-146,0,0,-26,0,0,7,0,0,1 # subst3 r=4 r=4
-5760,0,0,1523,0,0,1608,0,0,1214,0,0,1027,0,0,272,0,0,100,0,0,18,0,0,1 # subst3 r=4 r=4
-2160,0,0,-3718,0,0,-2422,0,0,-1329,0,0,-573,0,0,-132,0,0,-30,0,0,-3,0,0,1 # subst3 r=4 r=4
-1,0,0,-2700,0,0,-390,0,0,-1810,0,0,-263,0,0,-214,0,0,-32,0,0,8,0,0,1 # subst3 r=4 r=4
5,0,0,48,0,0,-12,0,0,-16,0,0,4,0,0,-28,0,0,7,0,0,-4,0,0,1 # subst3 r=4 r=4
-19600,0,0,-9660,0,0,-13676,0,0,-6126,0,0,-2079,0,0,-636,0,0,-68,0,0,6,0,0,1 # subst3 r=4 r=4
11520,0,0,-1539,0,0,5772,0,0,-872,0,0,419,0,0,-114,0,0,-72,0,0,2,0,0,1 # subst3 r=4 r=4
-2304,0,0,-1408,0,0,-3548,0,0,-2085,0,0,-1288,0,0,-671,0,0,-43,0,0,11,0,0,1 # subst3 r=4 r=4
-1,0,0,-150,0,0,95,0,0,-318,0,0,191,0,0,-186,0,0,97,0,0,-18,0,0,1 # subst3 r=4 r=4
-10368,0,0,718,0,0,-6936,0,0,380,0,0,-658,0,0,-30,0,0,111,0,0,-20,0,0,1 # subst3 r=4 r=4
55566,0,0,3087,0,0,24297,0,0,1408,0,0,1637,0,0,117,0,0,-93,0,0,-3,0,0,1 # subst3 r=4 r=4
-34560,0,0,5472,0,0,-7152,0,0,823,0,0,182,0,0,-110,0,0,75,0,0,-16,0,0,1 # subst3 r=4 r=4
-2,0,0,-1296,0,0,-504,0,0,-972,0,0,-370,0,0,-162,0,0,-57,0,0,0,0,0,1 # subst3 r=4 r=4
4032,0,0,1248,0,0,2952,0,0,884,0,0,698,0,0,200,0,0,57,0,0,13,0,0,1 # subst3 r=2 r=2
4704,0,0,1958,0,0,2716,0,0,1050,0,0,537,0,0,180,0,0,42,0,0,10,0,0,1 # subst3 r=2 r=2
-72,0,0,-36,0,0,-60,0,0,-48,0,0,22,0,0,-13,0,0,12,0,0,-1,0,0,1 # subst3 r=2 r=2
-1008,0,0,-24,0,0,-1404,0,0,-35,0,0,-428,0,0,-11,0,0,-31,0,0,-1,0,0,1 # subst3 r=2 r=2
-5,0,0,54,0,0,18,0,0,81,0,0,27,0,0,30,0,0,10,0,0,3,0,0,1 # subst3 r=2 r=2
-12544,0,0,0,0,0,-6016,0,0,0,0,0,-847,0,0,0,0,0,-29,0,0,0,0,0,1 # subst3 r=2 r=2
-801,0,0,-60,0,0,-1140,0,0,-87,0,0,-371,0,0,-30,0,0,-30,0,0,-3,0,0,1 # subst3 r=2 r=2
1225,0,0,420,0,0,1680,0,0,564,0,0,498,0,0,156,0,0,48,0,0,12,0,0,1 # subst3 r=2 r=2
-2882,0,0,-1120,0,0,-1496,0,0,-644,0,0,-214,0,0,-119,0,0,-1,0,0,-7,0,0,1 # subst3 r=2 r=2
-5600,0,0,-700,0,0,-2865,0,0,-380,0,0,-449,0,0,-63,0,0,-15,0,0,-4,0,0,1 # subst3 r=2 r=2
96,0,0,112,0,0,160,0,0,168,0,0,78,0,0,63,0,0,14,0,0,7,0,0,1 # subst3 r=2 r=2
3456,0,0,-1536,0,0,2720,0,0,-1152,0,0,582,0,0,-216,0,0,45,0,0,-11,0,0,1 # subst3 r=2 r=2
-2304,0,0,-2048,0,0,-896,0,0,-1024,0,0,-52,0,0,-160,0,0,9,0,0,-8,0,0,1 # subst3 r=2 r=2
-1116,0,0,168,0,0,-1532,0,0,234,0,0,-441,0,0,72,0,0,-28,0,0,6,0,0,1 # subst3 r=2 r=2
3920,0,0,1538,0,0,2464,0,0,913,0,0,531,0,0,176,0,0,44,0,0,11,0,0,1 # subst3 r=2 r=2
-6400,0,0,960,0,0,-3520,0,0,552,0,0,-588,0,0,102,0,0,-23,0,0,11,0,0,1 # subst3 r=2 r=2
2268,0,0,1008,0,0,1920,0,0,816,0,0,473,0,0,180,0,0,45,0,0,12,0,0,1 # subst3 r=2 r=2
-896,0,0,96,0,0,-865,0,0,96,0,0,-248,0,0,30,0,0,-18,0,0,3,0,0,1 # subst3 r=2 r=2
-111,0,0,0,0,0,-168,0,0,0,0,0,-61,0,0,0,0,0,0,0,0,0,0,0,1 # subst3 r=2 r=2
-672,0,0,12,0,0,-1108,0,0,20,0,0,-484,0,0,7,0,0,-47,0,0,1,0,0,1 # subst3 r=2 r=2
-256,0,0,32,0,0,-440,0,0,56,0,0,-210,0,0,24,0,0,-25,0,0,4,0,0,1 # subst3 r=2 r=2
1890,0,0,840,0,0,1663,0,0,708,0,0,435,0,0,168,0,0,41,0,0,12,0,0,1 # subst3 r=2 r=2
-560,0,0,0,0,0,-717,0,0,0,0,0,-161,0,0,0,0,0,2,0,0,0,0,0,1 # subst3 r=2 r=2
30,0,0,-45,0,0,66,0,0,-69,0,0,41,0,0,-27,0,0,11,0,0,-3,0,0,1 # subst3 r=2 r=2
-5,0,0,-60,0,0,6,0,0,-130,0,0,13,0,0,-80,0,0,8,0,0,-10,0,0,1 # subst3 r=2 r=2
90,0,0,0,0,0,153,0,0,0,0,0,77,0,0,0,0,0,13,0,0,0,0,0,1 # subst3 r=0 r=0
150,0,0,0,0,0,185,0,0,0,0,0,86,0,0,0,0,0,15,0,0,0,0,0,1 # subst3 r=0 r=0
350,0,0,0,0,0,365,0,0,-4,0,0,129,0,0,0,0,0,19,0,0,0,0,0,1 # subst3 r=0 r=0
840,0,0,0,0,0,673,0,0,0,0,0,191,0,0,0,0,0,25,0,0,0,0,0,1 # subst3 r=0 r=0
192,0,0,0,0,0,234,0,0,0,0,0,98,0,0,0,0,0,17,0,0,0,0,0,1 # subst3 r=0 r=0
144,0,0,0,0,0,186,0,0,0,0,0,85,0,0,0,0,0,16,0,0,3,0,0,1 # subst3 r=0 r=0
392,0,0,0,0,0,406,0,0,0,0,0,141,0,0,0,0,0,17,0,0,0,0,0,1 # subst3 r=0 r=0
150,0,0,1,0,0,185,0,0,0,0,0,81,0,0,0,0,0,15,0,0,0,0,0,1 # subst3 r=0 r=0
48,0,0,0,0,0,92,0,0,-5,0,0,56,0,0,0,0,0,13,0,0,0,0,0,1 # subst3 r=0 r=0
240,0,0,0,0,0,268,0,0,0,0,0,104,0,0,0,0,0,22,0,0,0,0,0,1 # subst3 r=0 r=0
980,0,0,0,0,0,721,0,0,0,0,0,197,0,0,0,0,0,23,0,0,0,0,0,1 # subst3 r=0 r=0
600,0,0,0,0,0,515,0,0,0,0,0,159,0,0,0,0,0,21,0,0,-3,0,0,1 # subst3 r=0 r=0
24,0,0,0,0,0,58,0,0,0,0,0,40,0,0,0,0,0,12,0,0,0,0,0,1 # subst3 r=0 r=0
168,0,0,0,0,0,269,0,0,-1,0,0,119,0,0,0,0,0,19,0,0,0,0,0,1 # subst3 r=0 r=0
192,0,0,0,0,0,248,0,0,0,0,0,108,0,0,2,0,0,18,0,0,0,0,0,1 # subst3 r=0 r=0
1176,0,0,-2,0,0,875,0,0,0,0,0,227,0,0,0,0,0,25,0,0,0,0,0,1 # subst3 r=0 r=0
1120,0,0,0,0,0,800,0,0,0,0,0,211,0,0,0,0,0,24,0,0,0,0,0,1 # subst3 r=0 r=0
126,0,0,1,0,0,207,0,0,0,0,0,97,0,0,0,0,0,17,0,0,0,0,0,1 # subst3 r=0 r=0
250,0,0,0,0,0,275,0,0,-5,0,0,105,0,0,0,0,0,17,0,0,0,0,0,1 # subst3 r=0 r=0
640,0,0,0,0,0,526,0,0,0,0,0,160,0,0,0,0,0,21,0,0,0,0,0,1 # subst3 r=0 r=0
192,0,0,0,0,0,245,0,0,0,0,0,108,0,0,0,0,0,18,0,0,0,0,0,1 # subst3 r=0 r=0
224,0,0,0,0,0,340,0,0,0,0,0,135,0,0,0,0,0,20,0,0,4,0,0,1 # subst3 r=0 r=0
1178,0,0,0,0,0,826,0,0,0,0,0,213,0,0,0,0,0,24,0,0,0,0,0,1 # subst3 r=0 r=0
197,0,0,0,0,0,248,0,0,0,0,0,108,0,0,0,0,0,18,0,0,0,0,0,1 # subst3 r=0 r=0
126,0,0,0,0,0,176,0,0,0,0,0,84,0,0,0,0,0,16,0,0,0,0,0,1 # subst3 r=0 r=0
60478,0,0,0,-60216,0,0,0,24574,0,0,0,-5265,0,0,0,625,0,0,0,-39,0,0,0,1 # subst4 pos=6 r=12
10795,0,0,0,-16140,0,0,0,9436,0,0,0,-2763,0,0,0,427,0,0,0,-33,0,0,0,1 # subst4 pos=6 r=12
4536,0,0,0,-9087,0,0,0,6309,0,0,0,-2080,0,0,0,354,0,0,0,-30,0,0,0,1 # subst4 pos=6 r=12
7202,0,0,0,-13860,0,0,0,9004,0,0,0,-2739,0,0,0,427,0,0,0,-33,0,0,0,1 # subst4 pos=6 r=12
2520,0,0,0,-5275,0,0,0,3929,0,0,0,-1420,0,0,0,270,0,0,0,-26,0,0,0,1 # subst4 pos=6 r=12
30241,0,0,0,-39684,0,0,0,19696,0,0,0,-4773,0,0,0,607,0,0,0,-39,0,0,0,1 # subst4 pos=6 r=12
5400,0,0,0,-11224,0,0,0,8038,0,0,0,-2607,0,0,0,421,0,0,0,-33,0,0,0,1 # subst4 pos=6 r=12
13436,0,0,0,-23984,0,0,0,13764,0,0,0,-3700,0,0,0,515,0,0,0,-36,0,0,0,1 # subst4 pos=6 r=12
5405,0,0,0,-10770,0,0,0,7403,0,0,0,-2398,0,0,0,396,0,0,0,-32,0,0,0,1 # subst4 pos=6 r=12
37804,0,0,0,-42990,0,0,0,19601,0,0,0,-4588,0,0,0,582,0,0,0,-38,0,0,0,1 # subst4 pos=6 r=12
7200,0,0,0,-14665,0,0,0,10144,0,0,0,-3125,0,0,0,475,0,0,0,-35,0,0,0,1 # subst4 pos=6 r=12
120958,0,0,0,-108336,0,0,0,39524,0,0,0,-7540,0,0,0,795,0,0,0,-44,0,0,0,1 # subst4 pos=6 r=12
17278,0,0,0,-30288,0,0,0,16796,0,0,0,-4324,0,0,0,573,0,0,0,-38,0,0,0,1 # subst4 pos=6 r=12
7561,0,0,0,-11622,0,0,0,7057,0,0,0,-2172,0,0,0,358,0,0,0,-30,0,0,0,1 # subst4 pos=6 r=12
33600,0,0,0,-38680,0,0,0,17903,0,0,0,-4267,0,0,0,553,0,0,0,-37,0,0,0,1 # subst4 pos=6 r=12
961,0,0,0,-2312,0,0,0,2074,0,0,0,-905,0,0,0,205,0,0,0,-23,0,0,0,1 # subst4 pos=6 r=12
9072,0,0,0,-13644,0,0,0,8065,0,0,0,-2405,0,0,0,383,0,0,0,-31,0,0,0,1 # subst4 pos=6 r=12
64801,0,0,0,-67140,0,0,0,27756,0,0,0,-5899,0,0,0,683,0,0,0,-41,0,0,0,1 # subst4 pos=6 r=12
30236,0,0,0,-49764,0,0,0,24524,0,0,0,-5635,0,0,0,675,0,0,0,-41,0,0,0,1 # subst4 pos=6 r=12
3780,0,0,0,-8268,0,0,0,6387,0,0,0,-2260,0,0,0,390,0,0,0,-32,0,0,0,1 # subst4 pos=6 r=12
1008,0,0,0,-2410,0,0,0,2144,0,0,0,-925,0,0,0,207,0,0,0,-23,0,0,0,1 # subst4 pos=6 r=12
30244,0,0,0,-37668,0,0,0,17924,0,0,0,-4295,0,0,0,555,0,0,0,-37,0,0,0,1 # subst4 pos=6 r=12
2405,0,0,0,-5420,0,0,0,4408,0,0,0,-1679,0,0,0,319,0,0,0,-29,0,0,0,1 # subst4 pos=6 r=12
7556,0,0,0,-14142,0,0,0,8831,0,0,0,-2626,0,0,0,408,0,0,0,-32,0,0,0,1 # subst4 pos=6 r=12
4032,0,0,0,-8583,0,0,0,6394,0,0,0,-2185,0,0,0,373,0,0,0,-31,0,0,0,1 # subst4 pos=6 r=12
512,0,0,0,-963,0,0,0,624,0,0,0,-240,0,0,0,78,0,0,0,-15,0,0,0,1 # subst4 pos=4 r=8
630,0,0,0,-1142,0,0,0,713,0,0,0,-282,0,0,0,96,0,0,0,-17,0,0,0,1 # subst4 pos=4 r=8
1440,0,0,0,-1528,0,0,0,908,0,0,0,-462,0,0,0,142,0,0,0,-20,0,0,0,1 # subst4 pos=4 r=8
1080,0,0,0,-1126,0,0,0,922,0,0,0,-612,0,0,0,193,0,0,0,-24,0,0,0,1 # subst4 pos=4 r=8
1,0,0,0,-640,0,0,0,304,0,0,0,-364,0,0,0,154,0,0,0,-22,0,0,0,1 # subst4 pos=4 r=8
3,0,0,0,-70,0,0,0,94,0,0,0,-61,0,0,0,49,0,0,0,-13,0,0,0,1 # subst4 pos=4 r=8
19200,0,0,0,-11360,0,0,0,4863,0,0,0,-1652,0,0,0,316,0,0,0,-29,0,0,0,1 # subst4 pos=4 r=8
2878,0,0,0,-4008,0,0,0,1752,0,0,0,-818,0,0,0,218,0,0,0,-25,0,0,0,1 # subst4 pos=4 r=8
9074,0,0,0,-6678,0,0,0,2997,0,0,0,-1136,0,0,0,250,0,0,0,-26,0,0,0,1 # subst4 pos=4 r=8
13440,0,0,0,-8304,0,0,0,4080,0,0,0,-1558,0,0,0,312,0,0,0,-29,0,0,0,1 # subst4 pos=4 r=8
400,0,0,0,-720,0,0,0,485,0,0,0,-252,0,0,0,101,0,0,0,-18,0,0,0,1 # subst4 pos=4 r=8
270,0,0,0,-530,0,0,0,379,0,0,0,-180,0,0,0,70,0,0,0,-15,0,0,0,1 # subst4 pos=4 r=8
3,0,0,0,-216,0,0,0,267,0,0,0,-126,0,0,0,92,0,0,0,-18,0,0,0,1 # subst4 pos=4 r=8
15120,0,0,0,-9117,0,0,0,4183,0,0,0,-1498,0,0,0,296,0,0,0,-28,0,0,0,1 # subst4 pos=4 r=8
4,0,0,0,-1400,0,0,0,770,0,0,0,-333,0,0,0,117,0,0,0,-19,0,0,0,1 # subst4 pos=4 r=8
768,0,0,0,-1184,0,0,0,680,0,0,0,-374,0,0,0,126,0,0,0,-19,0,0,0,1 # subst4 pos=4 r=8
504,0,0,0,-807,0,0,0,522,0,0,0,-326,0,0,0,122,0,0,0,-19,0,0,0,1 # subst4 pos=4 r=8
860,0,0,0,-1212,0,0,0,826,0,0,0,-654,0,0,0,199,0,0,0,-24,0,0,0,1 # subst4 pos=4 r=8
144,0,0,0,-298,0,0,0,234,0,0,0,-110,0,0,0,41,0,0,0,-10,0,0,0,1 # subst4 pos=4 r=8
957,0,0,0,-1480,0,0,0,802,0,0,0,-391,0,0,0,127,0,0,0,-19,0,0,0,1 # subst4 pos=4 r=8
4,0,0,0,-168,0,0,0,164,0,0,0,-90,0,0,0,45,0,0,0,-12,0,0,0,1 # subst4 pos=4 r=8
1,0,0,0,-96,0,0,0,124,0,0,0,-78,0,0,0,64,0,0,0,-15,0,0,0,1 # subst4 pos=4 r=8
35280,0,0,0,-16899,0,0,0,8057,0,0,0,-2652,0,0,0,438,0,0,0,-34,0,0,0,1 # subst4 pos=4 r=8
2520,0,0,0,-2712,0,0,0,1384,0,0,0,-584,0,0,0,167,0,0,0,-22,0,0,0,1 # subst4 pos=4 r=8
1008,0,0,0,-1110,0,0,0,747,0,0,0,-433,0,0,0,140,0,0,0,-20,0,0,0,1 # subst4 pos=4 r=8
800,0,0,0,-480,0,0,0,300,0,0,0,-156,0,0,0,38,0,0,0,-12,0,0,0,1 # subst4 pos=2 r=4
1,0,0,0,-168,0,0,0,42,0,0,0,-52,0,0,0,13,0,0,0,-4,0,0,0,1 # subst4 pos=2 r=4
30,0,0,0,-36,0,0,0,41,0,0,0,-42,0,0,0,13,0,0,0,-6,0,0,0,1 # subst4 pos=2 r=4
221,0,0,0,-96,0,0,0,251,0,0,0,-108,0,0,0,36,0,0,0,-12,0,0,0,1 # subst4 pos=2 r=4
89,0,0,0,-96,0,0,0,61,0,0,0,-56,0,0,0,14,0,0,0,-8,0,0,0,1 # subst4 pos=2 r=4
3,0,0,0,-160,0,0,0,16,0,0,0,-100,0,0,0,10,0,0,0,-10,0,0,0,1 # subst4 pos=2 r=4
350,0,0,0,-120,0,0,0,255,0,0,0,-88,0,0,0,42,0,0,0,-12,0,0,0,1 # subst4 pos=2 r=4
1,0,0,0,-240,0,0,0,24,0,0,0,-100,0,0,0,10,0,0,0,-10,0,0,0,1 # subst4 pos=2 r=4
359,0,0,0,-192,0,0,0,189,0,0,0,-88,0,0,0,26,0,0,0,-8,0,0,0,1 # subst4 pos=2 r=4
112,0,0,0,-70,0,0,0,135,0,0,0,-80,0,0,0,27,0,0,0,-10,0,0,0,1 # subst4 pos=2 r=4
480,0,0,0,-251,0,0,0,212,0,0,0,-96,0,0,0,27,0,0,0,-8,0,0,0,1 # subst4 pos=2 r=4
882,0,0,0,-224,0,0,0,581,0,0,0,-146,0,0,0,72,0,0,0,-16,0,0,0,1 # subst4 pos=2 r=4
2240,0,0,0,-728,0,0,0,656,0,0,0,-192,0,0,0,55,0,0,0,-13,0,0,0,1 # subst4 pos=2 r=4
280,0,0,0,-180,0,0,0,145,0,0,0,-81,0,0,0,23,0,0,0,-9,0,0,0,1 # subst4 pos=2 r=4
24,0,0,0,-32,0,0,0,35,0,0,0,-36,0,0,0,15,0,0,0,-4,0,0,0,1 # subst4 pos=2 r=4
1920,0,0,0,-832,0,0,0,540,0,0,0,-208,0,0,0,46,0,0,0,-13,0,0,0,1 # subst4 pos=2 r=4
12,0,0,0,-16,0,0,0,19,0,0,0,-20,0,0,0,10,0,0,0,-4,0,0,0,1 # subst4 pos=2 r=4
1728,0,0,0,-624,0,0,0,552,0,0,0,-182,0,0,0,47,0,0,0,-13,0,0,0,1 # subst4 pos=2 r=4
60,0,0,0,-35,0,0,0,77,0,0,0,-44,0,0,0,18,0,0,0,-7,0,0,0,1 # subst4 pos=2 r=4
100,0,0,0,-70,0,0,0,80,0,0,0,-49,0,0,0,14,0,0,0,-7,0,0,0,1 # subst4 pos=2 r=4
431,0,0,0,-216,0,0,0,204,0,0,0,-90,0,0,0,28,0,0,0,-9,0,0,0,1 # subst4 pos=2 r=4
320,0,0,0,-112,0,0,0,372,0,0,0,-126,0,0,0,49,0,0,0,-14,0,0,0,1 # subst4 pos=2 r=4
240,0,0,0,-270,0,0,0,118,0,0,0,-99,0,0,0,21,0,0,0,-9,0,0,0,1 # subst4 pos=2 r=4
225,0,0,0,-120,0,0,0,135,0,0,0,-62,0,0,0,23,0,0,0,-8,0,0,0,1 # subst4 pos=2 r=4
128,0,0,0,-80,0,0,0,104,0,0,0,-58,0,0,0,22,0,0,0,-10,0,0,0,1 # subst4 pos=2 r=4
46,0,0,0,0,0,0,0,45,0,0,0,0,0,0,0,12,0,0,0,0,0,0,0,1 # subst4 pos=0 r=0
240,0,0,0,3,0,0,0,118,0,0,0,0,0,0,0,19,0,0,0,0,0,0,0,1 # subst4 pos=0 r=0
8,0,0,0,1,0,0,0,14,0,0,0,0,0,0,0,7,0,0,0,0,0,0,0,1 # subst4 pos=0 r=0
5,0,0,0,0,0,0,0,7,0,0,0,0,0,0,0,7,0,0,0,0,0,0,0,1 # subst4 pos=0 r=0
64,0,0,0,0,0,0,0,52,0,0,0,0,0,0,0,14,0,0,0,0,0,0,0,1 # subst4 pos=0 r=0
112,0,0,0,0,0,0,0,86,0,0,0,0,0,0,0,17,0,0,0,-5,0,0,0,1 # subst4 pos=0 r=0
48,0,0,0,0,0,0,0,44,0,0,0,-4,0,0,0,12,0,0,0,0,0,0,0,1 # subst4 pos=0 r=0
192,0,0,0,4,0,0,0,112,0,0,0,0,0,0,0,19,0,0,0,0,0,0,0,1 # subst4 pos=0 r=0
24,0,0,0,-4,0,0,0,28,0,0,0,0,0,0,0,10,0,0,0,0,0,0,0,1 # subst4 pos=0 r=0
36,0,0,0,0,0,0,0,36,0,0,0,1,0,0,0,11,0,0,0,0,0,0,0,1 # subst4 pos=0 r=0
16,0,0,0,-2,0,0,0,26,0,0,0,0,0,0,0,11,0,0,0,0,0,0,0,1 # subst4 pos=0 r=0
200,0,0,0,0,0,0,0,105,0,0,0,0,0,0,0,18,0,0,0,-1,0,0,0,1 # subst4 pos=0 r=0
80,0,0,0,0,0,0,0,66,0,0,0,0,0,0,0,20,0,0,0,0,0,0,0,1 # subst4 pos=0 r=0
36,0,0,0,0,0,0,0,33,0,0,0,0,0,0,0,15,0,0,0,0,0,0,0,1 # subst4 pos=0 r=0
28,0,0,0,0,0,0,0,32,0,0,0,0,0,0,0,10,0,0,0,0,0,0,0,1 # subst4 pos=0 r=0
128,0,0,0,0,0,0,0,81,0,0,0,0,0,0,0,16,0,0,0,0,0,0,0,1 # subst4 pos=0 r=0
16,0,0,0,0,0,0,0,23,0,0,0,0,0,0,0,11,0,0,0,0,0,0,0,1 # subst4 pos=0 r=0
80,0,0,0,0,0,0,0,68,0,0,0,0,0,0,0,15,0,0,0,0,0,0,0,1 # subst4 pos=0 r=0
12,0,0,0,0,0,0,0,18,0,0,0,0,0,0,0,9,0,0,0,0,0,0,0,1 # subst4 pos=0 r=0
75,0,0,0,0,0,0,0,55,0,0,0,0,0,0,0,14,0,0,0,0,0,0,0,1 # subst4 pos=0 r=0
288,0,0,0,0,0,0,0,132,0,0,0,0,0,0,0,18,0,0,0,0,0,0,0,1 # subst4 pos=0 r=0
42,0,0,0,0,0,0,0,37,0,0,0,0,0,0,0,12,0,0,0,0,0,0,0,1 # subst4 pos=0 r=0
96,0,0,0,0,0,0,0,64,0,0,0,0,0,0,0,15,0,0,0,0,0,0,0,1 # subst4 pos=0 r=0
75,0,0,0,0,0,0,0,55,0,0,0,-3,0,0,0,13,0,0,0,0,0,0,0,1 # subst4 pos=0 r=0
12,0,0,0,0,0,0,0,19,0,0,0,-1,0,0,0,8,0,0,0,0,0,0,0,1 # subst4 pos=0 r=0
2162,0,0,0,0,0,-1446,0,0,0,0,0,323,0,0,0,0,0,-30,0,0,0,0,0,1 # subst6 pos=4 r=8
269,0,0,0,0,0,-417,0,0,0,0,0,169,0,0,0,0,0,-23,0,0,0,0,0,1 # subst6 pos=4 r=8
1137,0,0,0,0,0,-855,0,0,0,0,0,225,0,0,0,0,0,-25,0,0,0,0,0,1 # subst6 pos=4 r=8
43,0,0,0,0,0,-92,0,0,0,0,0,56,0,0,0,0,0,-13,0,0,0,0,0,1 # subst6 pos=4 r=8
1444,0,0,0,0,0,-1044,0,0,0,0,0,260,0,0,0,0,0,-27,0,0,0,0,0,1 # subst6 pos=4 r=8
142,0,0,0,0,0,-234,0,0,0,0,0,107,0,0,0,0,0,-18,0,0,0,0,0,1 # subst6 pos=4 r=8
2881,0,0,0,0,0,-1688,0,0,0,0,0,350,0,0,0,0,0,-31,0,0,0,0,0,1 # subst6 pos=4 r=8
723,0,0,0,0,0,-594,0,0,0,0,0,175,0,0,0,0,0,-22,0,0,0,0,0,1 # subst6 pos=4 r=8
84,0,0,0,0,0,-144,0,0,0,0,0,75,0,0,0,0,0,-15,0,0,0,0,0,1 # subst6 pos=4 r=8
86,0,0,0,0,0,-145,0,0,0,0,0,75,0,0,0,0,0,-15,0,0,0,0,0,1 # subst6 pos=4 r=8
2159,0,0,0,0,0,-1446,0,0,0,0,0,323,0,0,0,0,0,-30,0,0,0,0,0,1 # subst6 pos=4 r=8
1081,0,0,0,0,0,-948,0,0,0,0,0,254,0,0,0,0,0,-27,0,0,0,0,0,1 # subst6 pos=4 r=8
244,0,0,0,0,0,-358,0,0,0,0,0,137,0,0,0,0,0,-20,0,0,0,0,0,1 # subst6 pos=4 r=8
415,0,0,0,0,0,-452,0,0,0,0,0,161,0,0,0,0,0,-22,0,0,0,0,0,1 # subst6 pos=4 r=8
535,0,0,0,0,0,-564,0,0,0,0,0,191,0,0,0,0,0,-24,0,0,0,0,0,1 # subst6 pos=4 r=8
2159,0,0,0,0,0,-1356,0,0,0,0,0,304,0,0,0,0,0,-29,0,0,0,0,0,1 # subst6 pos=4 r=8
476,0,0,0,0,0,-488,0,0,0,0,0,164,0,0,0,0,0,-22,0,0,0,0,0,1 # subst6 pos=4 r=8
248,0,0,0,0,0,-379,0,0,0,0,0,147,0,0,0,0,0,-21,0,0,0,0,0,1 # subst6 pos=4 r=8
2244,0,0,0,0,0,-1384,0,0,0,0,0,306,0,0,0,0,0,-29,0,0,0,0,0,1 # subst6 pos=4 r=8
182,0,0,0,0,0,-281,0,0,0,0,0,119,0,0,0,0,0,-19,0,0,0,0,0,1 # subst6 pos=4 r=8
240,0,0,0,0,0,-376,0,0,0,0,0,155,0,0,0,0,0,-22,0,0,0,0,0,1 # subst6 pos=4 r=8
170,0,0,0,0,0,-262,0,0,0,0,0,111,0,0,0,0,0,-18,0,0,0,0,0,1 # subst6 pos=4 r=8
241,0,0,0,0,0,-364,0,0,0,0,0,144,0,0,0,0,0,-21,0,0,0,0,0,1 # subst6 pos=4 r=8
67,0,0,0,0,0,-129,0,0,0,0,0,73,0,0,0,0,0,-15,0,0,0,0,0,1 # subst6 pos=4 r=8
564,0,0,0,0,0,-766,0,0,0,0,0,231,0,0,0,0,0,-26,0,0,0,0,0,1 # subst6 pos=4 r=8
5,0,0,0,0,0,-6,0,0,0,0,0,8,0,0,0,0,0,-6,0,0,0,0,0,1 # subst6 pos=2 r=4
32,0,0,0,0,0,-42,0,0,0,0,0,12,0,0,0,0,0,-5,0,0,0,0,0,1 # subst6 pos=2 r=4
12,0,0,0,0,0,-8,0,0,0,0,0,14,0,0,0,0,0,-8,0,0,0,0,0,1 # subst6 pos=2 r=4
23,0,0,0,0,0,-14,0,0,0,0,0,14,0,0,0,0,0,-7,0,0,0,0,0,1 # subst6 pos=2 r=4
30,0,0,0,0,0,-21,0,0,0,0,0,15,0,0,0,0,0,-7,0,0,0,0,0,1 # subst6 pos=2 r=4
360,0,0,0,0,0,-89,0,0,0,0,0,77,0,0,0,0,0,-17,0,0,0,0,0,1 # subst6 pos=2 r=4
441,0,0,0,0,0,-112,0,0,0,0,0,70,0,0,0,0,0,-18,0,0,0,0,0,1 # subst6 pos=2 r=4
18,0,0,0,0,0,-12,0,0,0,0,0,10,0,0,0,0,0,-6,0,0,0,0,0,1 # subst6 pos=2 r=4
4,0,0,0,0,0,-36,0,0,0,0,0,4,0,0,0,0,0,-9,0,0,0,0,0,1 # subst6 pos=2 r=4
15,0,0,0,0,0,-21,0,0,0,0,0,8,0,0,0,0,0,-4,0,0,0,0,0,1 # subst6 pos=2 r=4
420,0,0,0,0,0,-102,0,0,0,0,0,74,0,0,0,0,0,-17,0,0,0,0,0,1 # subst6 pos=2 r=4
82,0,0,0,0,0,-26,0,0,0,0,0,42,0,0,0,0,0,-13,0,0,0,0,0,1 # subst6 pos=2 r=4
40,0,0,0,0,0,-14,0,0,0,0,0,37,0,0,0,0,0,-14,0,0,0,0,0,1 # subst6 pos=2 r=4
56,0,0,0,0,0,-64,0,0,0,0,0,15,0,0,0,0,0,-9,0,0,0,0,0,1 # subst6 pos=2 r=4
2,0,0,0,0,0,-14,0,0,0,0,0,7,0,0,0,0,0,-2,0,0,0,0,0,1 # subst6 pos=2 r=4
15,0,0,0,0,0,-20,0,0,0,0,0,9,0,0,0,0,0,-4,0,0,0,0,0,1 # subst6 pos=2 r=4
112,0,0,0,0,0,-44,0,0,0,0,0,29,0,0,0,0,0,-11,0,0,0,0,0,1 # subst6 pos=2 r=4
101,0,0,0,0,0,-40,0,0,0,0,0,28,0,0,0,0,0,-10,0,0,0,0,0,1 # subst6 pos=2 r=4
236,0,0,0,0,0,-70,0,0,0,0,0,53,0,0,0,0,0,-14,0,0,0,0,0,1 # subst6 pos=2 r=4
333,0,0,0,0,0,-98,0,0,0,0,0,55,0,0,0,0,0,-14,0,0,0,0,0,1 # subst6 pos=2 r=4
29,0,0,0,0,0,-12,0,0,0,0,0,33,0,0,0,0,0,-12,0,0,0,0,0,1 # subst6 pos=2 r=4
30,0,0,0,0,0,-25,0,0,0,0,0,11,0,0,0,0,0,-10,0,0,0,0,0,1 # subst6 pos=2 r=4
60,0,0,0,0,0,-27,0,0,0,0,0,32,0,0,0,0,0,-11,0,0,0,0,0,1 # subst6 pos=2 r=4
450,0,0,0,0,0,-98,0,0,0,0,0,95,0,0,0,0,0,-19,0,0,0,0,0,1 # subst6 pos=2 r=4
248,0,0,0,0,0,-91,0,0,0,0,0,43,0,0,0,0,0,-13,0,0,0,0,0,1 # subst6 pos=2 r=4
1,0,0,0,0,0,0,0,0,0,0,0,3,0,0,0,0,0,0,0,0,0,0,0,1 # subst6 pos=0 r=0
1,0,0,0,0,0,0,0,0,0,0,0,7,0,0,0,0,0,0,0,0,0,0,0,1 # subst6 pos=0 r=0
4,0,0,0,0,0,0,0,0,0,0,0,5,0,0,0,0,0,4,0,0,0,0,0,1 # subst6 pos=0 r=0
9,0,0,0,0,0,0,0,0,0,0,0,6,0,0,0,0,0,1,0,0,0,0,0,1 # subst6 pos=0 r=0
44,0,0,0,0,0,0,0,0,0,0,0,13,0,0,0,0,0,0,0,0,0,0,0,1 # subst6 pos=0 r=0
16,0,0,0,0,0,0,0,0,0,0,0,15,0,0,0,0,0,0,0,0,0,0,0,1 # subst6 pos=0 r=0
11,0,0,0,0,0,0,0,0,0,0,0,9,0,0,0,0,0,0,0,0,0,0,0,1 # subst6 pos=0 r=0
7,0,0,0,0,0,0,0,0,0,0,0,4,0,0,0,0,0,0,0,0,0,0,0,1 # subst6 pos=0 r=0
12,0,0,0,0,0,0,0,0,0,0,0,7,0,0,0,0,0,-2,0,0,0,0,0,1 # subst6 pos=0 r=0
4,0,0,0,0,0,0,0,0,0,0,0,8,0,0,0,0,0,0,0,0,0,0,0,1 # subst6 pos=0 r=0
8,0,0,0,0,0,0,0,0,0,0,0,6,0,0,0,0,0,5,0,0,0,0,0,1 # subst6 pos=0 r=0
45,0,0,0,0,0,0,0,0,0,0,0,13,0,0,0,0,0,0,0,0,0,0,0,1 # subst6 pos=0 r=0
55,0,0,0,0,0,0,0,0,0,0,0,15,0,0,0,0,0,0,0,0,0,0,0,1 # subst6 pos=0 r=0
30,0,0,0,0,0,0,0,0,0,0,0,12,0,0,0,0,0,0,0,0,0,0,0,1 # subst6 pos=0 r=0
6,0,0,0,0,0,0,0,0,0,0,0,2,0,0,0,0,0,0,0,0,0,0,0,1 # subst6 pos=0 r=0
4,0,0,0,0,0,0,0,0,0,0,0,4,0,0,0,0,0,-2,0,0,0,0,0,1 # subst6 pos=0 r=0
14,0,0,0,0,0,-1,0,0,0,0,0,9,0,0,0,0,0,0,0,0,0,0,0,1 # subst6 pos=0 r=0
19,0,0,0,0,0,0,0,0,0,0,0,10,0,0,0,0,0,0,0,0,0,0,0,1 # subst6 pos=0 r=0
42,0,0,0,0,0,2,0,0,0,0,0,13,0,0,0,0,0,0,0,0,0,0,0,1 # subst6 pos=0 r=0
16,0,0,0,0,0,0,0,0,0,0,0,8,0,0,0,0,0,2,0,0,0,0,0,1 # subst6 pos=0 r=0
7,0,0,0,0,0,0,0,0,0,0,0,8,0,0,0,0,0,5,0,0,0,0,0,1 # subst6 pos=0 r=0
30,0,0,0,0,0,0,0,0,0,0,0,7,0,0,0,0,0,0,0,0,0,0,0,1 # subst6 pos=0 r=0
18,0,0,0,0,0,0,0,0,0,0,0,8,0,0,0,0,0,0,0,0,0,0,0,1 # subst6 pos=0 r=0
4,0,0,0,0,0,0,0,0,0,0,0,10,0,0,0,0,0,0,0,0,0,0,0,1 # subst6 pos=0 r=0
8,0,0,0,0,0,-4,0,0,0,0,0,9,0,0,0,0,0,0,0,0,0,0,0,1 # subst6 pos=0 r=0
12570798235,0,-34708392648,0,38614758660,0,-23363126382,0,8692401229,0,-2120496852,0,351157568,0,-40090464,0,3152490,0,-167460,0,5732,0,-114,0,1 # subst2 pos=12 r=24
98075577600,0,-180503316000,0,142855827983,0,-64867244976,0,18974261976,0,-3790965970,0,533142377,0,-53384208,0,3788823,0,-186330,0,6039,0,-116,0,1 # subst2 pos=12 r=24
18202060800,0,-50277576960,0,55848658180,0,-33593531664,0,12344320112,0,-2949962552,0,474497792,0,-52202085,0,3928677,0,-198618,0,6442,0,-121,0,1 # subst2 pos=12 r=24
3404021763,0,-10008271872,0,12098415744,0,-8088179328,0,3367998456,0,-927504356,0,174209462,0,-22587519,0,2013933,0,-120822,0,4644,0,-103,0,1 # subst2 pos=12 r=24
146659312800,0,-267118052040,0,208329206915,0,-92761806974,0,26470252069,0,-5133992092,0,697802936,0,-67266984,0,4580850,0,-215548,0,6668,0,-122,0,1 # subst2 pos=12 r=24
304746624000,0,-558304646398,0,434711720640,0,-190955411504,0,52949911168,0,-9818912224,0,1256319680,0,-112433673,0,7024017,0,-300190,0,8366,0,-137,0,1 # subst2 pos=12 r=24
1640943360000,0,-2460351600000,0,1547553096000,0,-553368576200,0,127053012726,0,-19911090430,0,2197546835,0,-172892478,0,9657087,0,-374506,0,9593,0,-146,0,1 # subst2 pos=12 r=24
133249536000,0,-255063686402,0,209427024960,0,-97864728624,0,29086349340,0,-5813084296,0,804104699,0,-77872608,0,5260599,0,-242664,0,7281,0,-128,0,1 # subst2 pos=12 r=24
3585254400,0,-10542323520,0,12743556048,0,-8516203984,0,3542733539,0,-973787480,0,182339919,0,-23535112,0,2085763,0,-124200,0,4733,0,-104,0,1 # subst2 pos=12 r=24
35765452800,0,-92331509761,0,94080304896,0,-51494281472,0,17265074416,0,-3799697920,0,569803208,0,-59204856,0,4260483,0,-208270,0,6596,0,-122,0,1 # subst2 pos=12 r=24
2585992780797,0,-3297452690880,0,1867753508544,0,-622457223300,0,136189236396,0,-20648505635,0,2228711867,0,-172857855,0,9576903,0,-370185,0,9489,0,-145,0,1 # subst2 pos=12 r=24
235243008000,0,-503361446400,0,402971099520,0,-174490324256,0,47223026773,0,-8579823820,0,1085762030,0,-97180563,0,6139173,0,-268030,0,7700,0,-131,0,1 # subst2 pos=12 r=24
3094350335998,0,-4424746348800,0,2632017795840,0,-888160845552,0,192458398432,0,-28492942752,0,2974666820,0,-221697405,0,11747877,0,-432858,0,10550,0,-153,0,1 # subst2 pos=12 r=24
1407929402884,0,-2730547187424,0,1876599988584,0,-690673129156,0,158788260466,0,-24557139197,0,2652377657,0,-203186193,0,11016153,0,-413879,0,10259,0,-151,0,1 # subst2 pos=12 r=24
99283967995,0,-193372531200,0,162032503680,0,-77472520992,0,23607688392,0,-4844157508,0,688481954,0,-68520093,0,4755837,0,-225282,0,6936,0,-125,0,1 # subst2 pos=12 r=24
167513702399,0,-274258897920,0,198965179008,0,-84695232384,0,23594036376,0,-4537610980,0,618559694,0,-60293247,0,4175373,0,-200550,0,6348,0,-119,0,1 # subst2 pos=12 r=24
15545779201,0,-42116941440,0,45705803904,0,-26868776184,0,9701352756,0,-2300246690,0,371533647,0,-41559302,0,3217543,0,-169070,0,5749,0,-114,0,1 # subst2 pos=12 r=24
114002380800,0,-203952349440,0,157485749376,0,-70157487667,0,20227821504,0,-3997091472,0,557220356,0,-55382349,0,3904065,0,-190718,0,6138,0,-117,0,1 # subst2 pos=12 r=24
143666265600,0,-321470596800,0,274596459456,0,-127403819802,0,36866070892,0,-7121997997,0,951093887,0,-89051925,0,5830527,0,-261343,0,7637,0,-131,0,1 # subst2 pos=12 r=24
132615014400,0,-297039623040,0,254144163313,0,-118181079156,0,34299431200,0,-6651804723,0,892698287,0,-84105855,0,5549379,0,-251097,0,7421,0,-129,0,1 # subst2 pos=12 r=24
33682521603,0,-88417707840,0,91805736048,0,-51046486448,0,17275860400,0,-3817365496,0,572831753,0,-59460330,0,4272399,0,-208564,0,6599,0,-122,0,1 # subst2 pos=12 r=24
446961715200,0,-1016182346880,0,860780439616,0,-374739054488,0,98199202545,0,-16845159682,0,1978696775,0,-162472806,0,9339191,0,-368878,0,9549,0,-146,0,1 # subst2 pos=12 r=24
97077657600,0,-184687257600,0,151001558784,0,-70528878722,0,21070906576,0,-4263892800,0,602145032,0,-60048360,0,4212573,0,-203400,0,6434,0,-120,0,1 # subst2 pos=12 r=24
637072128000,0,-1005720105599,0,674090465520,0,-258885619184,0,64195538656,0,-10908177700,0,1308954605,0,-112169982,0,6831543,0,-289000,0,8075,0,-134,0,1 # subst2 pos=12 r=24
4441651200,0,-12731385600,0,14894471808,0,-9584765132,0,3830283216,0,-1012108360,0,182921024,0,-22950813,0,1996233,0,-117990,0,4518,0,-101,0,1 # subst2 pos=12 r=24
4688409600,0,-13375673280,0,15569663112,0,-9978103948,0,3978636346,0,-1051262882,0,190286321,0,-23918649,0,2081553,0,-122735,0,4667,0,-103,0,1 # subst2 pos=12 r=24
541771775997,0,-831837465600,0,561361394560,0,-220572346016,0,56312111064,0,-9860714842,0,1216851383,0,-106837170,0,6635915,0,-284878,0,8037,0,-134,0,1 # subst2 pos=12 r=24
348114412805,0,-547859946240,0,380047201776,0,-153906631488,0,40594649736,0,-7360349440,0,942414383,0,-86013984,0,5563563,0,-249120,0,7341,0,-128,0,1 # subst2 pos=12 r=24
183324141000,0,-412319558700,0,352350385290,0,-161476291093,0,45677243396,0,-8569459700,0,1107800600,0,-100358574,0,6367398,0,-277400,0,7910,0,-133,0,1 # subst2 pos=12 r=24
4332090470400,0,-5709863335680,0,3254978248128,0,-1068161449296,0,226312490600,0,-32816669100,0,3356959199,0,-245132748,0,12726303,0,-459420,0,10973,0,-156,0,1 # subst2 pos=12 r=24
2707556544000,0,-3452089233600,0,1956312191040,0,-652524831676,0,142879528216,0,-21667118529,0,2336534171,0,-180774237,0,9971727,0,-382931,0,9729,0,-147,0,1 # subst2 pos=12 r=24
5364817920,0,-15354855936,0,17921123708,0,-11490188448,0,4566566440,0,-1197133140,0,213996362,0,-26459937,0,2258709,0,-130434,0,4856,0,-105,0,1 # subst2 pos=12 r=24
233513280000,0,-490928040000,0,384171947995,0,-163590929100,0,43855989352,0,-7944943731,0,1007990591,0,-90843831,0,5797707,0,-256329,0,7469,0,-129,0,1 # subst2 pos=12 r=24
86199759360,0,-195755683392,0,171043621344,0,-81619933788,0,24408836836,0,-4896060497,0,681953207,0,-66888189,0,4606503,0,-218007,0,6749,0,-123,0,1 # subst2 pos=12 r=24
453682944000,0,-774532627200,0,559263864962,0,-228346571088,0,59368972032,0,-10448704544,0,1285431252,0,-111988559,0,6886849,0,-292538,0,8170,0,-135,0,1 # subst2 pos=12 r=24
10563696000,0,-29735834402,0,33893147160,0,-21054844254,0,8037164701,0,-2005328820,0,338204120,0,-39154032,0,3110298,0,-166380,0,5720,0,-114,0,1 # subst2 pos=12 r=24
89392343044,0,-172197461376,0,142781461296,0,-67691301796,0,20525105296,0,-4210690223,0,601570283,0,-60519183,0,4268763,0,-206501,0,6521,0,-121,0,1 # subst2 pos=12 r=24
145297152000,0,-343289721600,0,308751626880,0,-145609171664,0,41829210779,0,-7922823568,0,1032224108,0,-94276875,0,6038385,0,-266002,0,7682,0,-131,0,1 # subst2 pos=12 r=24
72808243200,0,-185436311040,0,184341582144,0,-96884702880,0,30675257276,0,-6301752319,0,876619337,0,-84306690,0,5618523,0,-254940,0,7519,0,-130,0,1 # subst2 pos=12 r=24
67060224000,0,-131581497600,0,111402584643,0,-54023645616,0,16774878620,0,-3526451132,0,516486641,0,-53283006,0,3855099,0,-191328,0,6199,0,-118,0,1 # subst2 pos=12 r=24
1,0,-2634240,0,2066624,0,-2042320,0,1201200,0,-586880,0,240388,0,-75075,0,19289,0,-3850,0,498,0,-35,0,1 # subst2 pos=6 r=12
5443200,0,-5328721,0,6788880,0,-5032524,0,3019908,0,-1516196,0,578852,0,-180813,0,44391,0,-7464,0,768,0,-43,0,1 # subst2 pos=6 r=12
3,0,-37800,0,67560,0,-73910,0,73382,0,-47495,0,27359,0,-12345,0,4257,0,-1225,0,241,0,-25,0,1 # subst2 pos=6 r=12
2,0,-38400,0,75520,0,-82368,0,79200,0,-52608,0,28064,0,-12612,0,4106,0,-1098,0,219,0,-24,0,1 # subst2 pos=6 r=12
120962,0,-251472,0,311496,0,-331228,0,250454,0,-158770,0,83135,0,-33360,0,11145,0,-2738,0,409,0,-32,0,1 # subst2 pos=6 r=12
3,0,-25200,0,52320,0,-56520,0,51964,0,-35231,0,19125,0,-8857,0,3115,0,-889,0,195,0,-23,0,1 # subst2 pos=6 r=12
25600,0,-26880,0,47872,0,-41664,0,35071,0,-23856,0,12592,0,-6132,0,2228,0,-672,0,160,0,-21,0,1 # subst2 pos=4 r=8
57600,0,-55360,0,100480,0,-82272,0,67872,0,-44420,0,22196,0,-10496,0,3536,0,-1020,0,225,0,-25,0,1 # subst2 pos=4 r=8
64800,0,-44460,0,131985,0,-84162,0,92625,0,-51579,0,29614,0,-13156,0,4430,0,-1300,0,257,0,-26,0,1 # subst2 pos=4 r=8
1920,0,-3440,0,6064,0,-7908,0,7236,0,-6424,0,4040,0,-2282,0,1049,0,-342,0,102,0,-17,0,1 # subst2 pos=4 r=8
2,0,-1728,0,1728,0,-3840,0,3360,0,-3028,0,2108,0,-1084,0,524,0,-179,0,49,0,-11,0,1 # subst2 pos=4 r=8
28812,0,-56938,0,63112,0,-61789,0,42385,0,-23968,0,11617,0,-4366,0,1450,0,-382,0,76,0,-13,0,1 # subst2 pos=4 r=8
296352,0,-272832,0,497644,0,-394296,0,250999,0,-140640,0,55090,0,-20400,0,5605,0,-1248,0,226,0,-24,0,1 # subst2 pos=4 r=8
403200,0,-312960,0,656063,0,-452960,0,311708,0,-161930,0,64916,0,-23295,0,6315,0,-1390,0,244,0,-25,0,1 # subst2 pos=4 r=8
145152,0,-227808,0,231744,0,-227004,0,131084,0,-76920,0,32480,0,-11745,0,3693,0,-824,0,166,0,-21,0,1 # subst2 pos=4 r=8
5,0,-6144,0,5376,0,-10048,0,7712,0,-6256,0,3944,0,-1848,0,852,0,-260,0,70,0,-14,0,1 # subst2 pos=4 r=8
1,0,-151200,0,90720,0,-137100,0,73524,0,-47167,0,21301,0,-7769,0,2675,0,-617,0,131,0,-19,0,1 # subst2 pos=4 r=8
1,0,-345600,0,159360,0,-278400,0,119152,0,-86216,0,32916,0,-12742,0,4012,0,-889,0,189,0,-23,0,1 # subst2 pos=4 r=8
3,0,-5760,0,4176,0,-10320,0,6996,0,-7120,0,4352,0,-2340,0,1197,0,-360,0,126,0,-20,0,1 # subst2 pos=4 r=8
259200,0,-207360,0,339264,0,-231552,0,168024,0,-91008,0,40062,0,-15744,0,4670,0,-1152,0,221,0,-24,0,1 # subst2 pos=4 r=8
2352000,0,-1587600,0,1919540,0,-1075410,0,625528,0,-277533,0,102005,0,-33290,0,8383,0,-1755,0,287,0,-27,0,1 # subst2 pos=4 r=8
181440,0,-137808,0,310825,0,-211464,0,164052,0,-87516,0,38838,0,-14894,0,4367,0,-1056,0,198,0,-22,0,1 # subst2 pos=4 r=8
87480,0,-70960,0,166212,0,-120744,0,104598,0,-61299,0,29583,0,-12513,0,3921,0,-1025,0,205,0,-23,0,1 # subst2 pos=4 r=8
5403,0,-8640,0,16590,0,-21048,0,18587,0,-16684,0,9142,0,-4804,0,1884,0,-548,0,140,0,-20,0,1 # subst2 pos=4 r=8
2,0,-66150,0,30030,0,-104265,0,45541,0,-46032,0,18192,0,-8610,0,2842,0,-714,0,162,0,-21,0,1 # subst2 pos=4 r=8
2,0,-25600,0,14720,0,-36640,0,19664,0,-18964,0,9044,0,-4352,0,1660,0,-449,0,109,0,-17,0,1 # subst2 pos=4 r=8
28800,0,-34560,0,59920,0,-56992,0,42707,0,-27576,0,13411,0,-5632,0,1927,0,-504,0,109,0,-16,0,1 # subst2 pos=4 r=8
36286,0,-63000,0,85068,0,-98040,0,66768,0,-42190,0,20627,0,-7780,0,2783,0,-650,0,145,0,-20,0,1 # subst2 pos=4 r=8
6912,0,-12384,0,16420,0,-18768,0,14544,0,-10850,0,6130,0,-2965,0,1253,0,-376,0,104,0,-17,0,1 # subst2 pos=4 r=8
4,0,-7680,0,12288,0,-13312,0,13696,0,-8408,0,5216,0,-2370,0,822,0,-293,0,53,0,-13,0,1 # subst2 pos=4 r=8
4,0,-24192,0,10512,0,-43848,0,18468,0,-25158,0,9908,0,-6111,0,2111,0,-630,0,160,0,-21,0,1 # subst2 pos=4 r=8
2,0,-184320,0,133632,0,-161280,0,101376,0,-53440,0,27080,0,-8520,0,3126,0,-660,0,141,0,-20,0,1 # subst2 pos=4 r=8
4,0,-125440,0,74368,0,-126336,0,67296,0,-43880,0,19226,0,-7052,0,2297,0,-540,0,108,0,-16,0,1 # subst2 pos=4 r=8
165888,0,-145152,0,232128,0,-169344,0,122904,0,-69300,0,30860,0,-12180,0,3697,0,-903,0,177,0,-21,0,1 # subst2 pos=4 r=8
23520,0,-21395,0,56504,0,-46540,0,49228,0,-34352,0,19514,0,-10243,0,3499,0,-1064,0,230,0,-25,0,1 # subst2 pos=4 r=8
134400,0,-129920,0,244768,0,-202352,0,143105,0,-86120,0,36910,0,-14705,0,4375,0,-1040,0,202,0,-23,0,1 # subst2 pos=4 r=8
