1,-3,0,1 # A3 x^3-3x+1 r=3
-1,3,0,1 # A3 -x^3+3x+1 r=1
-1,-3,0,1 # S3 x^3-3x-1 r=3
-1,-4,0,1 # S3 x^3-4x-1 r=3
-2,-4,0,1 # S3 x^3-4x-2 r=3
-1,-5,0,1 # S3 x^3-5x-1 r=3
-3,-5,0,1 # S3 x^3-5x-3 r=3
-1,-6,0,1 # S3 x^3-6x-1 r=3
-2,-6,0,1 # S3 x^3-6x-2 r=3
-3,-6,0,1 # S3 x^3-6x-3 r=3
-1,-7,0,1 # S3 x^3-7x-1 r=3
-2,-7,0,1 # S3 x^3-7x-2 r=3
-3,-7,0,1 # S3 x^3-7x-3 r=3
-4,-7,0,1 # S3 x^3-7x-4 r=3
-5,-7,0,1 # S3 x^3-7x-5 r=3
-7,-7,0,1 # S3 x^3-7x-7 r=3
-1,-8,0,1 # S3 x^3-8x-1 r=3
-2,-8,0,1 # S3 x^3-8x-2 r=3
-4,-8,0,1 # S3 x^3-8x-4 r=3
-5,-8,0,1 # S3 x^3-8x-5 r=3
-6,-8,0,1 # S3 x^3-8x-6 r=3
1,0,-12,0,1 # biq a=-12 b=1 r=4
2,0,-12,0,1 # biq a=-12 b=2 r=4
3,0,-12,0,1 # biq a=-12 b=3 r=4
5,0,-12,0,1 # biq a=-12 b=5 r=4
6,0,-12,0,1 # biq a=-12 b=6 r=4
7,0,-12,0,1 # biq a=-12 b=7 r=4
8,0,-12,0,1 # biq a=-12 b=8 r=4
9,0,-12,0,1 # biq a=-12 b=9 r=4
2,0,-11,0,1 # biq a=-11 b=2 r=4
3,0,-11,0,1 # biq a=-11 b=3 r=4
4,0,-11,0,1 # biq a=-11 b=4 r=4
5,0,-11,0,1 # biq a=-11 b=5 r=4
6,0,-11,0,1 # biq a=-11 b=6 r=4
7,0,-11,0,1 # biq a=-11 b=7 r=4
8,0,-11,0,1 # biq a=-11 b=8 r=4
9,0,-11,0,1 # biq a=-11 b=9 r=4
1,0,-10,0,1 # biq a=-10 b=1 r=4
2,0,-10,0,1 # biq a=-10 b=2 r=4
3,0,-10,0,1 # biq a=-10 b=3 r=4
4,0,-10,0,1 # biq a=-10 b=4 r=4
5,0,-10,0,1 # biq a=-10 b=5 r=4
6,0,-10,0,1 # biq a=-10 b=6 r=4
7,0,-10,0,1 # biq a=-10 b=7 r=4
8,0,-10,0,1 # biq a=-10 b=8 r=4
1,0,-9,0,1 # biq a=-9 b=1 r=4
2,0,-9,0,1 # biq a=-9 b=2 r=4
3,0,-9,0,1 # biq a=-9 b=3 r=4
4,0,-9,0,1 # biq a=-9 b=4 r=4
5,0,-9,0,1 # biq a=-9 b=5 r=4
6,0,-9,0,1 # biq a=-9 b=6 r=4
7,0,-9,0,1 # biq a=-9 b=7 r=4
9,0,-9,0,1 # biq a=-9 b=9 r=4
1,0,-8,0,1 # biq a=-8 b=1 r=4
2,0,-8,0,1 # biq a=-8 b=2 r=4
3,0,-8,0,1 # biq a=-8 b=3 r=4
5,0,-8,0,1 # biq a=-8 b=5 r=4
6,0,-8,0,1 # biq a=-8 b=6 r=4
8,0,-8,0,1 # biq a=-8 b=8 r=4
9,0,-8,0,1 # biq a=-8 b=9 r=4
2,0,-7,0,1 # biq a=-7 b=2 r=4
3,0,-7,0,1 # biq a=-7 b=3 r=4
4,0,-7,0,1 # biq a=-7 b=4 r=4
5,0,-7,0,1 # biq a=-7 b=5 r=4
7,0,-7,0,1 # biq a=-7 b=7 r=4
8,0,-7,0,1 # biq a=-7 b=8 r=4
2,0,-6,0,1 # biq a=-6 b=2 r=4
3,0,-6,0,1 # biq a=-6 b=3 r=4
4,0,-6,0,1 # biq a=-6 b=4 r=4
6,0,-6,0,1 # biq a=-6 b=6 r=4
7,0,-6,0,1 # biq a=-6 b=7 r=4
1,0,-5,0,1 # biq a=-5 b=1 r=4
2,0,-5,0,1 # biq a=-5 b=2 r=4
3,0,-5,0,1 # biq a=-5 b=3 r=4
5,0,-5,0,1 # biq a=-5 b=5 r=4
1,0,-4,0,1 # biq a=-4 b=1 r=4
2,0,-4,0,1 # biq a=-4 b=2 r=4
-2,0,0,0,1 # x^4-2 r=2
-3,0,0,0,1 # x^4-3 r=2
-5,0,0,0,1 # x^4-5 r=2
-6,0,0,0,1 # x^4-6 r=2
-7,0,0,0,1 # x^4-7 r=2
-5,-5,0,0,0,0,0,0,0,0,0,0,0,0,0,0,0,0,0,0,0,0,0,0,1 # tri a=-5 k=1 b=-5 r=2
-4,-5,0,0,0,0,0,0,0,0,0,0,0,0,0,0,0,0,0,0,0,0,0,0,1 # tri a=-5 k=1 b=-4 r=2
-3,-5,0,0,0,0,0,0,0,0,0,0,0,0,0,0,0,0,0,0,0,0,0,0,1 # tri a=-5 k=1 b=-3 r=2
-2,-5,0,0,0,0,0,0,0,0,0,0,0,0,0,0,0,0,0,0,0,0,0,0,1 # tri a=-5 k=1 b=-2 r=2
2,-5,0,0,0,0,0,0,0,0,0,0,0,0,0,0,0,0,0,0,0,0,0,0,1 # tri a=-5 k=1 b=2 r=2
3,-5,0,0,0,0,0,0,0,0,0,0,0,0,0,0,0,0,0,0,0,0,0,0,1 # tri a=-5 k=1 b=3 r=2
5,-5,0,0,0,0,0,0,0,0,0,0,0,0,0,0,0,0,0,0,0,0,0,0,1 # tri a=-5 k=1 b=5 r=0
6,-5,0,0,0,0,0,0,0,0,0,0,0,0,0,0,0,0,0,0,0,0,0,0,1 # tri a=-5 k=1 b=6 r=0
-6,-4,0,0,0,0,0,0,0,0,0,0,0,0,0,0,0,0,0,0,0,0,0,0,1 # tri a=-4 k=1 b=-6 r=2
-4,-4,0,0,0,0,0,0,0,0,0,0,0,0,0,0,0,0,0,0,0,0,0,0,1 # tri a=-4 k=1 b=-4 r=2
-3,-4,0,0,0,0,0,0,0,0,0,0,0,0,0,0,0,0,0,0,0,0,0,0,1 # tri a=-4 k=1 b=-3 r=2
-2,-4,0,0,0,0,0,0,0,0,0,0,0,0,0,0,0,0,0,0,0,0,0,0,1 # tri a=-4 k=1 b=-2 r=2
2,-4,0,0,0,0,0,0,0,0,0,0,0,0,0,0,0,0,0,0,0,0,0,0,1 # tri a=-4 k=1 b=2 r=2
4,-4,0,0,0,0,0,0,0,0,0,0,0,0,0,0,0,0,0,0,0,0,0,0,1 # tri a=-4 k=1 b=4 r=0
5,-4,0,0,0,0,0,0,0,0,0,0,0,0,0,0,0,0,0,0,0,0,0,0,1 # tri a=-4 k=1 b=5 r=0
6,-4,0,0,0,0,0,0,0,0,0,0,0,0,0,0,0,0,0,0,0,0,0,0,1 # tri a=-4 k=1 b=6 r=0
-6,-3,0,0,0,0,0,0,0,0,0,0,0,0,0,0,0,0,0,0,0,0,0,0,1 # tri a=-3 k=1 b=-6 r=2
-5,-3,0,0,0,0,0,0,0,0,0,0,0,0,0,0,0,0,0,0,0,0,0,0,1 # tri a=-3 k=1 b=-5 r=2
-3,-3,0,0,0,0,0,0,0,0,0,0,0,0,0,0,0,0,0,0,0,0,0,0,1 # tri a=-3 k=1 b=-3 r=2
-2,-3,0,0,0,0,0,0,0,0,0,0,0,0,0,0,0,0,0,0,0,0,0,0,1 # tri a=-3 k=1 b=-2 r=2
3,-3,0,0,0,0,0,0,0,0,0,0,0,0,0,0,0,0,0,0,0,0,0,0,1 # tri a=-3 k=1 b=3 r=0
4,-3,0,0,0,0,0,0,0,0,0,0,0,0,0,0,0,0,0,0,0,0,0,0,1 # tri a=-3 k=1 b=4 r=0
5,-3,0,0,0,0,0,0,0,0,0,0,0,0,0,0,0,0,0,0,0,0,0,0,1 # tri a=-3 k=1 b=5 r=0
6,-3,0,0,0,0,0,0,0,0,0,0,0,0,0,0,0,0,0,0,0,0,0,0,1 # tri a=-3 k=1 b=6 r=0
-6,-2,0,0,0,0,0,0,0,0,0,0,0,0,0,0,0,0,0,0,0,0,0,0,1 # tri a=-2 k=1 b=-6 r=2
-5,-2,0,0,0,0,0,0,0,0,0,0,0,0,0,0,0,0,0,0,0,0,0,0,1 # tri a=-2 k=1 b=-5 r=2
-4,-2,0,0,0,0,0,0,0,0,0,0,0,0,0,0,0,0,0,0,0,0,0,0,1 # tri a=-2 k=1 b=-4 r=2
-2,-2,0,0,0,0,0,0,0,0,0,0,0,0,0,0,0,0,0,0,0,0,0,0,1 # tri a=-2 k=1 b=-2 r=2
2,-2,0,0,0,0,0,0,0,0,0,0,0,0,0,0,0,0,0,0,0,0,0,0,1 # tri a=-2 k=1 b=2 r=0
3,-2,0,0,0,0,0,0,0,0,0,0,0,0,0,0,0,0,0,0,0,0,0,0,1 # tri a=-2 k=1 b=3 r=0
4,-2,0,0,0,0,0,0,0,0,0,0,0,0,0,0,0,0,0,0,0,0,0,0,1 # tri a=-2 k=1 b=4 r=0
5,-2,0,0,0,0,0,0,0,0,0,0,0,0,0,0,0,0,0,0,0,0,0,0,1 # tri a=-2 k=1 b=5 r=0
6,-2,0,0,0,0,0,0,0,0,0,0,0,0,0,0,0,0,0,0,0,0,0,0,1 # tri a=-2 k=1 b=6 r=0
-6,2,0,0,0,0,0,0,0,0,0,0,0,0,0,0,0,0,0,0,0,0,0,0,1 # tri a=2 k=1 b=-6 r=2
-5,2,0,0,0,0,0,0,0,0,0,0,0,0,0,0,0,0,0,0,0,0,0,0,1 # tri a=2 k=1 b=-5 r=2
-4,2,0,0,0,0,0,0,0,0,0,0,0,0,0,0,0,0,0,0,0,0,0,0,1 # tri a=2 k=1 b=-4 r=2
-2,2,0,0,0,0,0,0,0,0,0,0,0,0,0,0,0,0,0,0,0,0,0,0,1 # tri a=2 k=1 b=-2 r=2
2,2,0,0,0,0,0,0,0,0,0,0,0,0,0,0,0,0,0,0,0,0,0,0,1 # tri a=2 k=1 b=2 r=0
3,2,0,0,0,0,0,0,0,0,0,0,0,0,0,0,0,0,0,0,0,0,0,0,1 # tri a=2 k=1 b=3 r=0
4,2,0,0,0,0,0,0,0,0,0,0,0,0,0,0,0,0,0,0,0,0,0,0,1 # tri a=2 k=1 b=4 r=0
5,2,0,0,0,0,0,0,0,0,0,0,0,0,0,0,0,0,0,0,0,0,0,0,1 # tri a=2 k=1 b=5 r=0
6,2,0,0,0,0,0,0,0,0,0,0,0,0,0,0,0,0,0,0,0,0,0,0,1 # tri a=2 k=1 b=6 r=0
-6,3,0,0,0,0,0,0,0,0,0,0,0,0,0,0,0,0,0,0,0,0,0,0,1 # tri a=3 k=1 b=-6 r=2
-5,3,0,0,0,0,0,0,0,0,0,0,0,0,0,0,0,0,0,0,0,0,0,0,1 # tri a=3 k=1 b=-5 r=2
-3,3,0,0,0,0,0,0,0,0,0,0,0,0,0,0,0,0,0,0,0,0,0,0,1 # tri a=3 k=1 b=-3 r=2
-2,3,0,0,0,0,0,0,0,0,0,0,0,0,0,0,0,0,0,0,0,0,0,0,1 # tri a=3 k=1 b=-2 r=2
3,3,0,0,0,0,0,0,0,0,0,0,0,0,0,0,0,0,0,0,0,0,0,0,1 # tri a=3 k=1 b=3 r=0
4,3,0,0,0,0,0,0,0,0,0,0,0,0,0,0,0,0,0,0,0,0,0,0,1 # tri a=3 k=1 b=4 r=0
5,3,0,0,0,0,0,0,0,0,0,0,0,0,0,0,0,0,0,0,0,0,0,0,1 # tri a=3 k=1 b=5 r=0
6,3,0,0,0,0,0,0,0,0,0,0,0,0,0,0,0,0,0,0,0,0,0,0,1 # tri a=3 k=1 b=6 r=0
-6,4,0,0,0,0,0,0,0,0,0,0,0,0,0,0,0,0,0,0,0,0,0,0,1 # tri a=4 k=1 b=-6 r=2
-4,4,0,0,0,0,0,0,0,0,0,0,0,0,0,0,0,0,0,0,0,0,0,0,1 # tri a=4 k=1 b=-4 r=2
-3,4,0,0,0,0,0,0,0,0,0,0,0,0,0,0,0,0,0,0,0,0,0,0,1 # tri a=4 k=1 b=-3 r=2
-2,4,0,0,0,0,0,0,0,0,0,0,0,0,0,0,0,0,0,0,0,0,0,0,1 # tri a=4 k=1 b=-2 r=2
2,4,0,0,0,0,0,0,0,0,0,0,0,0,0,0,0,0,0,0,0,0,0,0,1 # tri a=4 k=1 b=2 r=2
4,4,0,0,0,0,0,0,0,0,0,0,0,0,0,0,0,0,0,0,0,0,0,0,1 # tri a=4 k=1 b=4 r=0
5,4,0,0,0,0,0,0,0,0,0,0,0,0,0,0,0,0,0,0,0,0,0,0,1 # tri a=4 k=1 b=5 r=0
6,4,0,0,0,0,0,0,0,0,0,0,0,0,0,0,0,0,0,0,0,0,0,0,1 # tri a=4 k=1 b=6 r=0
-5,5,0,0,0,0,0,0,0,0,0,0,0,0,0,0,0,0,0,0,0,0,0,0,1 # tri a=5 k=1 b=-5 r=2
-4,5,0,0,0,0,0,0,0,0,0,0,0,0,0,0,0,0,0,0,0,0,0,0,1 # tri a=5 k=1 b=-4 r=2
-3,5,0,0,0,0,0,0,0,0,0,0,0,0,0,0,0,0,0,0,0,0,0,0,1 # tri a=5 k=1 b=-3 r=2
-2,5,0,0,0,0,0,0,0,0,0,0,0,0,0,0,0,0,0,0,0,0,0,0,1 # tri a=5 k=1 b=-2 r=2
2,5,0,0,0,0,0,0,0,0,0,0,0,0,0,0,0,0,0,0,0,0,0,0,1 # tri a=5 k=1 b=2 r=2
3,5,0,0,0,0,0,0,0,0,0,0,0,0,0,0,0,0,0,0,0,0,0,0,1 # tri a=5 k=1 b=3 r=2
5,5,0,0,0,0,0,0,0,0,0,0,0,0,0,0,0,0,0,0,0,0,0,0,1 # tri a=5 k=1 b=5 r=0
6,5,0,0,0,0,0,0,0,0,0,0,0,0,0,0,0,0,0,0,0,0,0,0,1 # tri a=5 k=1 b=6 r=0
-5,0,-5,0,0,0,0,0,0,0,0,0,0,0,0,0,0,0,0,0,0,0,0,0,1 # tri a=-5 k=2 b=-5 r=2
-4,0,-5,0,0,0,0,0,0,0,0,0,0,0,0,0,0,0,0,0,0,0,0,0,1 # tri a=-5 k=2 b=-4 r=2
-3,0,-5,0,0,0,0,0,0,0,0,0,0,0,0,0,0,0,0,0,0,0,0,0,1 # tri a=-5 k=2 b=-3 r=2
-2,0,-5,0,0,0,0,0,0,0,0,0,0,0,0,0,0,0,0,0,0,0,0,0,1 # tri a=-5 k=2 b=-2 r=2
2,0,-5,0,0,0,0,0,0,0,0,0,0,0,0,0,0,0,0,0,0,0,0,0,1 # tri a=-5 k=2 b=2 r=4
3,0,-5,0,0,0,0,0,0,0,0,0,0,0,0,0,0,0,0,0,0,0,0,0,1 # tri a=-5 k=2 b=3 r=4
5,0,-5,0,0,0,0,0,0,0,0,0,0,0,0,0,0,0,0,0,0,0,0,0,1 # tri a=-5 k=2 b=5 r=0
6,0,-5,0,0,0,0,0,0,0,0,0,0,0,0,0,0,0,0,0,0,0,0,0,1 # tri a=-5 k=2 b=6 r=0
-6,0,-4,0,0,0,0,0,0,0,0,0,0,0,0,0,0,0,0,0,0,0,0,0,1 # tri a=-4 k=2 b=-6 r=2
-4,0,-4,0,0,0,0,0,0,0,0,0,0,0,0,0,0,0,0,0,0,0,0,0,1 # tri a=-4 k=2 b=-4 r=2
-3,0,-4,0,0,0,0,0,0,0,0,0,0,0,0,0,0,0,0,0,0,0,0,0,1 # tri a=-4 k=2 b=-3 r=2
-2,0,-4,0,0,0,0,0,0,0,0,0,0,0,0,0,0,0,0,0,0,0,0,0,1 # tri a=-4 k=2 b=-2 r=2
2,0,-4,0,0,0,0,0,0,0,0,0,0,0,0,0,0,0,0,0,0,0,0,0,1 # tri a=-4 k=2 b=2 r=4
4,0,-4,0,0,0,0,0,0,0,0,0,0,0,0,0,0,0,0,0,0,0,0,0,1 # tri a=-4 k=2 b=4 r=0
5,0,-4,0,0,0,0,0,0,0,0,0,0,0,0,0,0,0,0,0,0,0,0,0,1 # tri a=-4 k=2 b=5 r=0
6,0,-4,0,0,0,0,0,0,0,0,0,0,0,0,0,0,0,0,0,0,0,0,0,1 # tri a=-4 k=2 b=6 r=0
-6,0,-3,0,0,0,0,0,0,0,0,0,0,0,0,0,0,0,0,0,0,0,0,0,1 # tri a=-3 k=2 b=-6 r=2
-5,0,-3,0,0,0,0,0,0,0,0,0,0,0,0,0,0,0,0,0,0,0,0,0,1 # tri a=-3 k=2 b=-5 r=2
-3,0,-3,0,0,0,0,0,0,0,0,0,0,0,0,0,0,0,0,0,0,0,0,0,1 # tri a=-3 k=2 b=-3 r=2
-2,0,-3,0,0,0,0,0,0,0,0,0,0,0,0,0,0,0,0,0,0,0,0,0,1 # tri a=-3 k=2 b=-2 r=2
3,0,-3,0,0,0,0,0,0,0,0,0,0,0,0,0,0,0,0,0,0,0,0,0,1 # tri a=-3 k=2 b=3 r=0
4,0,-3,0,0,0,0,0,0,0,0,0,0,0,0,0,0,0,0,0,0,0,0,0,1 # tri a=-3 k=2 b=4 r=0
5,0,-3,0,0,0,0,0,0,0,0,0,0,0,0,0,0,0,0,0,0,0,0,0,1 # tri a=-3 k=2 b=5 r=0
6,0,-3,0,0,0,0,0,0,0,0,0,0,0,0,0,0,0,0,0,0,0,0,0,1 # tri a=-3 k=2 b=6 r=0
-6,0,-2,0,0,0,0,0,0,0,0,0,0,0,0,0,0,0,0,0,0,0,0,0,1 # tri a=-2 k=2 b=-6 r=2
-5,0,-2,0,0,0,0,0,0,0,0,0,0,0,0,0,0,0,0,0,0,0,0,0,1 # tri a=-2 k=2 b=-5 r=2
-4,0,-2,0,0,0,0,0,0,0,0,0,0,0,0,0,0,0,0,0,0,0,0,0,1 # tri a=-2 k=2 b=-4 r=2
-2,0,-2,0,0,0,0,0,0,0,0,0,0,0,0,0,0,0,0,0,0,0,0,0,1 # tri a=-2 k=2 b=-2 r=2
2,0,-2,0,0,0,0,0,0,0,0,0,0,0,0,0,0,0,0,0,0,0,0,0,1 # tri a=-2 k=2 b=2 r=0
3,0,-2,0,0,0,0,0,0,0,0,0,0,0,0,0,0,0,0,0,0,0,0,0,1 # tri a=-2 k=2 b=3 r=0
4,0,-2,0,0,0,0,0,0,0,0,0,0,0,0,0,0,0,0,0,0,0,0,0,1 # tri a=-2 k=2 b=4 r=0
5,0,-2,0,0,0,0,0,0,0,0,0,0,0,0,0,0,0,0,0,0,0,0,0,1 # tri a=-2 k=2 b=5 r=0
6,0,-2,0,0,0,0,0,0,0,0,0,0,0,0,0,0,0,0,0,0,0,0,0,1 # tri a=-2 k=2 b=6 r=0
-6,0,2,0,0,0,0,0,0,0,0,0,0,0,0,0,0,0,0,0,0,0,0,0,1 # tri a=2 k=2 b=-6 r=2
-5,0,2,0,0,0,0,0,0,0,0,0,0,0,0,0,0,0,0,0,0,0,0,0,1 # tri a=2 k=2 b=-5 r=2
-4,0,2,0,0,0,0,0,0,0,0,0,0,0,0,0,0,0,0,0,0,0,0,0,1 # tri a=2 k=2 b=-4 r=2
-2,0,2,0,0,0,0,0,0,0,0,0,0,0,0,0,0,0,0,0,0,0,0,0,1 # tri a=2 k=2 b=-2 r=2
2,0,2,0,0,0,0,0,0,0,0,0,0,0,0,0,0,0,0,0,0,0,0,0,1 # tri a=2 k=2 b=2 r=0
3,0,2,0,0,0,0,0,0,0,0,0,0,0,0,0,0,0,0,0,0,0,0,0,1 # tri a=2 k=2 b=3 r=0
4,0,2,0,0,0,0,0,0,0,0,0,0,0,0,0,0,0,0,0,0,0,0,0,1 # tri a=2 k=2 b=4 r=0
5,0,2,0,0,0,0,0,0,0,0,0,0,0,0,0,0,0,0,0,0,0,0,0,1 # tri a=2 k=2 b=5 r=0
6,0,2,0,0,0,0,0,0,0,0,0,0,0,0,0,0,0,0,0,0,0,0,0,1 # tri a=2 k=2 b=6 r=0
-6,0,3,0,0,0,0,0,0,0,0,0,0,0,0,0,0,0,0,0,0,0,0,0,1 # tri a=3 k=2 b=-6 r=2
-5,0,3,0,0,0,0,0,0,0,0,0,0,0,0,0,0,0,0,0,0,0,0,0,1 # tri a=3 k=2 b=-5 r=2
-3,0,3,0,0,0,0,0,0,0,0,0,0,0,0,0,0,0,0,0,0,0,0,0,1 # tri a=3 k=2 b=-3 r=2
-2,0,3,0,0,0,0,0,0,0,0,0,0,0,0,0,0,0,0,0,0,0,0,0,1 # tri a=3 k=2 b=-2 r=2
3,0,3,0,0,0,0,0,0,0,0,0,0,0,0,0,0,0,0,0,0,0,0,0,1 # tri a=3 k=2 b=3 r=0
4,0,3,0,0,0,0,0,0,0,0,0,0,0,0,0,0,0,0,0,0,0,0,0,1 # tri a=3 k=2 b=4 r=0
5,0,3,0,0,0,0,0,0,0,0,0,0,0,0,0,0,0,0,0,0,0,0,0,1 # tri a=3 k=2 b=5 r=0
6,0,3,0,0,0,0,0,0,0,0,0,0,0,0,0,0,0,0,0,0,0,0,0,1 # tri a=3 k=2 b=6 r=0
-6,0,4,0,0,0,0,0,0,0,0,0,0,0,0,0,0,0,0,0,0,0,0,0,1 # tri a=4 k=2 b=-6 r=2
-4,0,4,0,0,0,0,0,0,0,0,0,0,0,0,0,0,0,0,0,0,0,0,0,1 # tri a=4 k=2 b=-4 r=2
-3,0,4,0,0,0,0,0,0,0,0,0,0,0,0,0,0,0,0,0,0,0,0,0,1 # tri a=4 k=2 b=-3 r=2
-2,0,4,0,0,0,0,0,0,0,0,0,0,0,0,0,0,0,0,0,0,0,0,0,1 # tri a=4 k=2 b=-2 r=2
2,0,4,0,0,0,0,0,0,0,0,0,0,0,0,0,0,0,0,0,0,0,0,0,1 # tri a=4 k=2 b=2 r=0
4,0,4,0,0,0,0,0,0,0,0,0,0,0,0,0,0,0,0,0,0,0,0,0,1 # tri a=4 k=2 b=4 r=0
5,0,4,0,0,0,0,0,0,0,0,0,0,0,0,0,0,0,0,0,0,0,0,0,1 # tri a=4 k=2 b=5 r=0
6,0,4,0,0,0,0,0,0,0,0,0,0,0,0,0,0,0,0,0,0,0,0,0,1 # tri a=4 k=2 b=6 r=0
-5,0,5,0,0,0,0,0,0,0,0,0,0,0,0,0,0,0,0,0,0,0,0,0,1 # tri a=5 k=2 b=-5 r=2
-4,0,5,0,0,0,0,0,0,0,0,0,0,0,0,0,0,0,0,0,0,0,0,0,1 # tri a=5 k=2 b=-4 r=2
-3,0,5,0,0,0,0,0,0,0,0,0,0,0,0,0,0,0,0,0,0,0,0,0,1 # tri a=5 k=2 b=-3 r=2
-2,0,5,0,0,0,0,0,0,0,0,0,0,0,0,0,0,0,0,0,0,0,0,0,1 # tri a=5 k=2 b=-2 r=2
2,0,5,0,0,0,0,0,0,0,0,0,0,0,0,0,0,0,0,0,0,0,0,0,1 # tri a=5 k=2 b=2 r=0
3,0,5,0,0,0,0,0,0,0,0,0,0,0,0,0,0,0,0,0,0,0,0,0,1 # tri a=5 k=2 b=3 r=0
5,0,5,0,0,0,0,0,0,0,0,0,0,0,0,0,0,0,0,0,0,0,0,0,1 # tri a=5 k=2 b=5 r=0
6,0,5,0,0,0,0,0,0,0,0,0,0,0,0,0,0,0,0,0,0,0,0,0,1 # tri a=5 k=2 b=6 r=0
-5,0,0,-5,0,0,0,0,0,0,0,0,0,0,0,0,0,0,0,0,0,0,0,0,1 # tri a=-5 k=3 b=-5 r=2
-4,0,0,-5,0,0,0,0,0,0,0,0,0,0,0,0,0,0,0,0,0,0,0,0,1 # tri a=-5 k=3 b=-4 r=2
-3,0,0,-5,0,0,0,0,0,0,0,0,0,0,0,0,0,0,0,0,0,0,0,0,1 # tri a=-5 k=3 b=-3 r=2
-2,0,0,-5,0,0,0,0,0,0,0,0,0,0,0,0,0,0,0,0,0,0,0,0,1 # tri a=-5 k=3 b=-2 r=2
2,0,0,-5,0,0,0,0,0,0,0,0,0,0,0,0,0,0,0,0,0,0,0,0,1 # tri a=-5 k=3 b=2 r=2
3,0,0,-5,0,0,0,0,0,0,0,0,0,0,0,0,0,0,0,0,0,0,0,0,1 # tri a=-5 k=3 b=3 r=2
5,0,0,-5,0,0,0,0,0,0,0,0,0,0,0,0,0,0,0,0,0,0,0,0,1 # tri a=-5 k=3 b=5 r=0
6,0,0,-5,0,0,0,0,0,0,0,0,0,0,0,0,0,0,0,0,0,0,0,0,1 # tri a=-5 k=3 b=6 r=0
-6,0,0,-4,0,0,0,0,0,0,0,0,0,0,0,0,0,0,0,0,0,0,0,0,1 # tri a=-4 k=3 b=-6 r=2
-4,0,0,-4,0,0,0,0,0,0,0,0,0,0,0,0,0,0,0,0,0,0,0,0,1 # tri a=-4 k=3 b=-4 r=2
-3,0,0,-4,0,0,0,0,0,0,0,0,0,0,0,0,0,0,0,0,0,0,0,0,1 # tri a=-4 k=3 b=-3 r=2
-2,0,0,-4,0,0,0,0,0,0,0,0,0,0,0,0,0,0,0,0,0,0,0,0,1 # tri a=-4 k=3 b=-2 r=2
2,0,0,-4,0,0,0,0,0,0,0,0,0,0,0,0,0,0,0,0,0,0,0,0,1 # tri a=-4 k=3 b=2 r=2
4,0,0,-4,0,0,0,0,0,0,0,0,0,0,0,0,0,0,0,0,0,0,0,0,1 # tri a=-4 k=3 b=4 r=0
5,0,0,-4,0,0,0,0,0,0,0,0,0,0,0,0,0,0,0,0,0,0,0,0,1 # tri a=-4 k=3 b=5 r=0
6,0,0,-4,0,0,0,0,0,0,0,0,0,0,0,0,0,0,0,0,0,0,0,0,1 # tri a=-4 k=3 b=6 r=0
-6,0,0,-3,0,0,0,0,0,0,0,0,0,0,0,0,0,0,0,0,0,0,0,0,1 # tri a=-3 k=3 b=-6 r=2
-5,0,0,-3,0,0,0,0,0,0,0,0,0,0,0,0,0,0,0,0,0,0,0,0,1 # tri a=-3 k=3 b=-5 r=2
-3,0,0,-3,0,0,0,0,0,0,0,0,0,0,0,0,0,0,0,0,0,0,0,0,1 # tri a=-3 k=3 b=-3 r=2
-2,0,0,-3,0,0,0,0,0,0,0,0,0,0,0,0,0,0,0,0,0,0,0,0,1 # tri a=-3 k=3 b=-2 r=2
3,0,0,-3,0,0,0,0,0,0,0,0,0,0,0,0,0,0,0,0,0,0,0,0,1 # tri a=-3 k=3 b=3 r=0
4,0,0,-3,0,0,0,0,0,0,0,0,0,0,0,0,0,0,0,0,0,0,0,0,1 # tri a=-3 k=3 b=4 r=0
5,0,0,-3,0,0,0,0,0,0,0,0,0,0,0,0,0,0,0,0,0,0,0,0,1 # tri a=-3 k=3 b=5 r=0
6,0,0,-3,0,0,0,0,0,0,0,0,0,0,0,0,0,0,0,0,0,0,0,0,1 # tri a=-3 k=3 b=6 r=0
-6,0,0,-2,0,0,0,0,0,0,0,0,0,0,0,0,0,0,0,0,0,0,0,0,1 # tri a=-2 k=3 b=-6 r=2
-5,0,0,-2,0,0,0,0,0,0,0,0,0,0,0,0,0,0,0,0,0,0,0,0,1 # tri a=-2 k=3 b=-5 r=2
-4,0,0,-2,0,0,0,0,0,0,0,0,0,0,0,0,0,0,0,0,0,0,0,0,1 # tri a=-2 k=3 b=-4 r=2
-2,0,0,-2,0,0,0,0,0,0,0,0,0,0,0,0,0,0,0,0,0,0,0,0,1 # tri a=-2 k=3 b=-2 r=2
2,0,0,-2,0,0,0,0,0,0,0,0,0,0,0,0,0,0,0,0,0,0,0,0,1 # tri a=-2 k=3 b=2 r=0
3,0,0,-2,0,0,0,0,0,0,0,0,0,0,0,0,0,0,0,0,0,0,0,0,1 # tri a=-2 k=3 b=3 r=0
4,0,0,-2,0,0,0,0,0,0,0,0,0,0,0,0,0,0,0,0,0,0,0,0,1 # tri a=-2 k=3 b=4 r=0
5,0,0,-2,0,0,0,0,0,0,0,0,0,0,0,0,0,0,0,0,0,0,0,0,1 # tri a=-2 k=3 b=5 r=0
6,0,0,-2,0,0,0,0,0,0,0,0,0,0,0,0,0,0,0,0,0,0,0,0,1 # tri a=-2 k=3 b=6 r=0
-6,0,0,2,0,0,0,0,0,0,0,0,0,0,0,0,0,0,0,0,0,0,0,0,1 # tri a=2 k=3 b=-6 r=2
-5,0,0,2,0,0,0,0,0,0,0,0,0,0,0,0,0,0,0,0,0,0,0,0,1 # tri a=2 k=3 b=-5 r=2
-4,0,0,2,0,0,0,0,0,0,0,0,0,0,0,0,0,0,0,0,0,0,0,0,1 # tri a=2 k=3 b=-4 r=2
-2,0,0,2,0,0,0,0,0,0,0,0,0,0,0,0,0,0,0,0,0,0,0,0,1 # tri a=2 k=3 b=-2 r=2
2,0,0,2,0,0,0,0,0,0,0,0,0,0,0,0,0,0,0,0,0,0,0,0,1 # tri a=2 k=3 b=2 r=0
3,0,0,2,0,0,0,0,0,0,0,0,0,0,0,0,0,0,0,0,0,0,0,0,1 # tri a=2 k=3 b=3 r=0
4,0,0,2,0,0,0,0,0,0,0,0,0,0,0,0,0,0,0,0,0,0,0,0,1 # tri a=2 k=3 b=4 r=0
5,0,0,2,0,0,0,0,0,0,0,0,0,0,0,0,0,0,0,0,0,0,0,0,1 # tri a=2 k=3 b=5 r=0
6,0,0,2,0,0,0,0,0,0,0,0,0,0,0,0,0,0,0,0,0,0,0,0,1 # tri a=2 k=3 b=6 r=0
-6,0,0,3,0,0,0,0,0,0,0,0,0,0,0,0,0,0,0,0,0,0,0,0,1 # tri a=3 k=3 b=-6 r=2
-5,0,0,3,0,0,0,0,0,0,0,0,0,0,0,0,0,0,0,0,0,0,0,0,1 # tri a=3 k=3 b=-5 r=2
-3,0,0,3,0,0,0,0,0,0,0,0,0,0,0,0,0,0,0,0,0,0,0,0,1 # tri a=3 k=3 b=-3 r=2
-2,0,0,3,0,0,0,0,0,0,0,0,0,0,0,0,0,0,0,0,0,0,0,0,1 # tri a=3 k=3 b=-2 r=2
3,0,0,3,0,0,0,0,0,0,0,0,0,0,0,0,0,0,0,0,0,0,0,0,1 # tri a=3 k=3 b=3 r=0
4,0,0,3,0,0,0,0,0,0,0,0,0,0,0,0,0,0,0,0,0,0,0,0,1 # tri a=3 k=3 b=4 r=0
5,0,0,3,0,0,0,0,0,0,0,0,0,0,0,0,0,0,0,0,0,0,0,0,1 # tri a=3 k=3 b=5 r=0
6,0,0,3,0,0,0,0,0,0,0,0,0,0,0,0,0,0,0,0,0,0,0,0,1 # tri a=3 k=3 b=6 r=0
-6,0,0,4,0,0,0,0,0,0,0,0,0,0,0,0,0,0,0,0,0,0,0,0,1 # tri a=4 k=3 b=-6 r=2
-4,0,0,4,0,0,0,0,0,0,0,0,0,0,0,0,0,0,0,0,0,0,0,0,1 # tri a=4 k=3 b=-4 r=2
-3,0,0,4,0,0,0,0,0,0,0,0,0,0,0,0,0,0,0,0,0,0,0,0,1 # tri a=4 k=3 b=-3 r=2
-2,0,0,4,0,0,0,0,0,0,0,0,0,0,0,0,0,0,0,0,0,0,0,0,1 # tri a=4 k=3 b=-2 r=2
2,0,0,4,0,0,0,0,0,0,0,0,0,0,0,0,0,0,0,0,0,0,0,0,1 # tri a=4 k=3 b=2 r=2
4,0,0,4,0,0,0,0,0,0,0,0,0,0,0,0,0,0,0,0,0,0,0,0,1 # tri a=4 k=3 b=4 r=0
5,0,0,4,0,0,0,0,0,0,0,0,0,0,0,0,0,0,0,0,0,0,0,0,1 # tri a=4 k=3 b=5 r=0
6,0,0,4,0,0,0,0,0,0,0,0,0,0,0,0,0,0,0,0,0,0,0,0,1 # tri a=4 k=3 b=6 r=0
-5,0,0,5,0,0,0,0,0,0,0,0,0,0,0,0,0,0,0,0,0,0,0,0,1 # tri a=5 k=3 b=-5 r=2
-4,0,0,5,0,0,0,0,0,0,0,0,0,0,0,0,0,0,0,0,0,0,0,0,1 # tri a=5 k=3 b=-4 r=2
-3,0,0,5,0,0,0,0,0,0,0,0,0,0,0,0,0,0,0,0,0,0,0,0,1 # tri a=5 k=3 b=-3 r=2
-2,0,0,5,0,0,0,0,0,0,0,0,0,0,0,0,0,0,0,0,0,0,0,0,1 # tri a=5 k=3 b=-2 r=2
2,0,0,5,0,0,0,0,0,0,0,0,0,0,0,0,0,0,0,0,0,0,0,0,1 # tri a=5 k=3 b=2 r=2
3,0,0,5,0,0,0,0,0,0,0,0,0,0,0,0,0,0,0,0,0,0,0,0,1 # tri a=5 k=3 b=3 r=2
5,0,0,5,0,0,0,0,0,0,0,0,0,0,0,0,0,0,0,0,0,0,0,0,1 # tri a=5 k=3 b=5 r=0
6,0,0,5,0,0,0,0,0,0,0,0,0,0,0,0,0,0,0,0,0,0,0,0,1 # tri a=5 k=3 b=6 r=0
-5,0,0,0,-5,0,0,0,0,0,0,0,0,0,0,0,0,0,0,0,0,0,0,0,1 # tri a=-5 k=4 b=-5 r=2
-4,0,0,0,-5,0,0,0,0,0,0,0,0,0,0,0,0,0,0,0,0,0,0,0,1 # tri a=-5 k=4 b=-4 r=2
-3,0,0,0,-5,0,0,0,0,0,0,0,0,0,0,0,0,0,0,0,0,0,0,0,1 # tri a=-5 k=4 b=-3 r=2
2,0,0,0,-5,0,0,0,0,0,0,0,0,0,0,0,0,0,0,0,0,0,0,0,1 # tri a=-5 k=4 b=2 r=4
3,0,0,0,-5,0,0,0,0,0,0,0,0,0,0,0,0,0,0,0,0,0,0,0,1 # tri a=-5 k=4 b=3 r=4
5,0,0,0,-5,0,0,0,0,0,0,0,0,0,0,0,0,0,0,0,0,0,0,0,1 # tri a=-5 k=4 b=5 r=0
6,0,0,0,-5,0,0,0,0,0,0,0,0,0,0,0,0,0,0,0,0,0,0,0,1 # tri a=-5 k=4 b=6 r=0
-6,0,0,0,-4,0,0,0,0,0,0,0,0,0,0,0,0,0,0,0,0,0,0,0,1 # tri a=-4 k=4 b=-6 r=2
-4,0,0,0,-4,0,0,0,0,0,0,0,0,0,0,0,0,0,0,0,0,0,0,0,1 # tri a=-4 k=4 b=-4 r=2
-3,0,0,0,-4,0,0,0,0,0,0,0,0,0,0,0,0,0,0,0,0,0,0,0,1 # tri a=-4 k=4 b=-3 r=2
-2,0,0,0,-4,0,0,0,0,0,0,0,0,0,0,0,0,0,0,0,0,0,0,0,1 # tri a=-4 k=4 b=-2 r=2
2,0,0,0,-4,0,0,0,0,0,0,0,0,0,0,0,0,0,0,0,0,0,0,0,1 # tri a=-4 k=4 b=2 r=4
4,0,0,0,-4,0,0,0,0,0,0,0,0,0,0,0,0,0,0,0,0,0,0,0,1 # tri a=-4 k=4 b=4 r=0
5,0,0,0,-4,0,0,0,0,0,0,0,0,0,0,0,0,0,0,0,0,0,0,0,1 # tri a=-4 k=4 b=5 r=0
6,0,0,0,-4,0,0,0,0,0,0,0,0,0,0,0,0,0,0,0,0,0,0,0,1 # tri a=-4 k=4 b=6 r=0
-6,0,0,0,-3,0,0,0,0,0,0,0,0,0,0,0,0,0,0,0,0,0,0,0,1 # tri a=-3 k=4 b=-6 r=2
-5,0,0,0,-3,0,0,0,0,0,0,0,0,0,0,0,0,0,0,0,0,0,0,0,1 # tri a=-3 k=4 b=-5 r=2
-3,0,0,0,-3,0,0,0,0,0,0,0,0,0,0,0,0,0,0,0,0,0,0,0,1 # tri a=-3 k=4 b=-3 r=2
-2,0,0,0,-3,0,0,0,0,0,0,0,0,0,0,0,0,0,0,0,0,0,0,0,1 # tri a=-3 k=4 b=-2 r=2
3,0,0,0,-3,0,0,0,0,0,0,0,0,0,0,0,0,0,0,0,0,0,0,0,1 # tri a=-3 k=4 b=3 r=0
4,0,0,0,-3,0,0,0,0,0,0,0,0,0,0,0,0,0,0,0,0,0,0,0,1 # tri a=-3 k=4 b=4 r=0
5,0,0,0,-3,0,0,0,0,0,0,0,0,0,0,0,0,0,0,0,0,0,0,0,1 # tri a=-3 k=4 b=5 r=0
6,0,0,0,-3,0,0,0,0,0,0,0,0,0,0,0,0,0,0,0,0,0,0,0,1 # tri a=-3 k=4 b=6 r=0
-6,0,0,0,-2,0,0,0,0,0,0,0,0,0,0,0,0,0,0,0,0,0,0,0,1 # tri a=-2 k=4 b=-6 r=2
-5,0,0,0,-2,0,0,0,0,0,0,0,0,0,0,0,0,0,0,0,0,0,0,0,1 # tri a=-2 k=4 b=-5 r=2
-4,0,0,0,-2,0,0,0,0,0,0,0,0,0,0,0,0,0,0,0,0,0,0,0,1 # tri a=-2 k=4 b=-4 r=2
-2,0,0,0,-2,0,0,0,0,0,0,0,0,0,0,0,0,0,0,0,0,0,0,0,1 # tri a=-2 k=4 b=-2 r=2
2,0,0,0,-2,0,0,0,0,0,0,0,0,0,0,0,0,0,0,0,0,0,0,0,1 # tri a=-2 k=4 b=2 r=0
3,0,0,0,-2,0,0,0,0,0,0,0,0,0,0,0,0,0,0,0,0,0,0,0,1 # tri a=-2 k=4 b=3 r=0
4,0,0,0,-2,0,0,0,0,0,0,0,0,0,0,0,0,0,0,0,0,0,0,0,1 # tri a=-2 k=4 b=4 r=0
5,0,0,0,-2,0,0,0,0,0,0,0,0,0,0,0,0,0,0,0,0,0,0,0,1 # tri a=-2 k=4 b=5 r=0
6,0,0,0,-2,0,0,0,0,0,0,0,0,0,0,0,0,0,0,0,0,0,0,0,1 # tri a=-2 k=4 b=6 r=0
-6,0,0,0,2,0,0,0,0,0,0,0,0,0,0,0,0,0,0,0,0,0,0,0,1 # tri a=2 k=4 b=-6 r=2
-5,0,0,0,2,0,0,0,0,0,0,0,0,0,0,0,0,0,0,0,0,0,0,0,1 # tri a=2 k=4 b=-5 r=2
-4,0,0,0,2,0,0,0,0,0,0,0,0,0,0,0,0,0,0,0,0,0,0,0,1 # tri a=2 k=4 b=-4 r=2
-2,0,0,0,2,0,0,0,0,0,0,0,0,0,0,0,0,0,0,0,0,0,0,0,1 # tri a=2 k=4 b=-2 r=2
2,0,0,0,2,0,0,0,0,0,0,0,0,0,0,0,0,0,0,0,0,0,0,0,1 # tri a=2 k=4 b=2 r=0
3,0,0,0,2,0,0,0,0,0,0,0,0,0,0,0,0,0,0,0,0,0,0,0,1 # tri a=2 k=4 b=3 r=0
4,0,0,0,2,0,0,0,0,0,0,0,0,0,0,0,0,0,0,0,0,0,0,0,1 # tri a=2 k=4 b=4 r=0
5,0,0,0,2,0,0,0,0,0,0,0,0,0,0,0,0,0,0,0,0,0,0,0,1 # tri a=2 k=4 b=5 r=0
6,0,0,0,2,0,0,0,0,0,0,0,0,0,0,0,0,0,0,0,0,0,0,0,1 # tri a=2 k=4 b=6 r=0
-6,0,0,0,3,0,0,0,0,0,0,0,0,0,0,0,0,0,0,0,0,0,0,0,1 # tri a=3 k=4 b=-6 r=2
-5,0,0,0,3,0,0,0,0,0,0,0,0,0,0,0,0,0,0,0,0,0,0,0,1 # tri a=3 k=4 b=-5 r=2
-3,0,0,0,3,0,0,0,0,0,0,0,0,0,0,0,0,0,0,0,0,0,0,0,1 # tri a=3 k=4 b=-3 r=2
-2,0,0,0,3,0,0,0,0,0,0,0,0,0,0,0,0,0,0,0,0,0,0,0,1 # tri a=3 k=4 b=-2 r=2
3,0,0,0,3,0,0,0,0,0,0,0,0,0,0,0,0,0,0,0,0,0,0,0,1 # tri a=3 k=4 b=3 r=0
4,0,0,0,3,0,0,0,0,0,0,0,0,0,0,0,0,0,0,0,0,0,0,0,1 # tri a=3 k=4 b=4 r=0
5,0,0,0,3,0,0,0,0,0,0,0,0,0,0,0,0,0,0,0,0,0,0,0,1 # tri a=3 k=4 b=5 r=0
6,0,0,0,3,0,0,0,0,0,0,0,0,0,0,0,0,0,0,0,0,0,0,0,1 # tri a=3 k=4 b=6 r=0
-6,0,0,0,4,0,0,0,0,0,0,0,0,0,0,0,0,0,0,0,0,0,0,0,1 # tri a=4 k=4 b=-6 r=2
-4,0,0,0,4,0,0,0,0,0,0,0,0,0,0,0,0,0,0,0,0,0,0,0,1 # tri a=4 k=4 b=-4 r=2
-3,0,0,0,4,0,0,0,0,0,0,0,0,0,0,0,0,0,0,0,0,0,0,0,1 # tri a=4 k=4 b=-3 r=2
-2,0,0,0,4,0,0,0,0,0,0,0,0,0,0,0,0,0,0,0,0,0,0,0,1 # tri a=4 k=4 b=-2 r=2
2,0,0,0,4,0,0,0,0,0,0,0,0,0,0,0,0,0,0,0,0,0,0,0,1 # tri a=4 k=4 b=2 r=0
4,0,0,0,4,0,0,0,0,0,0,0,0,0,0,0,0,0,0,0,0,0,0,0,1 # tri a=4 k=4 b=4 r=0
5,0,0,0,4,0,0,0,0,0,0,0,0,0,0,0,0,0,0,0,0,0,0,0,1 # tri a=4 k=4 b=5 r=0
6,0,0,0,4,0,0,0,0,0,0,0,0,0,0,0,0,0,0,0,0,0,0,0,1 # tri a=4 k=4 b=6 r=0
-5,0,0,0,5,0,0,0,0,0,0,0,0,0,0,0,0,0,0,0,0,0,0,0,1 # tri a=5 k=4 b=-5 r=2
-4,0,0,0,5,0,0,0,0,0,0,0,0,0,0,0,0,0,0,0,0,0,0,0,1 # tri a=5 k=4 b=-4 r=2
-3,0,0,0,5,0,0,0,0,0,0,0,0,0,0,0,0,0,0,0,0,0,0,0,1 # tri a=5 k=4 b=-3 r=2
2,0,0,0,5,0,0,0,0,0,0,0,0,0,0,0,0,0,0,0,0,0,0,0,1 # tri a=5 k=4 b=2 r=0
3,0,0,0,5,0,0,0,0,0,0,0,0,0,0,0,0,0,0,0,0,0,0,0,1 # tri a=5 k=4 b=3 r=0
5,0,0,0,5,0,0,0,0,0,0,0,0,0,0,0,0,0,0,0,0,0,0,0,1 # tri a=5 k=4 b=5 r=0
6,0,0,0,5,0,0,0,0,0,0,0,0,0,0,0,0,0,0,0,0,0,0,0,1 # tri a=5 k=4 b=6 r=0
-5,0,0,0,0,-5,0,0,0,0,0,0,0,0,0,0,0,0,0,0,0,0,0,0,1 # tri a=-5 k=5 b=-5 r=2
-4,0,0,0,0,-5,0,0,0,0,0,0,0,0,0,0,0,0,0,0,0,0,0,0,1 # tri a=-5 k=5 b=-4 r=2
-3,0,0,0,0,-5,0,0,0,0,0,0,0,0,0,0,0,0,0,0,0,0,0,0,1 # tri a=-5 k=5 b=-3 r=2
-2,0,0,0,0,-5,0,0,0,0,0,0,0,0,0,0,0,0,0,0,0,0,0,0,1 # tri a=-5 k=5 b=-2 r=2
2,0,0,0,0,-5,0,0,0,0,0,0,0,0,0,0,0,0,0,0,0,0,0,0,1 # tri a=-5 k=5 b=2 r=2
3,0,0,0,0,-5,0,0,0,0,0,0,0,0,0,0,0,0,0,0,0,0,0,0,1 # tri a=-5 k=5 b=3 r=2
5,0,0,0,0,-5,0,0,0,0,0,0,0,0,0,0,0,0,0,0,0,0,0,0,1 # tri a=-5 k=5 b=5 r=0
6,0,0,0,0,-5,0,0,0,0,0,0,0,0,0,0,0,0,0,0,0,0,0,0,1 # tri a=-5 k=5 b=6 r=0
-6,0,0,0,0,-4,0,0,0,0,0,0,0,0,0,0,0,0,0,0,0,0,0,0,1 # tri a=-4 k=5 b=-6 r=2
-4,0,0,0,0,-4,0,0,0,0,0,0,0,0,0,0,0,0,0,0,0,0,0,0,1 # tri a=-4 k=5 b=-4 r=2
-3,0,0,0,0,-4,0,0,0,0,0,0,0,0,0,0,0,0,0,0,0,0,0,0,1 # tri a=-4 k=5 b=-3 r=2
-2,0,0,0,0,-4,0,0,0,0,0,0,0,0,0,0,0,0,0,0,0,0,0,0,1 # tri a=-4 k=5 b=-2 r=2
2,0,0,0,0,-4,0,0,0,0,0,0,0,0,0,0,0,0,0,0,0,0,0,0,1 # tri a=-4 k=5 b=2 r=2
4,0,0,0,0,-4,0,0,0,0,0,0,0,0,0,0,0,0,0,0,0,0,0,0,1 # tri a=-4 k=5 b=4 r=0
5,0,0,0,0,-4,0,0,0,0,0,0,0,0,0,0,0,0,0,0,0,0,0,0,1 # tri a=-4 k=5 b=5 r=0
6,0,0,0,0,-4,0,0,0,0,0,0,0,0,0,0,0,0,0,0,0,0,0,0,1 # tri a=-4 k=5 b=6 r=0
-6,0,0,0,0,-3,0,0,0,0,0,0,0,0,0,0,0,0,0,0,0,0,0,0,1 # tri a=-3 k=5 b=-6 r=2
-5,0,0,0,0,-3,0,0,0,0,0,0,0,0,0,0,0,0,0,0,0,0,0,0,1 # tri a=-3 k=5 b=-5 r=2
-3,0,0,0,0,-3,0,0,0,0,0,0,0,0,0,0,0,0,0,0,0,0,0,0,1 # tri a=-3 k=5 b=-3 r=2
-2,0,0,0,0,-3,0,0,0,0,0,0,0,0,0,0,0,0,0,0,0,0,0,0,1 # tri a=-3 k=5 b=-2 r=2
3,0,0,0,0,-3,0,0,0,0,0,0,0,0,0,0,0,0,0,0,0,0,0,0,1 # tri a=-3 k=5 b=3 r=0
4,0,0,0,0,-3,0,0,0,0,0,0,0,0,0,0,0,0,0,0,0,0,0,0,1 # tri a=-3 k=5 b=4 r=0
5,0,0,0,0,-3,0,0,0,0,0,0,0,0,0,0,0,0,0,0,0,0,0,0,1 # tri a=-3 k=5 b=5 r=0
6,0,0,0,0,-3,0,0,0,0,0,0,0,0,0,0,0,0,0,0,0,0,0,0,1 # tri a=-3 k=5 b=6 r=0
-6,0,0,0,0,-2,0,0,0,0,0,0,0,0,0,0,0,0,0,0,0,0,0,0,1 # tri a=-2 k=5 b=-6 r=2
-5,0,0,0,0,-2,0,0,0,0,0,0,0,0,0,0,0,0,0,0,0,0,0,0,1 # tri a=-2 k=5 b=-5 r=2
-4,0,0,0,0,-2,0,0,0,0,0,0,0,0,0,0,0,0,0,0,0,0,0,0,1 # tri a=-2 k=5 b=-4 r=2
-2,0,0,0,0,-2,0,0,0,0,0,0,0,0,0,0,0,0,0,0,0,0,0,0,1 # tri a=-2 k=5 b=-2 r=2
2,0,0,0,0,-2,0,0,0,0,0,0,0,0,0,0,0,0,0,0,0,0,0,0,1 # tri a=-2 k=5 b=2 r=0
3,0,0,0,0,-2,0,0,0,0,0,0,0,0,0,0,0,0,0,0,0,0,0,0,1 # tri a=-2 k=5 b=3 r=0
4,0,0,0,0,-2,0,0,0,0,0,0,0,0,0,0,0,0,0,0,0,0,0,0,1 # tri a=-2 k=5 b=4 r=0
5,0,0,0,0,-2,0,0,0,0,0,0,0,0,0,0,0,0,0,0,0,0,0,0,1 # tri a=-2 k=5 b=5 r=0
6,0,0,0,0,-2,0,0,0,0,0,0,0,0,0,0,0,0,0,0,0,0,0,0,1 # tri a=-2 k=5 b=6 r=0
-6,0,0,0,0,2,0,0,0,0,0,0,0,0,0,0,0,0,0,0,0,0,0,0,1 # tri a=2 k=5 b=-6 r=2
-5,0,0,0,0,2,0,0,0,0,0,0,0,0,0,0,0,0,0,0,0,0,0,0,1 # tri a=2 k=5 b=-5 r=2
-4,0,0,0,0,2,0,0,0,0,0,0,0,0,0,0,0,0,0,0,0,0,0,0,1 # tri a=2 k=5 b=-4 r=2
-2,0,0,0,0,2,0,0,0,0,0,0,0,0,0,0,0,0,0,0,0,0,0,0,1 # tri a=2 k=5 b=-2 r=2
2,0,0,0,0,2,0,0,0,0,0,0,0,0,0,0,0,0,0,0,0,0,0,0,1 # tri a=2 k=5 b=2 r=0
3,0,0,0,0,2,0,0,0,0,0,0,0,0,0,0,0,0,0,0,0,0,0,0,1 # tri a=2 k=5 b=3 r=0
4,0,0,0,0,2,0,0,0,0,0,0,0,0,0,0,0,0,0,0,0,0,0,0,1 # tri a=2 k=5 b=4 r=0
5,0,0,0,0,2,0,0,0,0,0,0,0,0,0,0,0,0,0,0,0,0,0,0,1 # tri a=2 k=5 b=5 r=0
6,0,0,0,0,2,0,0,0,0,0,0,0,0,0,0,0,0,0,0,0,0,0,0,1 # tri a=2 k=5 b=6 r=0
-6,0,0,0,0,3,0,0,0,0,0,0,0,0,0,0,0,0,0,0,0,0,0,0,1 # tri a=3 k=5 b=-6 r=2
-5,0,0,0,0,3,0,0,0,0,0,0,0,0,0,0,0,0,0,0,0,0,0,0,1 # tri a=3 k=5 b=-5 r=2
-3,0,0,0,0,3,0,0,0,0,0,0,0,0,0,0,0,0,0,0,0,0,0,0,1 # tri a=3 k=5 b=-3 r=2
-2,0,0,0,0,3,0,0,0,0,0,0,0,0,0,0,0,0,0,0,0,0,0,0,1 # tri a=3 k=5 b=-2 r=2
3,0,0,0,0,3,0,0,0,0,0,0,0,0,0,0,0,0,0,0,0,0,0,0,1 # tri a=3 k=5 b=3 r=0
4,0,0,0,0,3,0,0,0,0,0,0,0,0,0,0,0,0,0,0,0,0,0,0,1 # tri a=3 k=5 b=4 r=0
5,0,0,0,0,3,0,0,0,0,0,0,0,0,0,0,0,0,0,0,0,0,0,0,1 # tri a=3 k=5 b=5 r=0
6,0,0,0,0,3,0,0,0,0,0,0,0,0,0,0,0,0,0,0,0,0,0,0,1 # tri a=3 k=5 b=6 r=0
-6,0,0,0,0,4,0,0,0,0,0,0,0,0,0,0,0,0,0,0,0,0,0,0,1 # tri a=4 k=5 b=-6 r=2
-4,0,0,0,0,4,0,0,0,0,0,0,0,0,0,0,0,0,0,0,0,0,0,0,1 # tri a=4 k=5 b=-4 r=2
-3,0,0,0,0,4,0,0,0,0,0,0,0,0,0,0,0,0,0,0,0,0,0,0,1 # tri a=4 k=5 b=-3 r=2
-2,0,0,0,0,4,0,0,0,0,0,0,0,0,0,0,0,0,0,0,0,0,0,0,1 # tri a=4 k=5 b=-2 r=2
2,0,0,0,0,4,0,0,0,0,0,0,0,0,0,0,0,0,0,0,0,0,0,0,1 # tri a=4 k=5 b=2 r=2
4,0,0,0,0,4,0,0,0,0,0,0,0,0,0,0,0,0,0,0,0,0,0,0,1 # tri a=4 k=5 b=4 r=0
5,0,0,0,0,4,0,0,0,0,0,0,0,0,0,0,0,0,0,0,0,0,0,0,1 # tri a=4 k=5 b=5 r=0
6,0,0,0,0,4,0,0,0,0,0,0,0,0,0,0,0,0,0,0,0,0,0,0,1 # tri a=4 k=5 b=6 r=0
-5,0,0,0,0,5,0,0,0,0,0,0,0,0,0,0,0,0,0,0,0,0,0,0,1 # tri a=5 k=5 b=-5 r=2
-4,0,0,0,0,5,0,0,0,0,0,0,0,0,0,0,0,0,0,0,0,0,0,0,1 # tri a=5 k=5 b=-4 r=2
-3,0,0,0,0,5,0,0,0,0,0,0,0,0,0,0,0,0,0,0,0,0,0,0,1 # tri a=5 k=5 b=-3 r=2
-2,0,0,0,0,5,0,0,0,0,0,0,0,0,0,0,0,0,0,0,0,0,0,0,1 # tri a=5 k=5 b=-2 r=2
2,0,0,0,0,5,0,0,0,0,0,0,0,0,0,0,0,0,0,0,0,0,0,0,1 # tri a=5 k=5 b=2 r=2
3,0,0,0,0,5,0,0,0,0,0,0,0,0,0,0,0,0,0,0,0,0,0,0,1 # tri a=5 k=5 b=3 r=2
5,0,0,0,0,5,0,0,0,0,0,0,0,0,0,0,0,0,0,0,0,0,0,0,1 # tri a=5 k=5 b=5 r=0
6,0,0,0,0,5,0,0,0,0,0,0,0,0,0,0,0,0,0,0,0,0,0,0,1 # tri a=5 k=5 b=6 r=0
-5,0,0,0,0,0,-5,0,0,0,0,0,0,0,0,0,0,0,0,0,0,0,0,0,1 # tri a=-5 k=6 b=-5 r=2
-4,0,0,0,0,0,-5,0,0,0,0,0,0,0,0,0,0,0,0,0,0,0,0,0,1 # tri a=-5 k=6 b=-4 r=2
-3,0,0,0,0,0,-5,0,0,0,0,0,0,0,0,0,0,0,0,0,0,0,0,0,1 # tri a=-5 k=6 b=-3 r=2
-2,0,0,0,0,0,-5,0,0,0,0,0,0,0,0,0,0,0,0,0,0,0,0,0,1 # tri a=-5 k=6 b=-2 r=2
2,0,0,0,0,0,-5,0,0,0,0,0,0,0,0,0,0,0,0,0,0,0,0,0,1 # tri a=-5 k=6 b=2 r=4
3,0,0,0,0,0,-5,0,0,0,0,0,0,0,0,0,0,0,0,0,0,0,0,0,1 # tri a=-5 k=6 b=3 r=4
5,0,0,0,0,0,-5,0,0,0,0,0,0,0,0,0,0,0,0,0,0,0,0,0,1 # tri a=-5 k=6 b=5 r=0
6,0,0,0,0,0,-5,0,0,0,0,0,0,0,0,0,0,0,0,0,0,0,0,0,1 # tri a=-5 k=6 b=6 r=0
-6,0,0,0,0,0,-4,0,0,0,0,0,0,0,0,0,0,0,0,0,0,0,0,0,1 # tri a=-4 k=6 b=-6 r=2
-4,0,0,0,0,0,-4,0,0,0,0,0,0,0,0,0,0,0,0,0,0,0,0,0,1 # tri a=-4 k=6 b=-4 r=2
-3,0,0,0,0,0,-4,0,0,0,0,0,0,0,0,0,0,0,0,0,0,0,0,0,1 # tri a=-4 k=6 b=-3 r=2
-2,0,0,0,0,0,-4,0,0,0,0,0,0,0,0,0,0,0,0,0,0,0,0,0,1 # tri a=-4 k=6 b=-2 r=2
2,0,0,0,0,0,-4,0,0,0,0,0,0,0,0,0,0,0,0,0,0,0,0,0,1 # tri a=-4 k=6 b=2 r=4
4,0,0,0,0,0,-4,0,0,0,0,0,0,0,0,0,0,0,0,0,0,0,0,0,1 # tri a=-4 k=6 b=4 r=0
5,0,0,0,0,0,-4,0,0,0,0,0,0,0,0,0,0,0,0,0,0,0,0,0,1 # tri a=-4 k=6 b=5 r=0
6,0,0,0,0,0,-4,0,0,0,0,0,0,0,0,0,0,0,0,0,0,0,0,0,1 # tri a=-4 k=6 b=6 r=0
-6,0,0,0,0,0,-3,0,0,0,0,0,0,0,0,0,0,0,0,0,0,0,0,0,1 # tri a=-3 k=6 b=-6 r=2
-5,0,0,0,0,0,-3,0,0,0,0,0,0,0,0,0,0,0,0,0,0,0,0,0,1 # tri a=-3 k=6 b=-5 r=2
-3,0,0,0,0,0,-3,0,0,0,0,0,0,0,0,0,0,0,0,0,0,0,0,0,1 # tri a=-3 k=6 b=-3 r=2
3,0,0,0,0,0,-3,0,0,0,0,0,0,0,0,0,0,0,0,0,0,0,0,0,1 # tri a=-3 k=6 b=3 r=0
4,0,0,0,0,0,-3,0,0,0,0,0,0,0,0,0,0,0,0,0,0,0,0,0,1 # tri a=-3 k=6 b=4 r=0
5,0,0,0,0,0,-3,0,0,0,0,0,0,0,0,0,0,0,0,0,0,0,0,0,1 # tri a=-3 k=6 b=5 r=0
6,0,0,0,0,0,-3,0,0,0,0,0,0,0,0,0,0,0,0,0,0,0,0,0,1 # tri a=-3 k=6 b=6 r=0
-6,0,0,0,0,0,-2,0,0,0,0,0,0,0,0,0,0,0,0,0,0,0,0,0,1 # tri a=-2 k=6 b=-6 r=2
-5,0,0,0,0,0,-2,0,0,0,0,0,0,0,0,0,0,0,0,0,0,0,0,0,1 # tri a=-2 k=6 b=-5 r=2
-4,0,0,0,0,0,-2,0,0,0,0,0,0,0,0,0,0,0,0,0,0,0,0,0,1 # tri a=-2 k=6 b=-4 r=2
-2,0,0,0,0,0,-2,0,0,0,0,0,0,0,0,0,0,0,0,0,0,0,0,0,1 # tri a=-2 k=6 b=-2 r=2
2,0,0,0,0,0,-2,0,0,0,0,0,0,0,0,0,0,0,0,0,0,0,0,0,1 # tri a=-2 k=6 b=2 r=0
3,0,0,0,0,0,-2,0,0,0,0,0,0,0,0,0,0,0,0,0,0,0,0,0,1 # tri a=-2 k=6 b=3 r=0
4,0,0,0,0,0,-2,0,0,0,0,0,0,0,0,0,0,0,0,0,0,0,0,0,1 # tri a=-2 k=6 b=4 r=0
5,0,0,0,0,0,-2,0,0,0,0,0,0,0,0,0,0,0,0,0,0,0,0,0,1 # tri a=-2 k=6 b=5 r=0
6,0,0,0,0,0,-2,0,0,0,0,0,0,0,0,0,0,0,0,0,0,0,0,0,1 # tri a=-2 k=6 b=6 r=0
-6,0,0,0,0,0,2,0,0,0,0,0,0,0,0,0,0,0,0,0,0,0,0,0,1 # tri a=2 k=6 b=-6 r=2
-5,0,0,0,0,0,2,0,0,0,0,0,0,0,0,0,0,0,0,0,0,0,0,0,1 # tri a=2 k=6 b=-5 r=2
-4,0,0,0,0,0,2,0,0,0,0,0,0,0,0,0,0,0,0,0,0,0,0,0,1 # tri a=2 k=6 b=-4 r=2
-2,0,0,0,0,0,2,0,0,0,0,0,0,0,0,0,0,0,0,0,0,0,0,0,1 # tri a=2 k=6 b=-2 r=2
2,0,0,0,0,0,2,0,0,0,0,0,0,0,0,0,0,0,0,0,0,0,0,0,1 # tri a=2 k=6 b=2 r=0
3,0,0,0,0,0,2,0,0,0,0,0,0,0,0,0,0,0,0,0,0,0,0,0,1 # tri a=2 k=6 b=3 r=0
4,0,0,0,0,0,2,0,0,0,0,0,0,0,0,0,0,0,0,0,0,0,0,0,1 # tri a=2 k=6 b=4 r=0
5,0,0,0,0,0,2,0,0,0,0,0,0,0,0,0,0,0,0,0,0,0,0,0,1 # tri a=2 k=6 b=5 r=0
6,0,0,0,0,0,2,0,0,0,0,0,0,0,0,0,0,0,0,0,0,0,0,0,1 # tri a=2 k=6 b=6 r=0
-6,0,0,0,0,0,3,0,0,0,0,0,0,0,0,0,0,0,0,0,0,0,0,0,1 # tri a=3 k=6 b=-6 r=2
-5,0,0,0,0,0,3,0,0,0,0,0,0,0,0,0,0,0,0,0,0,0,0,0,1 # tri a=3 k=6 b=-5 r=2
-3,0,0,0,0,0,3,0,0,0,0,0,0,0,0,0,0,0,0,0,0,0,0,0,1 # tri a=3 k=6 b=-3 r=2
3,0,0,0,0,0,3,0,0,0,0,0,0,0,0,0,0,0,0,0,0,0,0,0,1 # tri a=3 k=6 b=3 r=0
4,0,0,0,0,0,3,0,0,0,0,0,0,0,0,0,0,0,0,0,0,0,0,0,1 # tri a=3 k=6 b=4 r=0
5,0,0,0,0,0,3,0,0,0,0,0,0,0,0,0,0,0,0,0,0,0,0,0,1 # tri a=3 k=6 b=5 r=0
6,0,0,0,0,0,3,0,0,0,0,0,0,0,0,0,0,0,0,0,0,0,0,0,1 # tri a=3 k=6 b=6 r=0
-6,0,0,0,0,0,4,0,0,0,0,0,0,0,0,0,0,0,0,0,0,0,0,0,1 # tri a=4 k=6 b=-6 r=2
-4,0,0,0,0,0,4,0,0,0,0,0,0,0,0,0,0,0,0,0,0,0,0,0,1 # tri a=4 k=6 b=-4 r=2
-3,0,0,0,0,0,4,0,0,0,0,0,0,0,0,0,0,0,0,0,0,0,0,0,1 # tri a=4 k=6 b=-3 r=2
-2,0,0,0,0,0,4,0,0,0,0,0,0,0,0,0,0,0,0,0,0,0,0,0,1 # tri a=4 k=6 b=-2 r=2
2,0,0,0,0,0,4,0,0,0,0,0,0,0,0,0,0,0,0,0,0,0,0,0,1 # tri a=4 k=6 b=2 r=0
5,0,0,0,0,0,4,0,0,0,0,0,0,0,0,0,0,0,0,0,0,0,0,0,1 # tri a=4 k=6 b=5 r=0
6,0,0,0,0,0,4,0,0,0,0,0,0,0,0,0,0,0,0,0,0,0,0,0,1 # tri a=4 k=6 b=6 r=0
-5,0,0,0,0,0,5,0,0,0,0,0,0,0,0,0,0,0,0,0,0,0,0,0,1 # tri a=5 k=6 b=-5 r=2
-4,0,0,0,0,0,5,0,0,0,0,0,0,0,0,0,0,0,0,0,0,0,0,0,1 # tri a=5 k=6 b=-4 r=2
-3,0,0,0,0,0,5,0,0,0,0,0,0,0,0,0,0,0,0,0,0,0,0,0,1 # tri a=5 k=6 b=-3 r=2
-2,0,0,0,0,0,5,0,0,0,0,0,0,0,0,0,0,0,0,0,0,0,0,0,1 # tri a=5 k=6 b=-2 r=2
2,0,0,0,0,0,5,0,0,0,0,0,0,0,0,0,0,0,0,0,0,0,0,0,1 # tri a=5 k=6 b=2 r=0
3,0,0,0,0,0,5,0,0,0,0,0,0,0,0,0,0,0,0,0,0,0,0,0,1 # tri a=5 k=6 b=3 r=0
5,0,0,0,0,0,5,0,0,0,0,0,0,0,0,0,0,0,0,0,0,0,0,0,1 # tri a=5 k=6 b=5 r=0
6,0,0,0,0,0,5,0,0,0,0,0,0,0,0,0,0,0,0,0,0,0,0,0,1 # tri a=5 k=6 b=6 r=0
-6,0,0,0,0,0,0,0,-5,0,0,0,0,0,0,0,0,0,0,0,0,0,0,0,1 # tri a=-5 k=8 b=-6 r=2
-5,0,0,0,0,0,0,0,-5,0,0,0,0,0,0,0,0,0,0,0,0,0,0,0,1 # tri a=-5 k=8 b=-5 r=2
-3,0,0,0,0,0,0,0,-5,0,0,0,0,0,0,0,0,0,0,0,0,0,0,0,1 # tri a=-5 k=8 b=-3 r=2
3,0,0,0,0,0,0,0,-5,0,0,0,0,0,0,0,0,0,0,0,0,0,0,0,1 # tri a=-5 k=8 b=3 r=4
5,0,0,0,0,0,0,0,-5,0,0,0,0,0,0,0,0,0,0,0,0,0,0,0,1 # tri a=-5 k=8 b=5 r=0
6,0,0,0,0,0,0,0,-5,0,0,0,0,0,0,0,0,0,0,0,0,0,0,0,1 # tri a=-5 k=8 b=6 r=0
-6,0,0,0,0,0,0,0,-4,0,0,0,0,0,0,0,0,0,0,0,0,0,0,0,1 # tri a=-4 k=8 b=-6 r=2
-5,0,0,0,0,0,0,0,-4,0,0,0,0,0,0,0,0,0,0,0,0,0,0,0,1 # tri a=-4 k=8 b=-5 r=2
-2,0,0,0,0,0,0,0,-4,0,0,0,0,0,0,0,0,0,0,0,0,0,0,0,1 # tri a=-4 k=8 b=-2 r=2
2,0,0,0,0,0,0,0,-4,0,0,0,0,0,0,0,0,0,0,0,0,0,0,0,1 # tri a=-4 k=8 b=2 r=4
4,0,0,0,0,0,0,0,-4,0,0,0,0,0,0,0,0,0,0,0,0,0,0,0,1 # tri a=-4 k=8 b=4 r=0
5,0,0,0,0,0,0,0,-4,0,0,0,0,0,0,0,0,0,0,0,0,0,0,0,1 # tri a=-4 k=8 b=5 r=0
6,0,0,0,0,0,0,0,-4,0,0,0,0,0,0,0,0,0,0,0,0,0,0,0,1 # tri a=-4 k=8 b=6 r=0
-6,0,0,0,0,0,0,0,-3,0,0,0,0,0,0,0,0,0,0,0,0,0,0,0,1 # tri a=-3 k=8 b=-6 r=2
-5,0,0,0,0,0,0,0,-3,0,0,0,0,0,0,0,0,0,0,0,0,0,0,0,1 # tri a=-3 k=8 b=-5 r=2
-4,0,0,0,0,0,0,0,-3,0,0,0,0,0,0,0,0,0,0,0,0,0,0,0,1 # tri a=-3 k=8 b=-4 r=2
-3,0,0,0,0,0,0,0,-3,0,0,0,0,0,0,0,0,0,0,0,0,0,0,0,1 # tri a=-3 k=8 b=-3 r=2
3,0,0,0,0,0,0,0,-3,0,0,0,0,0,0,0,0,0,0,0,0,0,0,0,1 # tri a=-3 k=8 b=3 r=0
4,0,0,0,0,0,0,0,-3,0,0,0,0,0,0,0,0,0,0,0,0,0,0,0,1 # tri a=-3 k=8 b=4 r=0
5,0,0,0,0,0,0,0,-3,0,0,0,0,0,0,0,0,0,0,0,0,0,0,0,1 # tri a=-3 k=8 b=5 r=0
6,0,0,0,0,0,0,0,-3,0,0,0,0,0,0,0,0,0,0,0,0,0,0,0,1 # tri a=-3 k=8 b=6 r=0
-6,0,0,0,0,0,0,0,-2,0,0,0,0,0,0,0,0,0,0,0,0,0,0,0,1 # tri a=-2 k=8 b=-6 r=2
-5,0,0,0,0,0,0,0,-2,0,0,0,0,0,0,0,0,0,0,0,0,0,0,0,1 # tri a=-2 k=8 b=-5 r=2
-3,0,0,0,0,0,0,0,-2,0,0,0,0,0,0,0,0,0,0,0,0,0,0,0,1 # tri a=-2 k=8 b=-3 r=2
-2,0,0,0,0,0,0,0,-2,0,0,0,0,0,0,0,0,0,0,0,0,0,0,0,1 # tri a=-2 k=8 b=-2 r=2
2,0,0,0,0,0,0,0,-2,0,0,0,0,0,0,0,0,0,0,0,0,0,0,0,1 # tri a=-2 k=8 b=2 r=0
3,0,0,0,0,0,0,0,-2,0,0,0,0,0,0,0,0,0,0,0,0,0,0,0,1 # tri a=-2 k=8 b=3 r=0
5,0,0,0,0,0,0,0,-2,0,0,0,0,0,0,0,0,0,0,0,0,0,0,0,1 # tri a=-2 k=8 b=5 r=0
6,0,0,0,0,0,0,0,-2,0,0,0,0,0,0,0,0,0,0,0,0,0,0,0,1 # tri a=-2 k=8 b=6 r=0
-6,0,0,0,0,0,0,0,2,0,0,0,0,0,0,0,0,0,0,0,0,0,0,0,1 # tri a=2 k=8 b=-6 r=2
-5,0,0,0,0,0,0,0,2,0,0,0,0,0,0,0,0,0,0,0,0,0,0,0,1 # tri a=2 k=8 b=-5 r=2
-4,0,0,0,0,0,0,0,2,0,0,0,0,0,0,0,0,0,0,0,0,0,0,0,1 # tri a=2 k=8 b=-4 r=2
-2,0,0,0,0,0,0,0,2,0,0,0,0,0,0,0,0,0,0,0,0,0,0,0,1 # tri a=2 k=8 b=-2 r=2
2,0,0,0,0,0,0,0,2,0,0,0,0,0,0,0,0,0,0,0,0,0,0,0,1 # tri a=2 k=8 b=2 r=0
4,0,0,0,0,0,0,0,2,0,0,0,0,0,0,0,0,0,0,0,0,0,0,0,1 # tri a=2 k=8 b=4 r=0
5,0,0,0,0,0,0,0,2,0,0,0,0,0,0,0,0,0,0,0,0,0,0,0,1 # tri a=2 k=8 b=5 r=0
6,0,0,0,0,0,0,0,2,0,0,0,0,0,0,0,0,0,0,0,0,0,0,0,1 # tri a=2 k=8 b=6 r=0
-6,0,0,0,0,0,0,0,3,0,0,0,0,0,0,0,0,0,0,0,0,0,0,0,1 # tri a=3 k=8 b=-6 r=2
-5,0,0,0,0,0,0,0,3,0,0,0,0,0,0,0,0,0,0,0,0,0,0,0,1 # tri a=3 k=8 b=-5 r=2
-3,0,0,0,0,0,0,0,3,0,0,0,0,0,0,0,0,0,0,0,0,0,0,0,1 # tri a=3 k=8 b=-3 r=2
-2,0,0,0,0,0,0,0,3,0,0,0,0,0,0,0,0,0,0,0,0,0,0,0,1 # tri a=3 k=8 b=-2 r=2
2,0,0,0,0,0,0,0,3,0,0,0,0,0,0,0,0,0,0,0,0,0,0,0,1 # tri a=3 k=8 b=2 r=0
3,0,0,0,0,0,0,0,3,0,0,0,0,0,0,0,0,0,0,0,0,0,0,0,1 # tri a=3 k=8 b=3 r=0
5,0,0,0,0,0,0,0,3,0,0,0,0,0,0,0,0,0,0,0,0,0,0,0,1 # tri a=3 k=8 b=5 r=0
6,0,0,0,0,0,0,0,3,0,0,0,0,0,0,0,0,0,0,0,0,0,0,0,1 # tri a=3 k=8 b=6 r=0
-6,0,0,0,0,0,0,0,4,0,0,0,0,0,0,0,0,0,0,0,0,0,0,0,1 # tri a=4 k=8 b=-6 r=2
-4,0,0,0,0,0,0,0,4,0,0,0,0,0,0,0,0,0,0,0,0,0,0,0,1 # tri a=4 k=8 b=-4 r=2
-3,0,0,0,0,0,0,0,4,0,0,0,0,0,0,0,0,0,0,0,0,0,0,0,1 # tri a=4 k=8 b=-3 r=2
-2,0,0,0,0,0,0,0,4,0,0,0,0,0,0,0,0,0,0,0,0,0,0,0,1 # tri a=4 k=8 b=-2 r=2
2,0,0,0,0,0,0,0,4,0,0,0,0,0,0,0,0,0,0,0,0,0,0,0,1 # tri a=4 k=8 b=2 r=0
3,0,0,0,0,0,0,0,4,0,0,0,0,0,0,0,0,0,0,0,0,0,0,0,1 # tri a=4 k=8 b=3 r=0
4,0,0,0,0,0,0,0,4,0,0,0,0,0,0,0,0,0,0,0,0,0,0,0,1 # tri a=4 k=8 b=4 r=0
6,0,0,0,0,0,0,0,4,0,0,0,0,0,0,0,0,0,0,0,0,0,0,0,1 # tri a=4 k=8 b=6 r=0
-5,0,0,0,0,0,0,0,5,0,0,0,0,0,0,0,0,0,0,0,0,0,0,0,1 # tri a=5 k=8 b=-5 r=2
-4,0,0,0,0,0,0,0,5,0,0,0,0,0,0,0,0,0,0,0,0,0,0,0,1 # tri a=5 k=8 b=-4 r=2
-3,0,0,0,0,0,0,0,5,0,0,0,0,0,0,0,0,0,0,0,0,0,0,0,1 # tri a=5 k=8 b=-3 r=2
-2,0,0,0,0,0,0,0,5,0,0,0,0,0,0,0,0,0,0,0,0,0,0,0,1 # tri a=5 k=8 b=-2 r=2
2,0,0,0,0,0,0,0,5,0,0,0,0,0,0,0,0,0,0,0,0,0,0,0,1 # tri a=5 k=8 b=2 r=0
3,0,0,0,0,0,0,0,5,0,0,0,0,0,0,0,0,0,0,0,0,0,0,0,1 # tri a=5 k=8 b=3 r=0
4,0,0,0,0,0,0,0,5,0,0,0,0,0,0,0,0,0,0,0,0,0,0,0,1 # tri a=5 k=8 b=4 r=0
5,0,0,0,0,0,0,0,5,0,0,0,0,0,0,0,0,0,0,0,0,0,0,0,1 # tri a=5 k=8 b=5 r=0
-5,0,0,0,0,0,0,0,0,-5,0,0,0,0,0,0,0,0,0,0,0,0,0,0,1 # tri a=-5 k=9 b=-5 r=2
-4,0,0,0,0,0,0,0,0,-5,0,0,0,0,0,0,0,0,0,0,0,0,0,0,1 # tri a=-5 k=9 b=-4 r=2
-3,0,0,0,0,0,0,0,0,-5,0,0,0,0,0,0,0,0,0,0,0,0,0,0,1 # tri a=-5 k=9 b=-3 r=2
-2,0,0,0,0,0,0,0,0,-5,0,0,0,0,0,0,0,0,0,0,0,0,0,0,1 # tri a=-5 k=9 b=-2 r=2
2,0,0,0,0,0,0,0,0,-5,0,0,0,0,0,0,0,0,0,0,0,0,0,0,1 # tri a=-5 k=9 b=2 r=2
3,0,0,0,0,0,0,0,0,-5,0,0,0,0,0,0,0,0,0,0,0,0,0,0,1 # tri a=-5 k=9 b=3 r=2
5,0,0,0,0,0,0,0,0,-5,0,0,0,0,0,0,0,0,0,0,0,0,0,0,1 # tri a=-5 k=9 b=5 r=0
6,0,0,0,0,0,0,0,0,-5,0,0,0,0,0,0,0,0,0,0,0,0,0,0,1 # tri a=-5 k=9 b=6 r=0
-6,0,0,0,0,0,0,0,0,-4,0,0,0,0,0,0,0,0,0,0,0,0,0,0,1 # tri a=-4 k=9 b=-6 r=2
-4,0,0,0,0,0,0,0,0,-4,0,0,0,0,0,0,0,0,0,0,0,0,0,0,1 # tri a=-4 k=9 b=-4 r=2
-3,0,0,0,0,0,0,0,0,-4,0,0,0,0,0,0,0,0,0,0,0,0,0,0,1 # tri a=-4 k=9 b=-3 r=2
-2,0,0,0,0,0,0,0,0,-4,0,0,0,0,0,0,0,0,0,0,0,0,0,0,1 # tri a=-4 k=9 b=-2 r=2
2,0,0,0,0,0,0,0,0,-4,0,0,0,0,0,0,0,0,0,0,0,0,0,0,1 # tri a=-4 k=9 b=2 r=2
4,0,0,0,0,0,0,0,0,-4,0,0,0,0,0,0,0,0,0,0,0,0,0,0,1 # tri a=-4 k=9 b=4 r=0
5,0,0,0,0,0,0,0,0,-4,0,0,0,0,0,0,0,0,0,0,0,0,0,0,1 # tri a=-4 k=9 b=5 r=0
6,0,0,0,0,0,0,0,0,-4,0,0,0,0,0,0,0,0,0,0,0,0,0,0,1 # tri a=-4 k=9 b=6 r=0
-6,0,0,0,0,0,0,0,0,-3,0,0,0,0,0,0,0,0,0,0,0,0,0,0,1 # tri a=-3 k=9 b=-6 r=2
-5,0,0,0,0,0,0,0,0,-3,0,0,0,0,0,0,0,0,0,0,0,0,0,0,1 # tri a=-3 k=9 b=-5 r=2
-3,0,0,0,0,0,0,0,0,-3,0,0,0,0,0,0,0,0,0,0,0,0,0,0,1 # tri a=-3 k=9 b=-3 r=2
-2,0,0,0,0,0,0,0,0,-3,0,0,0,0,0,0,0,0,0,0,0,0,0,0,1 # tri a=-3 k=9 b=-2 r=2
3,0,0,0,0,0,0,0,0,-3,0,0,0,0,0,0,0,0,0,0,0,0,0,0,1 # tri a=-3 k=9 b=3 r=0
4,0,0,0,0,0,0,0,0,-3,0,0,0,0,0,0,0,0,0,0,0,0,0,0,1 # tri a=-3 k=9 b=4 r=0
5,0,0,0,0,0,0,0,0,-3,0,0,0,0,0,0,0,0,0,0,0,0,0,0,1 # tri a=-3 k=9 b=5 r=0
6,0,0,0,0,0,0,0,0,-3,0,0,0,0,0,0,0,0,0,0,0,0,0,0,1 # tri a=-3 k=9 b=6 r=0
-6,0,0,0,0,0,0,0,0,-2,0,0,0,0,0,0,0,0,0,0,0,0,0,0,1 # tri a=-2 k=9 b=-6 r=2
-5,0,0,0,0,0,0,0,0,-2,0,0,0,0,0,0,0,0,0,0,0,0,0,0,1 # tri a=-2 k=9 b=-5 r=2
-4,0,0,0,0,0,0,0,0,-2,0,0,0,0,0,0,0,0,0,0,0,0,0,0,1 # tri a=-2 k=9 b=-4 r=2
-2,0,0,0,0,0,0,0,0,-2,0,0,0,0,0,0,0,0,0,0,0,0,0,0,1 # tri a=-2 k=9 b=-2 r=2
2,0,0,0,0,0,0,0,0,-2,0,0,0,0,0,0,0,0,0,0,0,0,0,0,1 # tri a=-2 k=9 b=2 r=0
3,0,0,0,0,0,0,0,0,-2,0,0,0,0,0,0,0,0,0,0,0,0,0,0,1 # tri a=-2 k=9 b=3 r=0
4,0,0,0,0,0,0,0,0,-2,0,0,0,0,0,0,0,0,0,0,0,0,0,0,1 # tri a=-2 k=9 b=4 r=0
5,0,0,0,0,0,0,0,0,-2,0,0,0,0,0,0,0,0,0,0,0,0,0,0,1 # tri a=-2 k=9 b=5 r=0
6,0,0,0,0,0,0,0,0,-2,0,0,0,0,0,0,0,0,0,0,0,0,0,0,1 # tri a=-2 k=9 b=6 r=0
-6,0,0,0,0,0,0,0,0,2,0,0,0,0,0,0,0,0,0,0,0,0,0,0,1 # tri a=2 k=9 b=-6 r=2
-5,0,0,0,0,0,0,0,0,2,0,0,0,0,0,0,0,0,0,0,0,0,0,0,1 # tri a=2 k=9 b=-5 r=2
-4,0,0,0,0,0,0,0,0,2,0,0,0,0,0,0,0,0,0,0,0,0,0,0,1 # tri a=2 k=9 b=-4 r=2
-2,0,0,0,0,0,0,0,0,2,0,0,0,0,0,0,0,0,0,0,0,0,0,0,1 # tri a=2 k=9 b=-2 r=2
2,0,0,0,0,0,0,0,0,2,0,0,0,0,0,0,0,0,0,0,0,0,0,0,1 # tri a=2 k=9 b=2 r=0
3,0,0,0,0,0,0,0,0,2,0,0,0,0,0,0,0,0,0,0,0,0,0,0,1 # tri a=2 k=9 b=3 r=0
4,0,0,0,0,0,0,0,0,2,0,0,0,0,0,0,0,0,0,0,0,0,0,0,1 # tri a=2 k=9 b=4 r=0
5,0,0,0,0,0,0,0,0,2,0,0,0,0,0,0,0,0,0,0,0,0,0,0,1 # tri a=2 k=9 b=5 r=0
6,0,0,0,0,0,0,0,0,2,0,0,0,0,0,0,0,0,0,0,0,0,0,0,1 # tri a=2 k=9 b=6 r=0
-6,0,0,0,0,0,0,0,0,3,0,0,0,0,0,0,0,0,0,0,0,0,0,0,1 # tri a=3 k=9 b=-6 r=2
-5,0,0,0,0,0,0,0,0,3,0,0,0,0,0,0,0,0,0,0,0,0,0,0,1 # tri a=3 k=9 b=-5 r=2
-3,0,0,0,0,0,0,0,0,3,0,0,0,0,0,0,0,0,0,0,0,0,0,0,1 # tri a=3 k=9 b=-3 r=2
-2,0,0,0,0,0,0,0,0,3,0,0,0,0,0,0,0,0,0,0,0,0,0,0,1 # tri a=3 k=9 b=-2 r=2
3,0,0,0,0,0,0,0,0,3,0,0,0,0,0,0,0,0,0,0,0,0,0,0,1 # tri a=3 k=9 b=3 r=0
4,0,0,0,0,0,0,0,0,3,0,0,0,0,0,0,0,0,0,0,0,0,0,0,1 # tri a=3 k=9 b=4 r=0
5,0,0,0,0,0,0,0,0,3,0,0,0,0,0,0,0,0,0,0,0,0,0,0,1 # tri a=3 k=9 b=5 r=0
6,0,0,0,0,0,0,0,0,3,0,0,0,0,0,0,0,0,0,0,0,0,0,0,1 # tri a=3 k=9 b=6 r=0
-6,0,0,0,0,0,0,0,0,4,0,0,0,0,0,0,0,0,0,0,0,0,0,0,1 # tri a=4 k=9 b=-6 r=2
-4,0,0,0,0,0,0,0,0,4,0,0,0,0,0,0,0,0,0,0,0,0,0,0,1 # tri a=4 k=9 b=-4 r=2
-3,0,0,0,0,0,0,0,0,4,0,0,0,0,0,0,0,0,0,0,0,0,0,0,1 # tri a=4 k=9 b=-3 r=2
-2,0,0,0,0,0,0,0,0,4,0,0,0,0,0,0,0,0,0,0,0,0,0,0,1 # tri a=4 k=9 b=-2 r=2
2,0,0,0,0,0,0,0,0,4,0,0,0,0,0,0,0,0,0,0,0,0,0,0,1 # tri a=4 k=9 b=2 r=2
4,0,0,0,0,0,0,0,0,4,0,0,0,0,0,0,0,0,0,0,0,0,0,0,1 # tri a=4 k=9 b=4 r=0
5,0,0,0,0,0,0,0,0,4,0,0,0,0,0,0,0,0,0,0,0,0,0,0,1 # tri a=4 k=9 b=5 r=0
6,0,0,0,0,0,0,0,0,4,0,0,0,0,0,0,0,0,0,0,0,0,0,0,1 # tri a=4 k=9 b=6 r=0
-5,0,0,0,0,0,0,0,0,5,0,0,0,0,0,0,0,0,0,0,0,0,0,0,1 # tri a=5 k=9 b=-5 r=2
-4,0,0,0,0,0,0,0,0,5,0,0,0,0,0,0,0,0,0,0,0,0,0,0,1 # tri a=5 k=9 b=-4 r=2
-3,0,0,0,0,0,0,0,0,5,0,0,0,0,0,0,0,0,0,0,0,0,0,0,1 # tri a=5 k=9 b=-3 r=2
-2,0,0,0,0,0,0,0,0,5,0,0,0,0,0,0,0,0,0,0,0,0,0,0,1 # tri a=5 k=9 b=-2 r=2
2,0,0,0,0,0,0,0,0,5,0,0,0,0,0,0,0,0,0,0,0,0,0,0,1 # tri a=5 k=9 b=2 r=2
3,0,0,0,0,0,0,0,0,5,0,0,0,0,0,0,0,0,0,0,0,0,0,0,1 # tri a=5 k=9 b=3 r=2
5,0,0,0,0,0,0,0,0,5,0,0,0,0,0,0,0,0,0,0,0,0,0,0,1 # tri a=5 k=9 b=5 r=0
6,0,0,0,0,0,0,0,0,5,0,0,0,0,0,0,0,0,0,0,0,0,0,0,1 # tri a=5 k=9 b=6 r=0
-5,0,0,0,0,0,0,0,0,0,-5,0,0,0,0,0,0,0,0,0,0,0,0,0,1 # tri a=-5 k=10 b=-5 r=2
-4,0,0,0,0,0,0,0,0,0,-5,0,0,0,0,0,0,0,0,0,0,0,0,0,1 # tri a=-5 k=10 b=-4 r=2
-3,0,0,0,0,0,0,0,0,0,-5,0,0,0,0,0,0,0,0,0,0,0,0,0,1 # tri a=-5 k=10 b=-3 r=2
-2,0,0,0,0,0,0,0,0,0,-5,0,0,0,0,0,0,0,0,0,0,0,0,0,1 # tri a=-5 k=10 b=-2 r=2
2,0,0,0,0,0,0,0,0,0,-5,0,0,0,0,0,0,0,0,0,0,0,0,0,1 # tri a=-5 k=10 b=2 r=4
3,0,0,0,0,0,0,0,0,0,-5,0,0,0,0,0,0,0,0,0,0,0,0,0,1 # tri a=-5 k=10 b=3 r=4
5,0,0,0,0,0,0,0,0,0,-5,0,0,0,0,0,0,0,0,0,0,0,0,0,1 # tri a=-5 k=10 b=5 r=0
6,0,0,0,0,0,0,0,0,0,-5,0,0,0,0,0,0,0,0,0,0,0,0,0,1 # tri a=-5 k=10 b=6 r=0
-6,0,0,0,0,0,0,0,0,0,-4,0,0,0,0,0,0,0,0,0,0,0,0,0,1 # tri a=-4 k=10 b=-6 r=2
-4,0,0,0,0,0,0,0,0,0,-4,0,0,0,0,0,0,0,0,0,0,0,0,0,1 # tri a=-4 k=10 b=-4 r=2
-3,0,0,0,0,0,0,0,0,0,-4,0,0,0,0,0,0,0,0,0,0,0,0,0,1 # tri a=-4 k=10 b=-3 r=2
-2,0,0,0,0,0,0,0,0,0,-4,0,0,0,0,0,0,0,0,0,0,0,0,0,1 # tri a=-4 k=10 b=-2 r=2
2,0,0,0,0,0,0,0,0,0,-4,0,0,0,0,0,0,0,0,0,0,0,0,0,1 # tri a=-4 k=10 b=2 r=4
4,0,0,0,0,0,0,0,0,0,-4,0,0,0,0,0,0,0,0,0,0,0,0,0,1 # tri a=-4 k=10 b=4 r=0
5,0,0,0,0,0,0,0,0,0,-4,0,0,0,0,0,0,0,0,0,0,0,0,0,1 # tri a=-4 k=10 b=5 r=0
6,0,0,0,0,0,0,0,0,0,-4,0,0,0,0,0,0,0,0,0,0,0,0,0,1 # tri a=-4 k=10 b=6 r=0
-6,0,0,0,0,0,0,0,0,0,-3,0,0,0,0,0,0,0,0,0,0,0,0,0,1 # tri a=-3 k=10 b=-6 r=2
-5,0,0,0,0,0,0,0,0,0,-3,0,0,0,0,0,0,0,0,0,0,0,0,0,1 # tri a=-3 k=10 b=-5 r=2
-3,0,0,0,0,0,0,0,0,0,-3,0,0,0,0,0,0,0,0,0,0,0,0,0,1 # tri a=-3 k=10 b=-3 r=2
-2,0,0,0,0,0,0,0,0,0,-3,0,0,0,0,0,0,0,0,0,0,0,0,0,1 # tri a=-3 k=10 b=-2 r=2
3,0,0,0,0,0,0,0,0,0,-3,0,0,0,0,0,0,0,0,0,0,0,0,0,1 # tri a=-3 k=10 b=3 r=0
4,0,0,0,0,0,0,0,0,0,-3,0,0,0,0,0,0,0,0,0,0,0,0,0,1 # tri a=-3 k=10 b=4 r=0
5,0,0,0,0,0,0,0,0,0,-3,0,0,0,0,0,0,0,0,0,0,0,0,0,1 # tri a=-3 k=10 b=5 r=0
6,0,0,0,0,0,0,0,0,0,-3,0,0,0,0,0,0,0,0,0,0,0,0,0,1 # tri a=-3 k=10 b=6 r=0
-6,0,0,0,0,0,0,0,0,0,-2,0,0,0,0,0,0,0,0,0,0,0,0,0,1 # tri a=-2 k=10 b=-6 r=2
-5,0,0,0,0,0,0,0,0,0,-2,0,0,0,0,0,0,0,0,0,0,0,0,0,1 # tri a=-2 k=10 b=-5 r=2
-4,0,0,0,0,0,0,0,0,0,-2,0,0,0,0,0,0,0,0,0,0,0,0,0,1 # tri a=-2 k=10 b=-4 r=2
-2,0,0,0,0,0,0,0,0,0,-2,0,0,0,0,0,0,0,0,0,0,0,0,0,1 # tri a=-2 k=10 b=-2 r=2
2,0,0,0,0,0,0,0,0,0,-2,0,0,0,0,0,0,0,0,0,0,0,0,0,1 # tri a=-2 k=10 b=2 r=0
3,0,0,0,0,0,0,0,0,0,-2,0,0,0,0,0,0,0,0,0,0,0,0,0,1 # tri a=-2 k=10 b=3 r=0
4,0,0,0,0,0,0,0,0,0,-2,0,0,0,0,0,0,0,0,0,0,0,0,0,1 # tri a=-2 k=10 b=4 r=0
5,0,0,0,0,0,0,0,0,0,-2,0,0,0,0,0,0,0,0,0,0,0,0,0,1 # tri a=-2 k=10 b=5 r=0
6,0,0,0,0,0,0,0,0,0,-2,0,0,0,0,0,0,0,0,0,0,0,0,0,1 # tri a=-2 k=10 b=6 r=0
-6,0,0,0,0,0,0,0,0,0,2,0,0,0,0,0,0,0,0,0,0,0,0,0,1 # tri a=2 k=10 b=-6 r=2
-5,0,0,0,0,0,0,0,0,0,2,0,0,0,0,0,0,0,0,0,0,0,0,0,1 # tri a=2 k=10 b=-5 r=2
-4,0,0,0,0,0,0,0,0,0,2,0,0,0,0,0,0,0,0,0,0,0,0,0,1 # tri a=2 k=10 b=-4 r=2
-2,0,0,0,0,0,0,0,0,0,2,0,0,0,0,0,0,0,0,0,0,0,0,0,1 # tri a=2 k=10 b=-2 r=2
2,0,0,0,0,0,0,0,0,0,2,0,0,0,0,0,0,0,0,0,0,0,0,0,1 # tri a=2 k=10 b=2 r=0
3,0,0,0,0,0,0,0,0,0,2,0,0,0,0,0,0,0,0,0,0,0,0,0,1 # tri a=2 k=10 b=3 r=0
4,0,0,0,0,0,0,0,0,0,2,0,0,0,0,0,0,0,0,0,0,0,0,0,1 # tri a=2 k=10 b=4 r=0
5,0,0,0,0,0,0,0,0,0,2,0,0,0,0,0,0,0,0,0,0,0,0,0,1 # tri a=2 k=10 b=5 r=0
6,0,0,0,0,0,0,0,0,0,2,0,0,0,0,0,0,0,0,0,0,0,0,0,1 # tri a=2 k=10 b=6 r=0
-6,0,0,0,0,0,0,0,0,0,3,0,0,0,0,0,0,0,0,0,0,0,0,0,1 # tri a=3 k=10 b=-6 r=2
-5,0,0,0,0,0,0,0,0,0,3,0,0,0,0,0,0,0,0,0,0,0,0,0,1 # tri a=3 k=10 b=-5 r=2
-3,0,0,0,0,0,0,0,0,0,3,0,0,0,0,0,0,0,0,0,0,0,0,0,1 # tri a=3 k=10 b=-3 r=2
-2,0,0,0,0,0,0,0,0,0,3,0,0,0,0,0,0,0,0,0,0,0,0,0,1 # tri a=3 k=10 b=-2 r=2
3,0,0,0,0,0,0,0,0,0,3,0,0,0,0,0,0,0,0,0,0,0,0,0,1 # tri a=3 k=10 b=3 r=0
4,0,0,0,0,0,0,0,0,0,3,0,0,0,0,0,0,0,0,0,0,0,0,0,1 # tri a=3 k=10 b=4 r=0
5,0,0,0,0,0,0,0,0,0,3,0,0,0,0,0,0,0,0,0,0,0,0,0,1 # tri a=3 k=10 b=5 r=0
6,0,0,0,0,0,0,0,0,0,3,0,0,0,0,0,0,0,0,0,0,0,0,0,1 # tri a=3 k=10 b=6 r=0
-6,0,0,0,0,0,0,0,0,0,4,0,0,0,0,0,0,0,0,0,0,0,0,0,1 # tri a=4 k=10 b=-6 r=2
-4,0,0,0,0,0,0,0,0,0,4,0,0,0,0,0,0,0,0,0,0,0,0,0,1 # tri a=4 k=10 b=-4 r=2
-3,0,0,0,0,0,0,0,0,0,4,0,0,0,0,0,0,0,0,0,0,0,0,0,1 # tri a=4 k=10 b=-3 r=2
-2,0,0,0,0,0,0,0,0,0,4,0,0,0,0,0,0,0,0,0,0,0,0,0,1 # tri a=4 k=10 b=-2 r=2
2,0,0,0,0,0,0,0,0,0,4,0,0,0,0,0,0,0,0,0,0,0,0,0,1 # tri a=4 k=10 b=2 r=0
4,0,0,0,0,0,0,0,0,0,4,0,0,0,0,0,0,0,0,0,0,0,0,0,1 # tri a=4 k=10 b=4 r=0
5,0,0,0,0,0,0,0,0,0,4,0,0,0,0,0,0,0,0,0,0,0,0,0,1 # tri a=4 k=10 b=5 r=0
6,0,0,0,0,0,0,0,0,0,4,0,0,0,0,0,0,0,0,0,0,0,0,0,1 # tri a=4 k=10 b=6 r=0
-5,0,0,0,0,0,0,0,0,0,5,0,0,0,0,0,0,0,0,0,0,0,0,0,1 # tri a=5 k=10 b=-5 r=2
-4,0,0,0,0,0,0,0,0,0,5,0,0,0,0,0,0,0,0,0,0,0,0,0,1 # tri a=5 k=10 b=-4 r=2
-3,0,0,0,0,0,0,0,0,0,5,0,0,0,0,0,0,0,0,0,0,0,0,0,1 # tri a=5 k=10 b=-3 r=2
-2,0,0,0,0,0,0,0,0,0,5,0,0,0,0,0,0,0,0,0,0,0,0,0,1 # tri a=5 k=10 b=-2 r=2
2,0,0,0,0,0,0,0,0,0,5,0,0,0,0,0,0,0,0,0,0,0,0,0,1 # tri a=5 k=10 b=2 r=0
3,0,0,0,0,0,0,0,0,0,5,0,0,0,0,0,0,0,0,0,0,0,0,0,1 # tri a=5 k=10 b=3 r=0
5,0,0,0,0,0,0,0,0,0,5,0,0,0,0,0,0,0,0,0,0,0,0,0,1 # tri a=5 k=10 b=5 r=0
6,0,0,0,0,0,0,0,0,0,5,0,0,0,0,0,0,0,0,0,0,0,0,0,1 # tri a=5 k=10 b=6 r=0
-5,0,0,0,0,0,0,0,0,0,0,0,-5,0,0,0,0,0,0,0,0,0,0,0,1 # tri a=-5 k=12 b=-5 r=2
-4,0,0,0,0,0,0,0,0,0,0,0,-5,0,0,0,0,0,0,0,0,0,0,0,1 # tri a=-5 k=12 b=-4 r=2
-3,0,0,0,0,0,0,0,0,0,0,0,-5,0,0,0,0,0,0,0,0,0,0,0,1 # tri a=-5 k=12 b=-3 r=2
-2,0,0,0,0,0,0,0,0,0,0,0,-5,0,0,0,0,0,0,0,0,0,0,0,1 # tri a=-5 k=12 b=-2 r=2
2,0,0,0,0,0,0,0,0,0,0,0,-5,0,0,0,0,0,0,0,0,0,0,0,1 # tri a=-5 k=12 b=2 r=4
3,0,0,0,0,0,0,0,0,0,0,0,-5,0,0,0,0,0,0,0,0,0,0,0,1 # tri a=-5 k=12 b=3 r=4
5,0,0,0,0,0,0,0,0,0,0,0,-5,0,0,0,0,0,0,0,0,0,0,0,1 # tri a=-5 k=12 b=5 r=4
-6,0,0,0,0,0,0,0,0,0,0,0,-4,0,0,0,0,0,0,0,0,0,0,0,1 # tri a=-4 k=12 b=-6 r=2
-4,0,0,0,0,0,0,0,0,0,0,0,-4,0,0,0,0,0,0,0,0,0,0,0,1 # tri a=-4 k=12 b=-4 r=2
-3,0,0,0,0,0,0,0,0,0,0,0,-4,0,0,0,0,0,0,0,0,0,0,0,1 # tri a=-4 k=12 b=-3 r=2
-2,0,0,0,0,0,0,0,0,0,0,0,-4,0,0,0,0,0,0,0,0,0,0,0,1 # tri a=-4 k=12 b=-2 r=2
2,0,0,0,0,0,0,0,0,0,0,0,-4,0,0,0,0,0,0,0,0,0,0,0,1 # tri a=-4 k=12 b=2 r=4
5,0,0,0,0,0,0,0,0,0,0,0,-4,0,0,0,0,0,0,0,0,0,0,0,1 # tri a=-4 k=12 b=5 r=0
6,0,0,0,0,0,0,0,0,0,0,0,-4,0,0,0,0,0,0,0,0,0,0,0,1 # tri a=-4 k=12 b=6 r=0
-6,0,0,0,0,0,0,0,0,0,0,0,-3,0,0,0,0,0,0,0,0,0,0,0,1 # tri a=-3 k=12 b=-6 r=2
-5,0,0,0,0,0,0,0,0,0,0,0,-3,0,0,0,0,0,0,0,0,0,0,0,1 # tri a=-3 k=12 b=-5 r=2
-3,0,0,0,0,0,0,0,0,0,0,0,-3,0,0,0,0,0,0,0,0,0,0,0,1 # tri a=-3 k=12 b=-3 r=2
-2,0,0,0,0,0,0,0,0,0,0,0,-3,0,0,0,0,0,0,0,0,0,0,0,1 # tri a=-3 k=12 b=-2 r=2
3,0,0,0,0,0,0,0,0,0,0,0,-3,0,0,0,0,0,0,0,0,0,0,0,1 # tri a=-3 k=12 b=3 r=0
4,0,0,0,0,0,0,0,0,0,0,0,-3,0,0,0,0,0,0,0,0,0,0,0,1 # tri a=-3 k=12 b=4 r=0
5,0,0,0,0,0,0,0,0,0,0,0,-3,0,0,0,0,0,0,0,0,0,0,0,1 # tri a=-3 k=12 b=5 r=0
6,0,0,0,0,0,0,0,0,0,0,0,-3,0,0,0,0,0,0,0,0,0,0,0,1 # tri a=-3 k=12 b=6 r=0
-6,0,0,0,0,0,0,0,0,0,0,0,-2,0,0,0,0,0,0,0,0,0,0,0,1 # tri a=-2 k=12 b=-6 r=2
-5,0,0,0,0,0,0,0,0,0,0,0,-2,0,0,0,0,0,0,0,0,0,0,0,1 # tri a=-2 k=12 b=-5 r=2
-4,0,0,0,0,0,0,0,0,0,0,0,-2,0,0,0,0,0,0,0,0,0,0,0,1 # tri a=-2 k=12 b=-4 r=2
-2,0,0,0,0,0,0,0,0,0,0,0,-2,0,0,0,0,0,0,0,0,0,0,0,1 # tri a=-2 k=12 b=-2 r=2
2,0,0,0,0,0,0,0,0,0,0,0,-2,0,0,0,0,0,0,0,0,0,0,0,1 # tri a=-2 k=12 b=2 r=0
3,0,0,0,0,0,0,0,0,0,0,0,-2,0,0,0,0,0,0,0,0,0,0,0,1 # tri a=-2 k=12 b=3 r=0
4,0,0,0,0,0,0,0,0,0,0,0,-2,0,0,0,0,0,0,0,0,0,0,0,1 # tri a=-2 k=12 b=4 r=0
5,0,0,0,0,0,0,0,0,0,0,0,-2,0,0,0,0,0,0,0,0,0,0,0,1 # tri a=-2 k=12 b=5 r=0
6,0,0,0,0,0,0,0,0,0,0,0,-2,0,0,0,0,0,0,0,0,0,0,0,1 # tri a=-2 k=12 b=6 r=0
-6,0,0,0,0,0,0,0,0,0,0,0,2,0,0,0,0,0,0,0,0,0,0,0,1 # tri a=2 k=12 b=-6 r=2
-5,0,0,0,0,0,0,0,0,0,0,0,2,0,0,0,0,0,0,0,0,0,0,0,1 # tri a=2 k=12 b=-5 r=2
-4,0,0,0,0,0,0,0,0,0,0,0,2,0,0,0,0,0,0,0,0,0,0,0,1 # tri a=2 k=12 b=-4 r=2
-2,0,0,0,0,0,0,0,0,0,0,0,2,0,0,0,0,0,0,0,0,0,0,0,1 # tri a=2 k=12 b=-2 r=2
2,0,0,0,0,0,0,0,0,0,0,0,2,0,0,0,0,0,0,0,0,0,0,0,1 # tri a=2 k=12 b=2 r=0
3,0,0,0,0,0,0,0,0,0,0,0,2,0,0,0,0,0,0,0,0,0,0,0,1 # tri a=2 k=12 b=3 r=0
4,0,0,0,0,0,0,0,0,0,0,0,2,0,0,0,0,0,0,0,0,0,0,0,1 # tri a=2 k=12 b=4 r=0
5,0,0,0,0,0,0,0,0,0,0,0,2,0,0,0,0,0,0,0,0,0,0,0,1 # tri a=2 k=12 b=5 r=0
6,0,0,0,0,0,0,0,0,0,0,0,2,0,0,0,0,0,0,0,0,0,0,0,1 # tri a=2 k=12 b=6 r=0
-6,0,0,0,0,0,0,0,0,0,0,0,3,0,0,0,0,0,0,0,0,0,0,0,1 # tri a=3 k=12 b=-6 r=2
-5,0,0,0,0,0,0,0,0,0,0,0,3,0,0,0,0,0,0,0,0,0,0,0,1 # tri a=3 k=12 b=-5 r=2
-3,0,0,0,0,0,0,0,0,0,0,0,3,0,0,0,0,0,0,0,0,0,0,0,1 # tri a=3 k=12 b=-3 r=2
-2,0,0,0,0,0,0,0,0,0,0,0,3,0,0,0,0,0,0,0,0,0,0,0,1 # tri a=3 k=12 b=-2 r=2
3,0,0,0,0,0,0,0,0,0,0,0,3,0,0,0,0,0,0,0,0,0,0,0,1 # tri a=3 k=12 b=3 r=0
5,0,0,0,0,0,0,0,0,0,0,0,3,0,0,0,0,0,0,0,0,0,0,0,1 # tri a=3 k=12 b=5 r=0
6,0,0,0,0,0,0,0,0,0,0,0,3,0,0,0,0,0,0,0,0,0,0,0,1 # tri a=3 k=12 b=6 r=0
-6,0,0,0,0,0,0,0,0,0,0,0,4,0,0,0,0,0,0,0,0,0,0,0,1 # tri a=4 k=12 b=-6 r=2
-4,0,0,0,0,0,0,0,0,0,0,0,4,0,0,0,0,0,0,0,0,0,0,0,1 # tri a=4 k=12 b=-4 r=2
-3,0,0,0,0,0,0,0,0,0,0,0,4,0,0,0,0,0,0,0,0,0,0,0,1 # tri a=4 k=12 b=-3 r=2
-2,0,0,0,0,0,0,0,0,0,0,0,4,0,0,0,0,0,0,0,0,0,0,0,1 # tri a=4 k=12 b=-2 r=2
2,0,0,0,0,0,0,0,0,0,0,0,4,0,0,0,0,0,0,0,0,0,0,0,1 # tri a=4 k=12 b=2 r=0
5,0,0,0,0,0,0,0,0,0,0,0,4,0,0,0,0,0,0,0,0,0,0,0,1 # tri a=4 k=12 b=5 r=0
6,0,0,0,0,0,0,0,0,0,0,0,4,0,0,0,0,0,0,0,0,0,0,0,1 # tri a=4 k=12 b=6 r=0
-5,0,0,0,0,0,0,0,0,0,0,0,5,0,0,0,0,0,0,0,0,0,0,0,1 # tri a=5 k=12 b=-5 r=2
-4,0,0,0,0,0,0,0,0,0,0,0,5,0,0,0,0,0,0,0,0,0,0,0,1 # tri a=5 k=12 b=-4 r=2
-3,0,0,0,0,0,0,0,0,0,0,0,5,0,0,0,0,0,0,0,0,0,0,0,1 # tri a=5 k=12 b=-3 r=2
-2,0,0,0,0,0,0,0,0,0,0,0,5,0,0,0,0,0,0,0,0,0,0,0,1 # tri a=5 k=12 b=-2 r=2
2,0,0,0,0,0,0,0,0,0,0,0,5,0,0,0,0,0,0,0,0,0,0,0,1 # tri a=5 k=12 b=2 r=0
3,0,0,0,0,0,0,0,0,0,0,0,5,0,0,0,0,0,0,0,0,0,0,0,1 # tri a=5 k=12 b=3 r=0
5,0,0,0,0,0,0,0,0,0,0,0,5,0,0,0,0,0,0,0,0,0,0,0,1 # tri a=5 k=12 b=5 r=0
-6,0,0,0,0,0,0,0,0,0,0,0,0,0,0,0,-5,0,0,0,0,0,0,0,1 # tri a=-5 k=16 b=-6 r=2
-5,0,0,0,0,0,0,0,0,0,0,0,0,0,0,0,-5,0,0,0,0,0,0,0,1 # tri a=-5 k=16 b=-5 r=2
-3,0,0,0,0,0,0,0,0,0,0,0,0,0,0,0,-5,0,0,0,0,0,0,0,1 # tri a=-5 k=16 b=-3 r=2
-2,0,0,0,0,0,0,0,0,0,0,0,0,0,0,0,-5,0,0,0,0,0,0,0,1 # tri a=-5 k=16 b=-2 r=2
2,0,0,0,0,0,0,0,0,0,0,0,0,0,0,0,-5,0,0,0,0,0,0,0,1 # tri a=-5 k=16 b=2 r=4
3,0,0,0,0,0,0,0,0,0,0,0,0,0,0,0,-5,0,0,0,0,0,0,0,1 # tri a=-5 k=16 b=3 r=4
5,0,0,0,0,0,0,0,0,0,0,0,0,0,0,0,-5,0,0,0,0,0,0,0,1 # tri a=-5 k=16 b=5 r=4
-6,0,0,0,0,0,0,0,0,0,0,0,0,0,0,0,-4,0,0,0,0,0,0,0,1 # tri a=-4 k=16 b=-6 r=2
-5,0,0,0,0,0,0,0,0,0,0,0,0,0,0,0,-4,0,0,0,0,0,0,0,1 # tri a=-4 k=16 b=-5 r=2
-4,0,0,0,0,0,0,0,0,0,0,0,0,0,0,0,-4,0,0,0,0,0,0,0,1 # tri a=-4 k=16 b=-4 r=2
-3,0,0,0,0,0,0,0,0,0,0,0,0,0,0,0,-4,0,0,0,0,0,0,0,1 # tri a=-4 k=16 b=-3 r=2
-2,0,0,0,0,0,0,0,0,0,0,0,0,0,0,0,-4,0,0,0,0,0,0,0,1 # tri a=-4 k=16 b=-2 r=2
2,0,0,0,0,0,0,0,0,0,0,0,0,0,0,0,-4,0,0,0,0,0,0,0,1 # tri a=-4 k=16 b=2 r=4
4,0,0,0,0,0,0,0,0,0,0,0,0,0,0,0,-4,0,0,0,0,0,0,0,1 # tri a=-4 k=16 b=4 r=4
6,0,0,0,0,0,0,0,0,0,0,0,0,0,0,0,-4,0,0,0,0,0,0,0,1 # tri a=-4 k=16 b=6 r=4
-6,0,0,0,0,0,0,0,0,0,0,0,0,0,0,0,-3,0,0,0,0,0,0,0,1 # tri a=-3 k=16 b=-6 r=2
-5,0,0,0,0,0,0,0,0,0,0,0,0,0,0,0,-3,0,0,0,0,0,0,0,1 # tri a=-3 k=16 b=-5 r=2
-4,0,0,0,0,0,0,0,0,0,0,0,0,0,0,0,-3,0,0,0,0,0,0,0,1 # tri a=-3 k=16 b=-4 r=2
-3,0,0,0,0,0,0,0,0,0,0,0,0,0,0,0,-3,0,0,0,0,0,0,0,1 # tri a=-3 k=16 b=-3 r=2
-2,0,0,0,0,0,0,0,0,0,0,0,0,0,0,0,-3,0,0,0,0,0,0,0,1 # tri a=-3 k=16 b=-2 r=2
3,0,0,0,0,0,0,0,0,0,0,0,0,0,0,0,-3,0,0,0,0,0,0,0,1 # tri a=-3 k=16 b=3 r=4
5,0,0,0,0,0,0,0,0,0,0,0,0,0,0,0,-3,0,0,0,0,0,0,0,1 # tri a=-3 k=16 b=5 r=0
6,0,0,0,0,0,0,0,0,0,0,0,0,0,0,0,-3,0,0,0,0,0,0,0,1 # tri a=-3 k=16 b=6 r=0
-6,0,0,0,0,0,0,0,0,0,0,0,0,0,0,0,-2,0,0,0,0,0,0,0,1 # tri a=-2 k=16 b=-6 r=2
-5,0,0,0,0,0,0,0,0,0,0,0,0,0,0,0,-2,0,0,0,0,0,0,0,1 # tri a=-2 k=16 b=-5 r=2
-4,0,0,0,0,0,0,0,0,0,0,0,0,0,0,0,-2,0,0,0,0,0,0,0,1 # tri a=-2 k=16 b=-4 r=2
-3,0,0,0,0,0,0,0,0,0,0,0,0,0,0,0,-2,0,0,0,0,0,0,0,1 # tri a=-2 k=16 b=-3 r=2
-2,0,0,0,0,0,0,0,0,0,0,0,0,0,0,0,-2,0,0,0,0,0,0,0,1 # tri a=-2 k=16 b=-2 r=2
2,0,0,0,0,0,0,0,0,0,0,0,0,0,0,0,-2,0,0,0,0,0,0,0,1 # tri a=-2 k=16 b=2 r=0
4,0,0,0,0,0,0,0,0,0,0,0,0,0,0,0,-2,0,0,0,0,0,0,0,1 # tri a=-2 k=16 b=4 r=0
5,0,0,0,0,0,0,0,0,0,0,0,0,0,0,0,-2,0,0,0,0,0,0,0,1 # tri a=-2 k=16 b=5 r=0
6,0,0,0,0,0,0,0,0,0,0,0,0,0,0,0,-2,0,0,0,0,0,0,0,1 # tri a=-2 k=16 b=6 r=0
-6,0,0,0,0,0,0,0,0,0,0,0,0,0,0,0,2,0,0,0,0,0,0,0,1 # tri a=2 k=16 b=-6 r=2
-5,0,0,0,0,0,0,0,0,0,0,0,0,0,0,0,2,0,0,0,0,0,0,0,1 # tri a=2 k=16 b=-5 r=2
-4,0,0,0,0,0,0,0,0,0,0,0,0,0,0,0,2,0,0,0,0,0,0,0,1 # tri a=2 k=16 b=-4 r=2
-2,0,0,0,0,0,0,0,0,0,0,0,0,0,0,0,2,0,0,0,0,0,0,0,1 # tri a=2 k=16 b=-2 r=2
2,0,0,0,0,0,0,0,0,0,0,0,0,0,0,0,2,0,0,0,0,0,0,0,1 # tri a=2 k=16 b=2 r=0
3,0,0,0,0,0,0,0,0,0,0,0,0,0,0,0,2,0,0,0,0,0,0,0,1 # tri a=2 k=16 b=3 r=0
4,0,0,0,0,0,0,0,0,0,0,0,0,0,0,0,2,0,0,0,0,0,0,0,1 # tri a=2 k=16 b=4 r=0
5,0,0,0,0,0,0,0,0,0,0,0,0,0,0,0,2,0,0,0,0,0,0,0,1 # tri a=2 k=16 b=5 r=0
6,0,0,0,0,0,0,0,0,0,0,0,0,0,0,0,2,0,0,0,0,0,0,0,1 # tri a=2 k=16 b=6 r=0
-6,0,0,0,0,0,0,0,0,0,0,0,0,0,0,0,3,0,0,0,0,0,0,0,1 # tri a=3 k=16 b=-6 r=2
-5,0,0,0,0,0,0,0,0,0,0,0,0,0,0,0,3,0,0,0,0,0,0,0,1 # tri a=3 k=16 b=-5 r=2
-3,0,0,0,0,0,0,0,0,0,0,0,0,0,0,0,3,0,0,0,0,0,0,0,1 # tri a=3 k=16 b=-3 r=2
2,0,0,0,0,0,0,0,0,0,0,0,0,0,0,0,3,0,0,0,0,0,0,0,1 # tri a=3 k=16 b=2 r=0
3,0,0,0,0,0,0,0,0,0,0,0,0,0,0,0,3,0,0,0,0,0,0,0,1 # tri a=3 k=16 b=3 r=0
4,0,0,0,0,0,0,0,0,0,0,0,0,0,0,0,3,0,0,0,0,0,0,0,1 # tri a=3 k=16 b=4 r=0
5,0,0,0,0,0,0,0,0,0,0,0,0,0,0,0,3,0,0,0,0,0,0,0,1 # tri a=3 k=16 b=5 r=0
6,0,0,0,0,0,0,0,0,0,0,0,0,0,0,0,3,0,0,0,0,0,0,0,1 # tri a=3 k=16 b=6 r=0
-6,0,0,0,0,0,0,0,0,0,0,0,0,0,0,0,4,0,0,0,0,0,0,0,1 # tri a=4 k=16 b=-6 r=2
-4,0,0,0,0,0,0,0,0,0,0,0,0,0,0,0,4,0,0,0,0,0,0,0,1 # tri a=4 k=16 b=-4 r=2
-2,0,0,0,0,0,0,0,0,0,0,0,0,0,0,0,4,0,0,0,0,0,0,0,1 # tri a=4 k=16 b=-2 r=2
2,0,0,0,0,0,0,0,0,0,0,0,0,0,0,0,4,0,0,0,0,0,0,0,1 # tri a=4 k=16 b=2 r=0
3,0,0,0,0,0,0,0,0,0,0,0,0,0,0,0,4,0,0,0,0,0,0,0,1 # tri a=4 k=16 b=3 r=0
4,0,0,0,0,0,0,0,0,0,0,0,0,0,0,0,4,0,0,0,0,0,0,0,1 # tri a=4 k=16 b=4 r=0
5,0,0,0,0,0,0,0,0,0,0,0,0,0,0,0,4,0,0,0,0,0,0,0,1 # tri a=4 k=16 b=5 r=0
6,0,0,0,0,0,0,0,0,0,0,0,0,0,0,0,4,0,0,0,0,0,0,0,1 # tri a=4 k=16 b=6 r=0
-5,0,0,0,0,0,0,0,0,0,0,0,0,0,0,0,5,0,0,0,0,0,0,0,1 # tri a=5 k=16 b=-5 r=2
-3,0,0,0,0,0,0,0,0,0,0,0,0,0,0,0,5,0,0,0,0,0,0,0,1 # tri a=5 k=16 b=-3 r=2
-2,0,0,0,0,0,0,0,0,0,0,0,0,0,0,0,5,0,0,0,0,0,0,0,1 # tri a=5 k=16 b=-2 r=2
2,0,0,0,0,0,0,0,0,0,0,0,0,0,0,0,5,0,0,0,0,0,0,0,1 # tri a=5 k=16 b=2 r=0
3,0,0,0,0,0,0,0,0,0,0,0,0,0,0,0,5,0,0,0,0,0,0,0,1 # tri a=5 k=16 b=3 r=0
4,0,0,0,0,0,0,0,0,0,0,0,0,0,0,0,5,0,0,0,0,0,0,0,1 # tri a=5 k=16 b=4 r=0
5,0,0,0,0,0,0,0,0,0,0,0,0,0,0,0,5,0,0,0,0,0,0,0,1 # tri a=5 k=16 b=5 r=0
6,0,0,0,0,0,0,0,0,0,0,0,0,0,0,0,5,0,0,0,0,0,0,0,1 # tri a=5 k=16 b=6 r=0
-5,0,0,0,0,0,0,0,0,0,0,0,0,0,0,0,0,0,-5,0,0,0,0,0,1 # tri a=-5 k=18 b=-5 r=2
-4,0,0,0,0,0,0,0,0,0,0,0,0,0,0,0,0,0,-5,0,0,0,0,0,1 # tri a=-5 k=18 b=-4 r=2
-3,0,0,0,0,0,0,0,0,0,0,0,0,0,0,0,0,0,-5,0,0,0,0,0,1 # tri a=-5 k=18 b=-3 r=2
-2,0,0,0,0,0,0,0,0,0,0,0,0,0,0,0,0,0,-5,0,0,0,0,0,1 # tri a=-5 k=18 b=-2 r=2
2,0,0,0,0,0,0,0,0,0,0,0,0,0,0,0,0,0,-5,0,0,0,0,0,1 # tri a=-5 k=18 b=2 r=4
3,0,0,0,0,0,0,0,0,0,0,0,0,0,0,0,0,0,-5,0,0,0,0,0,1 # tri a=-5 k=18 b=3 r=4
5,0,0,0,0,0,0,0,0,0,0,0,0,0,0,0,0,0,-5,0,0,0,0,0,1 # tri a=-5 k=18 b=5 r=4
6,0,0,0,0,0,0,0,0,0,0,0,0,0,0,0,0,0,-5,0,0,0,0,0,1 # tri a=-5 k=18 b=6 r=4
-6,0,0,0,0,0,0,0,0,0,0,0,0,0,0,0,0,0,-4,0,0,0,0,0,1 # tri a=-4 k=18 b=-6 r=2
-4,0,0,0,0,0,0,0,0,0,0,0,0,0,0,0,0,0,-4,0,0,0,0,0,1 # tri a=-4 k=18 b=-4 r=2
-3,0,0,0,0,0,0,0,0,0,0,0,0,0,0,0,0,0,-4,0,0,0,0,0,1 # tri a=-4 k=18 b=-3 r=2
-2,0,0,0,0,0,0,0,0,0,0,0,0,0,0,0,0,0,-4,0,0,0,0,0,1 # tri a=-4 k=18 b=-2 r=2
2,0,0,0,0,0,0,0,0,0,0,0,0,0,0,0,0,0,-4,0,0,0,0,0,1 # tri a=-4 k=18 b=2 r=4
4,0,0,0,0,0,0,0,0,0,0,0,0,0,0,0,0,0,-4,0,0,0,0,0,1 # tri a=-4 k=18 b=4 r=4
5,0,0,0,0,0,0,0,0,0,0,0,0,0,0,0,0,0,-4,0,0,0,0,0,1 # tri a=-4 k=18 b=5 r=4
6,0,0,0,0,0,0,0,0,0,0,0,0,0,0,0,0,0,-4,0,0,0,0,0,1 # tri a=-4 k=18 b=6 r=4
-6,0,0,0,0,0,0,0,0,0,0,0,0,0,0,0,0,0,-3,0,0,0,0,0,1 # tri a=-3 k=18 b=-6 r=2
-5,0,0,0,0,0,0,0,0,0,0,0,0,0,0,0,0,0,-3,0,0,0,0,0,1 # tri a=-3 k=18 b=-5 r=2
-3,0,0,0,0,0,0,0,0,0,0,0,0,0,0,0,0,0,-3,0,0,0,0,0,1 # tri a=-3 k=18 b=-3 r=2
-2,0,0,0,0,0,0,0,0,0,0,0,0,0,0,0,0,0,-3,0,0,0,0,0,1 # tri a=-3 k=18 b=-2 r=2
3,0,0,0,0,0,0,0,0,0,0,0,0,0,0,0,0,0,-3,0,0,0,0,0,1 # tri a=-3 k=18 b=3 r=4
4,0,0,0,0,0,0,0,0,0,0,0,0,0,0,0,0,0,-3,0,0,0,0,0,1 # tri a=-3 k=18 b=4 r=4
5,0,0,0,0,0,0,0,0,0,0,0,0,0,0,0,0,0,-3,0,0,0,0,0,1 # tri a=-3 k=18 b=5 r=4
6,0,0,0,0,0,0,0,0,0,0,0,0,0,0,0,0,0,-3,0,0,0,0,0,1 # tri a=-3 k=18 b=6 r=4
-6,0,0,0,0,0,0,0,0,0,0,0,0,0,0,0,0,0,-2,0,0,0,0,0,1 # tri a=-2 k=18 b=-6 r=2
-5,0,0,0,0,0,0,0,0,0,0,0,0,0,0,0,0,0,-2,0,0,0,0,0,1 # tri a=-2 k=18 b=-5 r=2
-4,0,0,0,0,0,0,0,0,0,0,0,0,0,0,0,0,0,-2,0,0,0,0,0,1 # tri a=-2 k=18 b=-4 r=2
-2,0,0,0,0,0,0,0,0,0,0,0,0,0,0,0,0,0,-2,0,0,0,0,0,1 # tri a=-2 k=18 b=-2 r=2
2,0,0,0,0,0,0,0,0,0,0,0,0,0,0,0,0,0,-2,0,0,0,0,0,1 # tri a=-2 k=18 b=2 r=0
3,0,0,0,0,0,0,0,0,0,0,0,0,0,0,0,0,0,-2,0,0,0,0,0,1 # tri a=-2 k=18 b=3 r=0
4,0,0,0,0,0,0,0,0,0,0,0,0,0,0,0,0,0,-2,0,0,0,0,0,1 # tri a=-2 k=18 b=4 r=0
5,0,0,0,0,0,0,0,0,0,0,0,0,0,0,0,0,0,-2,0,0,0,0,0,1 # tri a=-2 k=18 b=5 r=0
6,0,0,0,0,0,0,0,0,0,0,0,0,0,0,0,0,0,-2,0,0,0,0,0,1 # tri a=-2 k=18 b=6 r=0
-6,0,0,0,0,0,0,0,0,0,0,0,0,0,0,0,0,0,2,0,0,0,0,0,1 # tri a=2 k=18 b=-6 r=2
-5,0,0,0,0,0,0,0,0,0,0,0,0,0,0,0,0,0,2,0,0,0,0,0,1 # tri a=2 k=18 b=-5 r=2
-4,0,0,0,0,0,0,0,0,0,0,0,0,0,0,0,0,0,2,0,0,0,0,0,1 # tri a=2 k=18 b=-4 r=2
-2,0,0,0,0,0,0,0,0,0,0,0,0,0,0,0,0,0,2,0,0,0,0,0,1 # tri a=2 k=18 b=-2 r=2
2,0,0,0,0,0,0,0,0,0,0,0,0,0,0,0,0,0,2,0,0,0,0,0,1 # tri a=2 k=18 b=2 r=0
3,0,0,0,0,0,0,0,0,0,0,0,0,0,0,0,0,0,2,0,0,0,0,0,1 # tri a=2 k=18 b=3 r=0
4,0,0,0,0,0,0,0,0,0,0,0,0,0,0,0,0,0,2,0,0,0,0,0,1 # tri a=2 k=18 b=4 r=0
5,0,0,0,0,0,0,0,0,0,0,0,0,0,0,0,0,0,2,0,0,0,0,0,1 # tri a=2 k=18 b=5 r=0
6,0,0,0,0,0,0,0,0,0,0,0,0,0,0,0,0,0,2,0,0,0,0,0,1 # tri a=2 k=18 b=6 r=0
-6,0,0,0,0,0,0,0,0,0,0,0,0,0,0,0,0,0,3,0,0,0,0,0,1 # tri a=3 k=18 b=-6 r=2
-5,0,0,0,0,0,0,0,0,0,0,0,0,0,0,0,0,0,3,0,0,0,0,0,1 # tri a=3 k=18 b=-5 r=2
-3,0,0,0,0,0,0,0,0,0,0,0,0,0,0,0,0,0,3,0,0,0,0,0,1 # tri a=3 k=18 b=-3 r=2
-2,0,0,0,0,0,0,0,0,0,0,0,0,0,0,0,0,0,3,0,0,0,0,0,1 # tri a=3 k=18 b=-2 r=2
3,0,0,0,0,0,0,0,0,0,0,0,0,0,0,0,0,0,3,0,0,0,0,0,1 # tri a=3 k=18 b=3 r=0
4,0,0,0,0,0,0,0,0,0,0,0,0,0,0,0,0,0,3,0,0,0,0,0,1 # tri a=3 k=18 b=4 r=0
5,0,0,0,0,0,0,0,0,0,0,0,0,0,0,0,0,0,3,0,0,0,0,0,1 # tri a=3 k=18 b=5 r=0
6,0,0,0,0,0,0,0,0,0,0,0,0,0,0,0,0,0,3,0,0,0,0,0,1 # tri a=3 k=18 b=6 r=0
-6,0,0,0,0,0,0,0,0,0,0,0,0,0,0,0,0,0,4,0,0,0,0,0,1 # tri a=4 k=18 b=-6 r=2
-4,0,0,0,0,0,0,0,0,0,0,0,0,0,0,0,0,0,4,0,0,0,0,0,1 # tri a=4 k=18 b=-4 r=2
-3,0,0,0,0,0,0,0,0,0,0,0,0,0,0,0,0,0,4,0,0,0,0,0,1 # tri a=4 k=18 b=-3 r=2
-2,0,0,0,0,0,0,0,0,0,0,0,0,0,0,0,0,0,4,0,0,0,0,0,1 # tri a=4 k=18 b=-2 r=2
2,0,0,0,0,0,0,0,0,0,0,0,0,0,0,0,0,0,4,0,0,0,0,0,1 # tri a=4 k=18 b=2 r=0
4,0,0,0,0,0,0,0,0,0,0,0,0,0,0,0,0,0,4,0,0,0,0,0,1 # tri a=4 k=18 b=4 r=0
5,0,0,0,0,0,0,0,0,0,0,0,0,0,0,0,0,0,4,0,0,0,0,0,1 # tri a=4 k=18 b=5 r=0
6,0,0,0,0,0,0,0,0,0,0,0,0,0,0,0,0,0,4,0,0,0,0,0,1 # tri a=4 k=18 b=6 r=0
-5,0,0,0,0,0,0,0,0,0,0,0,0,0,0,0,0,0,5,0,0,0,0,0,1 # tri a=5 k=18 b=-5 r=2
-4,0,0,0,0,0,0,0,0,0,0,0,0,0,0,0,0,0,5,0,0,0,0,0,1 # tri a=5 k=18 b=-4 r=2
-3,0,0,0,0,0,0,0,0,0,0,0,0,0,0,0,0,0,5,0,0,0,0,0,1 # tri a=5 k=18 b=-3 r=2
-2,0,0,0,0,0,0,0,0,0,0,0,0,0,0,0,0,0,5,0,0,0,0,0,1 # tri a=5 k=18 b=-2 r=2
2,0,0,0,0,0,0,0,0,0,0,0,0,0,0,0,0,0,5,0,0,0,0,0,1 # tri a=5 k=18 b=2 r=0
3,0,0,0,0,0,0,0,0,0,0,0,0,0,0,0,0,0,5,0,0,0,0,0,1 # tri a=5 k=18 b=3 r=0
5,0,0,0,0,0,0,0,0,0,0,0,0,0,0,0,0,0,5,0,0,0,0,0,1 # tri a=5 k=18 b=5 r=0
6,0,0,0,0,0,0,0,0,0,0,0,0,0,0,0,0,0,5,0,0,0,0,0,1 # tri a=5 k=18 b=6 r=0
