96751,0,0,-37051,0,0,30759,0,0,-9442,0,0,3309,0,0,-754,0,0,146,0,0,-18,0,0,1 # sphere_gen r=0
19615831,0,0,-1594916,0,0,7714,0,0,61478,0,0,-5511,0,0,346,0,0,91,0,0,-13,0,0,1 # sphere_gen r=0
256525,0,0,-452650,0,0,345675,0,0,-148550,0,0,39470,0,0,-6650,0,0,690,0,0,-40,0,0,1 # sphere_gen r=0
3033691,0,0,2034343,0,0,817200,0,0,238833,0,0,48969,0,0,6907,0,0,650,0,0,37,0,0,1 # sphere_gen r=0
78781,0,0,89168,0,0,37711,0,0,10314,0,0,2824,0,0,412,0,0,84,0,0,6,0,0,1 # sphere_gen r=0
721711,0,0,108562,0,0,139206,0,0,5006,0,0,-3841,0,0,-562,0,0,24,0,0,4,0,0,1 # sphere_gen r=0
1141291,0,0,-338035,0,0,98167,0,0,-15725,0,0,7404,0,0,-895,0,0,163,0,0,-20,0,0,1 # sphere_gen r=0
2859781,0,0,3274389,0,0,1649810,0,0,463611,0,0,80819,0,0,9441,0,0,760,0,0,39,0,0,1 # sphere_gen r=0
89776,0,0,97136,0,0,41464,0,0,13102,0,0,6999,0,0,1094,0,0,136,0,0,13,0,0,1 # sphere_gen r=0
311131,0,0,-169778,0,0,80730,0,0,-24198,0,0,5859,0,0,-1112,0,0,155,0,0,-17,0,0,1 # sphere_gen r=0
214066141,0,0,35240288,0,0,5066650,0,0,615588,0,0,49699,0,0,4852,0,0,270,0,0,12,0,0,1 # sphere_gen r=0
215296,0,0,64960,0,0,-11728,0,0,2620,0,0,2769,0,0,-585,0,0,123,0,0,-5,0,0,1 # sphere_gen r=0
293401,0,0,521701,0,0,384750,0,0,150029,0,0,34379,0,0,4949,0,0,480,0,0,31,0,0,1 # sphere_gen r=0
26149441,0,0,-3617619,0,0,331355,0,0,-125876,0,0,-2331,0,0,-86,0,0,180,0,0,16,0,0,1 # sphere_gen r=0
1566541,0,0,-1957551,0,0,1146094,0,0,-398562,0,0,86934,0,0,-11919,0,0,1006,0,0,-48,0,0,1 # sphere_gen r=0
8547871,0,0,-4855887,0,0,907271,0,0,-20256,0,0,-12691,0,0,852,0,0,154,0,0,-24,0,0,1 # sphere_gen r=0
239971,0,0,289280,0,0,163897,0,0,47145,0,0,6124,0,0,325,0,0,63,0,0,15,0,0,1 # sphere_gen r=0
33403771,0,0,13845055,0,0,3203083,0,0,507395,0,0,61944,0,0,6475,0,0,577,0,0,35,0,0,1 # sphere_gen r=0
9169261,0,0,2994517,0,0,256346,0,0,8146,0,0,-2021,0,0,-472,0,0,-16,0,0,-1,0,0,1 # sphere_gen r=0
2992651,0,0,-3064127,0,0,1265858,0,0,-227399,0,0,22275,0,0,-1749,0,0,198,0,0,-17,0,0,1 # sphere_gen r=0
13933681,0,0,-138082,0,0,939971,0,0,1139,0,0,18444,0,0,897,0,0,129,0,0,11,0,0,1 # sphere_gen r=0
71341,0,0,-36914,0,0,30489,0,0,-17593,0,0,5954,0,0,-1231,0,0,171,0,0,-17,0,0,1 # sphere_gen r=0
53971,0,0,4035,0,0,22247,0,0,18000,0,0,8039,0,0,2100,0,0,358,0,0,30,0,0,1 # sphere_gen r=0
13127911,0,0,1868003,0,0,88743,0,0,-47599,0,0,-2550,0,0,611,0,0,203,0,0,18,0,0,1 # sphere_gen r=0
3231031,0,0,1524067,0,0,915031,0,0,226036,0,0,50269,0,0,6478,0,0,634,0,0,34,0,0,1 # sphere_gen r=0
2533456,0,0,426672,0,0,79148,0,0,6164,0,0,465,0,0,434,0,0,168,0,0,17,0,0,1 # sphere_gen r=0
604531,0,0,439845,0,0,102758,0,0,-7135,0,0,-3201,0,0,-295,0,0,-18,0,0,5,0,0,1 # sphere_gen r=0
8851771,0,0,6311259,0,0,2101665,0,0,428636,0,0,59959,0,0,6366,0,0,550,0,0,34,0,0,1 # sphere_gen r=0
143056,0,0,23920,0,0,20272,0,0,-2070,0,0,469,0,0,1265,0,0,318,0,0,30,0,0,1 # sphere_gen r=0
601561,0,0,-9439,0,0,-23660,0,0,-7756,0,0,589,0,0,344,0,0,100,0,0,11,0,0,1 # sphere_gen r=0
5751856,0,0,-2145880,0,0,336872,0,0,2480,0,0,-2981,0,0,-230,0,0,203,0,0,-20,0,0,1 # sphere_gen r=0
1511971,0,0,248690,0,0,298018,0,0,63950,0,0,13459,0,0,1910,0,0,232,0,0,20,0,0,1 # sphere_gen r=0
5061841,0,0,4023889,0,0,1253664,0,0,189288,0,0,14334,0,0,961,0,0,176,0,0,22,0,0,1 # sphere_gen r=0
1287571,0,0,1614749,0,0,771290,0,0,199001,0,0,37449,0,0,4881,0,0,450,0,0,29,0,0,1 # sphere_gen r=0
394981,0,0,395296,0,0,259827,0,0,109638,0,0,28260,0,0,4672,0,0,512,0,0,34,0,0,1 # sphere_gen r=0
1630921,0,0,-221347,0,0,468110,0,0,-97702,0,0,17619,0,0,-1488,0,0,180,0,0,-13,0,0,1 # sphere_gen r=0
1874911,0,0,-22103,0,0,57090,0,0,-15653,0,0,219,0,0,13,0,0,80,0,0,3,0,0,1 # sphere_gen r=0
772621,0,0,102095,0,0,28842,0,0,-5475,0,0,-1251,0,0,-145,0,0,38,0,0,5,0,0,1 # sphere_gen r=0
79416691,0,0,22233083,0,0,2765865,0,0,292948,0,0,30569,0,0,3142,0,0,390,0,0,32,0,0,1 # sphere_gen r=0
396496,0,0,-261560,0,0,35512,0,0,8600,0,0,579,0,0,-935,0,0,253,0,0,-25,0,0,1 # sphere_gen r=0
41538481,0,0,-3026727,0,0,1293040,0,0,62748,0,0,9929,0,0,1962,0,0,-10,0,0,-3,0,0,1 # sphere_gen r=0
56761,0,0,-130652,0,0,107435,0,0,-36152,0,0,4129,0,0,212,0,0,-55,0,0,2,0,0,1 # sphere_gen r=0
8099821,0,0,-2288531,0,0,-23655,0,0,63761,0,0,-196,0,0,-2119,0,0,345,0,0,-26,0,0,1 # sphere_gen r=0
1797331,0,0,695155,0,0,209062,0,0,-6025,0,0,1959,0,0,-455,0,0,28,0,0,5,0,0,1 # sphere_gen r=0
30841,0,0,5581,0,0,10950,0,0,-14836,0,0,7769,0,0,-2266,0,0,360,0,0,-29,0,0,1 # sphere_gen r=0
593581,0,0,-233867,0,0,134406,0,0,-39691,0,0,11549,0,0,-2143,0,0,324,0,0,-29,0,0,1 # sphere_gen r=0
9833911,0,0,-3224387,0,0,1235980,0,0,-263637,0,0,44959,0,0,-5953,0,0,540,0,0,-33,0,0,1 # sphere_gen r=0
313441,0,0,413422,0,0,240986,0,0,81961,0,0,18574,0,0,3068,0,0,374,0,0,29,0,0,1 # sphere_gen r=0
8161,0,0,2750,0,0,68922,0,0,36870,0,0,12729,0,0,3200,0,0,473,0,0,35,0,0,1 # sphere_gen r=0
357991,0,0,292646,0,0,108104,0,0,16472,0,0,3529,0,0,784,0,0,101,0,0,13,0,0,1 # sphere_gen r=0
1727161,0,0,-1734178,0,0,734621,0,0,-181114,0,0,32119,0,0,-4202,0,0,389,0,0,-26,0,0,1 # sphere_gen r=0
3339631,0,0,-2559690,0,0,879188,0,0,-173015,0,0,25464,0,0,-3860,0,0,492,0,0,-35,0,0,1 # sphere_gen r=0
30190291,0,0,22969118,0,0,7888405,0,0,1632933,0,0,228244,0,0,22237,0,0,1455,0,0,57,0,0,1 # sphere_gen r=0
4861296,0,0,2038608,0,0,685800,0,0,120528,0,0,19359,0,0,1827,0,0,210,0,0,12,0,0,1 # sphere_gen r=0
349831,0,0,262363,0,0,28711,0,0,-9346,0,0,939,0,0,442,0,0,-26,0,0,-4,0,0,1 # sphere_gen r=0
1023031,0,0,-215726,0,0,188722,0,0,-34098,0,0,4765,0,0,188,0,0,117,0,0,-9,0,0,1 # sphere_gen r=0
1722541,0,0,-791419,0,0,349654,0,0,-96803,0,0,19899,0,0,-2491,0,0,196,0,0,-17,0,0,1 # sphere_gen r=0
751,0,0,-14949,0,0,108967,0,0,-11727,0,0,-6760,0,0,-273,0,0,167,0,0,24,0,0,1 # sphere_gen r=0
1520581,0,0,-1191575,0,0,627453,0,0,-119790,0,0,5529,0,0,2800,0,0,92,0,0,10,0,0,1 # sphere_gen r=0
104656,0,0,-108952,0,0,60760,0,0,-23792,0,0,6999,0,0,-1513,0,0,235,0,0,-23,0,0,1 # sphere_gen r=0
4704781,0,0,-5347423,0,0,2769796,0,0,-830144,0,0,155364,0,0,-18457,0,0,1354,0,0,-56,0,0,1 # sphere_gen r=0
4242691,0,0,2897496,0,0,795980,0,0,91834,0,0,1224,0,0,-356,0,0,75,0,0,16,0,0,1 # sphere_gen r=0
17761,0,0,19222,0,0,18021,0,0,9256,0,0,4074,0,0,1078,0,0,224,0,0,24,0,0,1 # sphere_gen r=0
40921,0,0,-113543,0,0,76018,0,0,48189,0,0,-2735,0,0,-1681,0,0,108,0,0,-3,0,0,1 # sphere_gen r=0
257641,0,0,370225,0,0,248247,0,0,103535,0,0,24074,0,0,2495,0,0,243,0,0,-20,0,0,1 # sphere_gen r=0
2817811,0,0,1122047,0,0,226303,0,0,45199,0,0,9150,0,0,1739,0,0,253,0,0,22,0,0,1 # sphere_gen r=0
4861,0,0,2147,0,0,16536,0,0,-20799,0,0,10329,0,0,-2737,0,0,404,0,0,-31,0,0,1 # sphere_gen r=0
9413071,0,0,1985726,0,0,283572,0,0,-8082,0,0,-9525,0,0,-28,0,0,257,0,0,29,0,0,1 # sphere_gen r=0
3035551,0,0,599669,0,0,45469,0,0,32283,0,0,22774,0,0,5851,0,0,711,0,0,42,0,0,1 # sphere_gen r=0
2079856,0,0,-353096,0,0,-14800,0,0,-1424,0,0,309,0,0,276,0,0,0,0,0,-11,0,0,1 # sphere_gen r=0
438751,0,0,-388716,0,0,205602,0,0,-65498,0,0,14515,0,0,-2202,0,0,247,0,0,-19,0,0,1 # sphere_gen r=0
4989631,0,0,1461804,0,0,303670,0,0,45996,0,0,5849,0,0,546,0,0,65,0,0,9,0,0,1 # sphere_gen r=0
128221,0,0,-142190,0,0,206158,0,0,-74680,0,0,23124,0,0,-5120,0,0,637,0,0,-40,0,0,1 # sphere_gen r=0
629311,0,0,148807,0,0,333136,0,0,68941,0,0,9259,0,0,1123,0,0,184,0,0,19,0,0,1 # sphere_gen r=0
1160461,0,0,-629920,0,0,154342,0,0,-5210,0,0,3639,0,0,-790,0,0,133,0,0,-5,0,0,1 # sphere_gen r=0
9211,0,0,34177,0,0,74130,0,0,4362,0,0,-1971,0,0,-332,0,0,50,0,0,13,0,0,1 # sphere_gen r=0
1152871,0,0,-186117,0,0,129683,0,0,2416,0,0,-165,0,0,586,0,0,18,0,0,-2,0,0,1 # sphere_gen r=0
3298096,0,0,1046064,0,0,63424,0,0,-15342,0,0,-3061,0,0,-9,0,0,71,0,0,-3,0,0,1 # sphere_gen r=0
2566891,0,0,-2410522,0,0,1199513,0,0,-405964,0,0,92565,0,0,-13374,0,0,1143,0,0,-52,0,0,1 # sphere_gen r=0
1917691,0,0,-2477972,0,0,1544033,0,0,-363764,0,0,40665,0,0,-3474,0,0,393,0,0,-32,0,0,1 # sphere_gen r=0
1891,0,0,1007,0,0,2995,0,0,3522,0,0,2089,0,0,718,0,0,150,0,0,18,0,0,1 # sphere_gen r=0
4750861,0,0,-3554594,0,0,1981920,0,0,-579396,0,0,97764,0,0,-11006,0,0,875,0,0,-44,0,0,1 # sphere_gen r=0
4800151,0,0,4003503,0,0,1615203,0,0,408286,0,0,70615,0,0,8586,0,0,718,0,0,38,0,0,1 # sphere_gen r=0
968431,0,0,-1074991,0,0,542350,0,0,-166429,0,0,34489,0,0,-4939,0,0,490,0,0,-31,0,0,1 # sphere_gen r=0
903421,0,0,267143,0,0,-180204,0,0,-2506,0,0,17589,0,0,-4828,0,0,614,0,0,-39,0,0,1 # sphere_gen r=0
470416,0,0,-589536,0,0,276352,0,0,-73188,0,0,14835,0,0,-1917,0,0,217,0,0,-9,0,0,1 # sphere_gen r=0
7412131,0,0,5536403,0,0,1945446,0,0,452149,0,0,77669,0,0,9637,0,0,804,0,0,41,0,0,1 # sphere_gen r=0
31615711,0,0,1930766,0,0,-133600,0,0,42314,0,0,33039,0,0,6864,0,0,735,0,0,41,0,0,1 # sphere_gen r=0
580711,0,0,884693,0,0,649650,0,0,266918,0,0,63894,0,0,8987,0,0,800,0,0,42,0,0,1 # sphere_gen r=0
910081,0,0,-189316,0,0,222325,0,0,-25709,0,0,14844,0,0,-1429,0,0,145,0,0,-11,0,0,1 # sphere_gen r=0
19033891,0,0,-11095328,0,0,2897603,0,0,-531836,0,0,75465,0,0,-7926,0,0,693,0,0,-38,0,0,1 # sphere_gen r=0
1128121,0,0,93431,0,0,180317,0,0,-10522,0,0,8905,0,0,562,0,0,62,0,0,4,0,0,1 # sphere_gen r=0
76351,0,0,-49698,0,0,15386,0,0,-6014,0,0,1059,0,0,58,0,0,84,0,0,4,0,0,1 # sphere_gen r=0
3970531,0,0,412787,0,0,195155,0,0,35657,0,0,14154,0,0,633,0,0,-75,0,0,8,0,0,1 # sphere_gen r=0
1109821,0,0,337171,0,0,-65556,0,0,-21828,0,0,4809,0,0,604,0,0,236,0,0,13,0,0,1 # sphere_gen r=0
231571,0,0,296450,0,0,72973,0,0,-18780,0,0,8794,0,0,-710,0,0,117,0,0,0,0,0,1 # sphere_gen r=0
14701,0,0,277,0,0,-5230,0,0,-1928,0,0,1279,0,0,158,0,0,-40,0,0,-7,0,0,1 # sphere_gen r=0
300511,0,0,-302485,0,0,178087,0,0,-70560,0,0,18769,0,0,-3380,0,0,408,0,0,-30,0,0,1 # sphere_gen r=0
645136,0,0,151352,0,0,134340,0,0,30782,0,0,5259,0,0,983,0,0,170,0,0,18,0,0,1 # sphere_gen r=0
9007525,0,0,7479300,0,0,2980625,0,0,728625,0,0,118970,0,0,13245,0,0,985,0,0,45,0,0,1 # sphere_gen r=0
70241,0,0,-41656,0,0,14624,0,0,-7544,0,0,3986,0,0,-1272,0,0,240,0,0,-24,0,0,1 # sphere_gen r=0
4929809,0,0,-93152,0,0,428092,0,0,-4696,0,0,5952,0,0,472,0,0,20,0,0,0,0,0,1 # sphere_gen r=0
677889,0,0,-573696,0,0,255564,0,0,-80976,0,0,18968,0,0,-3160,0,0,348,0,0,-24,0,0,1 # sphere_gen r=0
203972,0,0,256176,0,0,250216,0,0,52784,0,0,7784,0,0,1048,0,0,132,0,0,16,0,0,1 # sphere_gen r=0
132833,0,0,18408,0,0,39616,0,0,3040,0,0,1976,0,0,-376,0,0,72,0,0,-16,0,0,1 # sphere_gen r=0
2064962,0,0,1106520,0,0,287724,0,0,43320,0,0,4566,0,0,280,0,0,28,0,0,8,0,0,1 # sphere_gen r=0
2632433,0,0,-950824,0,0,449344,0,0,-95000,0,0,21138,0,0,-2792,0,0,320,0,0,-24,0,0,1 # sphere_gen r=0
5940001,0,0,2624104,0,0,452912,0,0,77848,0,0,18434,0,0,2920,0,0,304,0,0,24,0,0,1 # sphere_gen r=0
5562338,0,0,-3366056,0,0,939164,0,0,-154504,0,0,20030,0,0,-2360,0,0,220,0,0,-16,0,0,1 # sphere_gen r=0
33218,0,0,-5128,0,0,-1356,0,0,-1072,0,0,850,0,0,16,0,0,-8,0,0,-8,0,0,1 # sphere_gen r=0
61604226,0,0,-24244920,0,0,2169180,0,0,209784,0,0,-37306,0,0,1976,0,0,156,0,0,-24,0,0,1 # sphere_gen r=0
370753,0,0,-615000,0,0,307588,0,0,-16360,0,0,-446,0,0,-856,0,0,92,0,0,-8,0,0,1 # sphere_gen r=0
9826,0,0,33864,0,0,50068,0,0,22408,0,0,7214,0,0,1552,0,0,188,0,0,16,0,0,1 # sphere_gen r=0
21121288,0,0,7359936,0,0,2516016,0,0,474480,0,0,75708,0,0,8000,0,0,652,0,0,32,0,0,1 # sphere_gen r=0
583202,0,0,-298088,0,0,9364,0,0,7648,0,0,5306,0,0,-2592,0,0,424,0,0,-32,0,0,1 # sphere_gen r=0
45521,0,0,-229768,0,0,369604,0,0,-144400,0,0,27344,0,0,-3280,0,0,316,0,0,-24,0,0,1 # sphere_gen r=0
3125153,0,0,3153240,0,0,1350028,0,0,328552,0,0,52296,0,0,6016,0,0,524,0,0,32,0,0,1 # sphere_gen r=0
6468833,0,0,469728,0,0,121768,0,0,-8912,0,0,3968,0,0,880,0,0,200,0,0,16,0,0,1 # sphere_gen r=0
19092292,0,0,4452736,0,0,418976,0,0,2816,0,0,-4052,0,0,-832,0,0,-80,0,0,0,0,0,1 # sphere_gen r=0
3187313,0,0,-2663816,0,0,998484,0,0,-191888,0,0,29728,0,0,-3712,0,0,332,0,0,-24,0,0,1 # sphere_gen r=0
11522497,0,0,1087296,0,0,471736,0,0,21176,0,0,6118,0,0,1456,0,0,232,0,0,24,0,0,1 # sphere_gen r=0
1663586,0,0,-536504,0,0,259316,0,0,-44952,0,0,11590,0,0,-1088,0,0,188,0,0,-8,0,0,1 # sphere_gen r=0
13922,0,0,-31624,0,0,30308,0,0,10840,0,0,6926,0,0,1440,0,0,276,0,0,24,0,0,1 # sphere_gen r=0
4361377,0,0,-1826920,0,0,338816,0,0,-58504,0,0,6786,0,0,-744,0,0,128,0,0,-8,0,0,1 # sphere_gen r=0
3176977,0,0,659192,0,0,467420,0,0,188920,0,0,37106,0,0,4792,0,0,420,0,0,24,0,0,1 # sphere_gen r=0
7992689,0,0,1669096,0,0,590752,0,0,107728,0,0,16152,0,0,2280,0,0,232,0,0,16,0,0,1 # sphere_gen r=0
3285794,0,0,2440056,0,0,626860,0,0,4336,0,0,6234,0,0,-632,0,0,-160,0,0,8,0,0,1 # sphere_gen r=0
490433,0,0,-311304,0,0,48856,0,0,-1568,0,0,-4024,0,0,856,0,0,336,0,0,32,0,0,1 # sphere_gen r=0
94129,0,0,63896,0,0,62956,0,0,21560,0,0,8658,0,0,1944,0,0,276,0,0,24,0,0,1 # sphere_gen r=0
229777,0,0,-72040,0,0,11100,0,0,-6416,0,0,704,0,0,112,0,0,-12,0,0,8,0,0,1 # sphere_gen r=0
386257,0,0,97904,0,0,173252,0,0,9264,0,0,7814,0,0,368,0,0,4,0,0,-16,0,0,1 # sphere_gen r=0
4962946,0,0,-465368,0,0,-96516,0,0,31528,0,0,5174,0,0,536,0,0,188,0,0,24,0,0,1 # sphere_gen r=0
2252036,0,0,502448,0,0,163480,0,0,52448,0,0,6840,0,0,-24,0,0,-20,0,0,8,0,0,1 # sphere_gen r=0
2846018,0,0,1664936,0,0,745116,0,0,227664,0,0,45394,0,0,6008,0,0,544,0,0,32,0,0,1 # sphere_gen r=0
517537,0,0,762192,0,0,498684,0,0,179584,0,0,39650,0,0,5680,0,0,548,0,0,32,0,0,1 # sphere_gen r=0
3084804,0,0,-2028672,0,0,688608,0,0,-116448,0,0,16076,0,0,-1664,0,0,208,0,0,-16,0,0,1 # sphere_gen r=0
2967044,0,0,-815344,0,0,87992,0,0,3168,0,0,1576,0,0,-136,0,0,-20,0,0,8,0,0,1 # sphere_gen r=0
18181697,0,0,7997184,0,0,2405008,0,0,477952,0,0,70848,0,0,7696,0,0,608,0,0,32,0,0,1 # sphere_gen r=0
13640273,0,0,1146904,0,0,1103892,0,0,74368,0,0,30256,0,0,1424,0,0,316,0,0,8,0,0,1 # sphere_gen r=0
393329,0,0,362304,0,0,99392,0,0,-6592,0,0,8034,0,0,-288,0,0,144,0,0,0,0,0,1 # sphere_gen r=0
2076176,0,0,1331712,0,0,404576,0,0,-19904,0,0,12760,0,0,3008,0,0,216,0,0,16,0,0,1 # sphere_gen r=0
200753,0,0,-242704,0,0,122288,0,0,-15888,0,0,3250,0,0,-1552,0,0,304,0,0,-16,0,0,1 # sphere_gen r=0
3125249,0,0,1642280,0,0,144584,0,0,-38288,0,0,16166,0,0,-4024,0,0,472,0,0,-32,0,0,1 # sphere_gen r=0
711184,0,0,558848,0,0,152704,0,0,13440,0,0,-64,0,0,0,0,0,64,0,0,0,0,0,1 # sphere_gen r=0
42628,0,0,-37152,0,0,33088,0,0,-19328,0,0,9164,0,0,-2672,0,0,416,0,0,-32,0,0,1 # sphere_gen r=0
1663504,0,0,-1046912,0,0,475072,0,0,-141184,0,0,30592,0,0,-4768,0,0,496,0,0,-32,0,0,1 # sphere_gen r=0
15887537,0,0,-4658800,0,0,697680,0,0,19312,0,0,-5454,0,0,80,0,0,144,0,0,-16,0,0,1 # sphere_gen r=0
3332,0,0,784,0,0,9560,0,0,2144,0,0,824,0,0,696,0,0,204,0,0,24,0,0,1 # sphere_gen r=0
30736,0,0,-33344,0,0,45568,0,0,21856,0,0,7240,0,0,1904,0,0,288,0,0,24,0,0,1 # sphere_gen r=0
1544449,0,0,1059952,0,0,328688,0,0,13528,0,0,-4600,0,0,448,0,0,232,0,0,24,0,0,1 # sphere_gen r=0
835522,0,0,188680,0,0,-12292,0,0,-19184,0,0,6986,0,0,-584,0,0,-56,0,0,0,0,0,1 # sphere_gen r=0
1972996,0,0,-1923984,0,0,894424,0,0,-241632,0,0,41560,0,0,-4632,0,0,364,0,0,-24,0,0,1 # sphere_gen r=0
342193,0,0,446848,0,0,192932,0,0,-43680,0,0,-12206,0,0,576,0,0,348,0,0,32,0,0,1 # sphere_gen r=0
10363268,0,0,378816,0,0,449952,0,0,48912,0,0,9780,0,0,448,0,0,112,0,0,8,0,0,1 # sphere_gen r=0
310084,0,0,-73328,0,0,76840,0,0,-24272,0,0,7224,0,0,-1304,0,0,180,0,0,-16,0,0,1 # sphere_gen r=0
47857,0,0,63272,0,0,37604,0,0,12120,0,0,2802,0,0,616,0,0,92,0,0,-8,0,0,1 # sphere_gen r=0
234449,0,0,-98944,0,0,50704,0,0,-2944,0,0,2770,0,0,128,0,0,-112,0,0,0,0,0,1 # sphere_gen r=0
1937009,0,0,328184,0,0,253656,0,0,132288,0,0,35896,0,0,5576,0,0,544,0,0,32,0,0,1 # sphere_gen r=0
1374353,0,0,-907744,0,0,223500,0,0,-52416,0,0,9458,0,0,544,0,0,-204,0,0,0,0,0,1 # sphere_gen r=0
80801,0,0,-13496,0,0,-24204,0,0,9128,0,0,898,0,0,-1048,0,0,236,0,0,-24,0,0,1 # sphere_gen r=0
9888641,0,0,-6094256,0,0,2025724,0,0,-408872,0,0,62272,0,0,-6824,0,0,580,0,0,-32,0,0,1 # sphere_gen r=0
1232258,0,0,1184856,0,0,511060,0,0,119008,0,0,13874,0,0,400,0,0,-24,0,0,8,0,0,1 # sphere_gen r=0
3076,0,0,-4128,0,0,6752,0,0,-2864,0,0,1396,0,0,-496,0,0,16,0,0,8,0,0,1 # sphere_gen r=0
3307042,0,0,2096728,0,0,356380,0,0,-30800,0,0,-14742,0,0,-1512,0,0,96,0,0,24,0,0,1 # sphere_gen r=0
2420932,0,0,22736,0,0,376056,0,0,-120976,0,0,30600,0,0,-4056,0,0,372,0,0,-16,0,0,1 # sphere_gen r=0
2824834,0,0,-2072,0,0,-209036,0,0,-18944,0,0,2450,0,0,1008,0,0,176,0,0,16,0,0,1 # sphere_gen r=0
5392,0,0,8000,0,0,4864,0,0,224,0,0,-936,0,0,-336,0,0,192,0,0,-24,0,0,1 # sphere_gen r=0
3653521,0,0,823680,0,0,457716,0,0,75824,0,0,18514,0,0,2208,0,0,268,0,0,16,0,0,1 # sphere_gen r=0
9003217,0,0,4955160,0,0,1438648,0,0,247320,0,0,28144,0,0,2664,0,0,280,0,0,24,0,0,1 # sphere_gen r=0
3704674,0,0,198040,0,0,-19308,0,0,96,0,0,1738,0,0,-480,0,0,152,0,0,-16,0,0,1 # sphere_gen r=0
1292816,0,0,-614208,0,0,163328,0,0,11296,0,0,-11128,0,0,1008,0,0,128,0,0,-24,0,0,1 # sphere_gen r=0
2626177,0,0,357712,0,0,148144,0,0,15712,0,0,2866,0,0,272,0,0,32,0,0,0,0,0,1 # sphere_gen r=0
1964194,0,0,-88520,0,0,176796,0,0,-8744,0,0,5006,0,0,-88,0,0,108,0,0,-16,0,0,1 # sphere_gen r=0
1018436,0,0,762960,0,0,274408,0,0,54608,0,0,7112,0,0,904,0,0,132,0,0,16,0,0,1 # sphere_gen r=0
518242,0,0,-375912,0,0,228564,0,0,-52472,0,0,9350,0,0,-368,0,0,-52,0,0,8,0,0,1 # sphere_gen r=0
2290562,0,0,652872,0,0,121540,0,0,2880,0,0,-1214,0,0,-608,0,0,-32,0,0,0,0,0,1 # sphere_gen r=0
649777,0,0,444216,0,0,170124,0,0,35528,0,0,6962,0,0,792,0,0,116,0,0,8,0,0,1 # sphere_gen r=0
3593137,0,0,1857216,0,0,517572,0,0,109880,0,0,19664,0,0,2696,0,0,236,0,0,16,0,0,1 # sphere_gen r=0
136289,0,0,-125088,0,0,89024,0,0,-39648,0,0,16098,0,0,-4000,0,0,512,0,0,-32,0,0,1 # sphere_gen r=0
95714,0,0,101512,0,0,234068,0,0,-62312,0,0,8590,0,0,-480,0,0,60,0,0,-16,0,0,1 # sphere_gen r=0
1680416,0,0,1546752,0,0,715232,0,0,206592,0,0,40952,0,0,5648,0,0,536,0,0,32,0,0,1 # sphere_gen r=0
1180769,0,0,-1470592,0,0,761104,0,0,-212824,0,0,37016,0,0,-4496,0,0,408,0,0,-24,0,0,1 # sphere_gen r=0
20213252,0,0,10095792,0,0,2532616,0,0,430768,0,0,56696,0,0,6040,0,0,516,0,0,32,0,0,1 # sphere_gen r=0
238417,0,0,-367640,0,0,221188,0,0,-64128,0,0,9920,0,0,-1248,0,0,220,0,0,-24,0,0,1 # sphere_gen r=0
2562308,0,0,-2698528,0,0,1213536,0,0,-318528,0,0,55420,0,0,-6640,0,0,560,0,0,-32,0,0,1 # sphere_gen r=0
5181857,0,0,-2841968,0,0,831568,0,0,-112720,0,0,23570,0,0,-3216,0,0,288,0,0,-16,0,0,1 # sphere_gen r=0
6922417,0,0,3028720,0,0,488784,0,0,58624,0,0,10512,0,0,1440,0,0,144,0,0,16,0,0,1 # sphere_gen r=0
4097153,0,0,2824584,0,0,828864,0,0,55256,0,0,8562,0,0,1768,0,0,304,0,0,24,0,0,1 # sphere_gen r=0
2599793,0,0,1042496,0,0,288524,0,0,84856,0,0,16704,0,0,2232,0,0,260,0,0,16,0,0,1 # sphere_gen r=0
1294754,0,0,-148744,0,0,-129284,0,0,10960,0,0,8826,0,0,360,0,0,-104,0,0,0,0,0,1 # sphere_gen r=0
22202321,0,0,274000,0,0,-210888,0,0,-54712,0,0,9206,0,0,-832,0,0,200,0,0,-24,0,0,1 # sphere_gen r=0
1917056,0,0,492544,0,0,250752,0,0,51072,0,0,14192,0,0,2144,0,0,312,0,0,24,0,0,1 # sphere_gen r=0
63377,0,0,368,0,0,1440,0,0,-22880,0,0,7106,0,0,688,0,0,-112,0,0,0,0,0,1 # sphere_gen r=0
3415202,0,0,-425880,0,0,175268,0,0,36392,0,0,7990,0,0,1024,0,0,156,0,0,8,0,0,1 # sphere_gen r=0
983824,0,0,815616,0,0,382112,0,0,90624,0,0,10840,0,0,1152,0,0,104,0,0,0,0,0,1 # sphere_gen r=0
3614594,0,0,398776,0,0,316532,0,0,-6152,0,0,4390,0,0,240,0,0,-12,0,0,-16,0,0,1 # sphere_gen r=0
2750498,0,0,1817256,0,0,641580,0,0,145304,0,0,23494,0,0,2856,0,0,276,0,0,16,0,0,1 # sphere_gen r=0
4366433,0,0,-816088,0,0,548848,0,0,-33896,0,0,15378,0,0,-728,0,0,192,0,0,-8,0,0,1 # sphere_gen r=0
538033,0,0,251440,0,0,81856,0,0,15568,0,0,4002,0,0,848,0,0,144,0,0,16,0,0,1 # sphere_gen r=0
2105858,0,0,1774712,0,0,548788,0,0,67432,0,0,2022,0,0,240,0,0,172,0,0,24,0,0,1 # sphere_gen r=0
184336,0,0,-201024,0,0,125088,0,0,-49680,0,0,13836,0,0,-2680,0,0,352,0,0,-28,0,0,1 # sphere_gen r=0
7745981,0,0,-3303892,0,0,815338,0,0,-115774,0,0,15050,0,0,-1394,0,0,183,0,0,-12,0,0,1 # sphere_gen r=0
53341,0,0,-89770,0,0,59379,0,0,-20760,0,0,4726,0,0,-750,0,0,84,0,0,-10,0,0,1 # sphere_gen r=0
2946605,0,0,713520,0,0,269105,0,0,81130,0,0,16521,0,0,2774,0,0,321,0,0,24,0,0,1 # sphere_gen r=0
357601,0,0,-51750,0,0,-25039,0,0,-310,0,0,3631,0,0,-1220,0,0,211,0,0,-20,0,0,1 # sphere_gen r=0
216400,0,0,352800,0,0,272800,0,0,96400,0,0,17560,0,0,1960,0,0,200,0,0,20,0,0,1 # sphere_gen r=0
5143081,0,0,717110,0,0,102981,0,0,-19660,0,0,3386,0,0,-1070,0,0,216,0,0,-20,0,0,1 # sphere_gen r=0
110241,0,0,36072,0,0,56322,0,0,45720,0,0,14131,0,0,2040,0,0,178,0,0,16,0,0,1 # sphere_gen r=0
9664505,0,0,-5598930,0,0,1379995,0,0,-166040,0,0,14896,0,0,-2048,0,0,264,0,0,-22,0,0,1 # sphere_gen r=0
27101,0,0,-548,0,0,6588,0,0,-1296,0,0,730,0,0,-196,0,0,28,0,0,-8,0,0,1 # sphere_gen r=0
189227536,0,0,-25531136,0,0,1852608,0,0,-177920,0,0,26376,0,0,-3840,0,0,432,0,0,-32,0,0,1 # sphere_gen r=0
609961,0,0,306152,0,0,304152,0,0,-55220,0,0,-4674,0,0,880,0,0,48,0,0,-4,0,0,1 # sphere_gen r=0
560041,0,0,254754,0,0,129848,0,0,57510,0,0,13486,0,0,1830,0,0,192,0,0,18,0,0,1 # sphere_gen r=0
57987421,0,0,5715190,0,0,-252856,0,0,-14170,0,0,28741,0,0,6710,0,0,704,0,0,40,0,0,1 # sphere_gen r=0
21661,0,0,-40470,0,0,34676,0,0,-19490,0,0,8066,0,0,-2260,0,0,371,0,0,-30,0,0,1 # sphere_gen r=0
3242605,0,0,-1586900,0,0,357315,0,0,-26900,0,0,-6729,0,0,1566,0,0,-39,0,0,-14,0,0,1 # sphere_gen r=0
1323605,0,0,1224090,0,0,526620,0,0,136630,0,0,22416,0,0,2564,0,0,271,0,0,24,0,0,1 # sphere_gen r=0
2957525,0,0,-155800,0,0,216185,0,0,4080,0,0,8086,0,0,572,0,0,164,0,0,8,0,0,1 # sphere_gen r=0
18246841,0,0,4982896,0,0,-61947,0,0,-109240,0,0,-1134,0,0,1160,0,0,-48,0,0,-8,0,0,1 # sphere_gen r=0
922141,0,0,-40128,0,0,-84528,0,0,12970,0,0,4961,0,0,-1230,0,0,128,0,0,-14,0,0,1 # sphere_gen r=0
10393561,0,0,4991258,0,0,1707083,0,0,355046,0,0,57480,0,0,6306,0,0,538,0,0,28,0,0,1 # sphere_gen r=0
3374480,0,0,-949520,0,0,252600,0,0,-28880,0,0,5816,0,0,-1116,0,0,196,0,0,-16,0,0,1 # sphere_gen r=0
145241,0,0,106138,0,0,85908,0,0,24596,0,0,6930,0,0,1036,0,0,243,0,0,28,0,0,1 # sphere_gen r=0
4738561,0,0,-1568350,0,0,197509,0,0,-60060,0,0,8266,0,0,-510,0,0,164,0,0,0,0,0,1 # sphere_gen r=0
3115361,0,0,2050826,0,0,1124163,0,0,320620,0,0,64851,0,0,7850,0,0,657,0,0,32,0,0,1 # sphere_gen r=0
13563205,0,0,308740,0,0,423105,0,0,53280,0,0,6076,0,0,1062,0,0,104,0,0,8,0,0,1 # sphere_gen r=0
2489561,0,0,2886154,0,0,1036457,0,0,33622,0,0,-19345,0,0,-2592,0,0,67,0,0,16,0,0,1 # sphere_gen r=0
273205,0,0,419190,0,0,267595,0,0,99630,0,0,25666,0,0,4656,0,0,546,0,0,36,0,0,1 # sphere_gen r=0
58061,0,0,179634,0,0,204672,0,0,81522,0,0,21705,0,0,4258,0,0,532,0,0,36,0,0,1 # sphere_gen r=0
299501,0,0,-38454,0,0,-33903,0,0,-1922,0,0,1105,0,0,522,0,0,117,0,0,14,0,0,1 # sphere_gen r=0
3037681,0,0,-1638216,0,0,512872,0,0,-104178,0,0,15905,0,0,-2082,0,0,232,0,0,-14,0,0,1 # sphere_gen r=0
23068880,0,0,4258400,0,0,710720,0,0,169520,0,0,28696,0,0,3672,0,0,384,0,0,28,0,0,1 # sphere_gen r=0
2579861,0,0,76514,0,0,-209267,0,0,310,0,0,9086,0,0,240,0,0,-138,0,0,-2,0,0,1 # sphere_gen r=0
2008976,0,0,2662672,0,0,1515208,0,0,479024,0,0,92100,0,0,11224,0,0,878,0,0,42,0,0,1 # sphere_gen r=0
891881,0,0,932262,0,0,498317,0,0,145670,0,0,27061,0,0,3790,0,0,393,0,0,26,0,0,1 # sphere_gen r=0
61025,0,0,63300,0,0,208865,0,0,21200,0,0,-1694,0,0,356,0,0,56,0,0,-4,0,0,1 # sphere_gen r=0
2358416,0,0,-719456,0,0,307648,0,0,-43160,0,0,10136,0,0,-600,0,0,142,0,0,-2,0,0,1 # sphere_gen r=0
21684521,0,0,5812172,0,0,789707,0,0,104680,0,0,27441,0,0,5280,0,0,603,0,0,36,0,0,1 # sphere_gen r=0
38421541,0,0,-4597036,0,0,1415283,0,0,-37860,0,0,8571,0,0,750,0,0,57,0,0,-2,0,0,1 # sphere_gen r=0
964525,0,0,498850,0,0,175290,0,0,22880,0,0,10826,0,0,662,0,0,69,0,0,-2,0,0,1 # sphere_gen r=0
28365521,0,0,7754890,0,0,1901929,0,0,404700,0,0,56426,0,0,4630,0,0,264,0,0,20,0,0,1 # sphere_gen r=0
1114721,0,0,-716466,0,0,339183,0,0,-100620,0,0,15901,0,0,-880,0,0,67,0,0,-2,0,0,1 # sphere_gen r=0
18505021,0,0,3657106,0,0,-335123,0,0,-11972,0,0,-595,0,0,-1038,0,0,287,0,0,-26,0,0,1 # sphere_gen r=0
4815001,0,0,-171240,0,0,204416,0,0,-3960,0,0,7926,0,0,-240,0,0,121,0,0,0,0,0,1 # sphere_gen r=0
9025,0,0,-34200,0,0,73085,0,0,-46020,0,0,16606,0,0,-3816,0,0,516,0,0,-36,0,0,1 # sphere_gen r=0
671141,0,0,-416800,0,0,291836,0,0,-106860,0,0,28546,0,0,-5440,0,0,641,0,0,-40,0,0,1 # sphere_gen r=0
38484881,0,0,-3601914,0,0,997823,0,0,-126040,0,0,17021,0,0,-2580,0,0,227,0,0,-18,0,0,1 # sphere_gen r=0
305741,0,0,205752,0,0,73883,0,0,19954,0,0,4855,0,0,1114,0,0,203,0,0,22,0,0,1 # sphere_gen r=0
1681,0,0,-2460,0,0,7716,0,0,-1410,0,0,606,0,0,400,0,0,61,0,0,10,0,0,1 # sphere_gen r=0
2050000,0,0,1140000,0,0,502000,0,0,117000,0,0,18576,0,0,2592,0,0,254,0,0,18,0,0,1 # sphere_gen r=0
2741521,0,0,-1271286,0,0,231817,0,0,-10068,0,0,525,0,0,78,0,0,-73,0,0,6,0,0,1 # sphere_gen r=0
629281,0,0,-923636,0,0,607283,0,0,-232690,0,0,56711,0,0,-8710,0,0,807,0,0,-42,0,0,1 # sphere_gen r=0
8992981,0,0,1719080,0,0,633799,0,0,147960,0,0,24106,0,0,3160,0,0,384,0,0,30,0,0,1 # sphere_gen r=0
24626981,0,0,1789942,0,0,591012,0,0,-68830,0,0,-3614,0,0,-1150,0,0,68,0,0,6,0,0,1 # sphere_gen r=0
1369841,0,0,-368830,0,0,40496,0,0,8070,0,0,-4244,0,0,280,0,0,111,0,0,-20,0,0,1 # sphere_gen r=0
303605,0,0,309530,0,0,89435,0,0,7380,0,0,4711,0,0,1018,0,0,9,0,0,-8,0,0,1 # sphere_gen r=0
118301,0,0,-211746,0,0,121803,0,0,-30580,0,0,7201,0,0,-600,0,0,27,0,0,-2,0,0,1 # sphere_gen r=0
146005,0,0,-102050,0,0,59940,0,0,17970,0,0,1821,0,0,226,0,0,96,0,0,16,0,0,1 # sphere_gen r=0
1415821,0,0,-13288,0,0,-252193,0,0,6100,0,0,19756,0,0,1630,0,0,-32,0,0,6,0,0,1 # sphere_gen r=0
225761,0,0,-279424,0,0,155848,0,0,-54700,0,0,14086,0,0,-2680,0,0,352,0,0,-28,0,0,1 # sphere_gen r=0
34869901,0,0,-11868956,0,0,1065893,0,0,178020,0,0,-41824,0,0,1510,0,0,292,0,0,-32,0,0,1 # sphere_gen r=0
269001,0,0,342630,0,0,173664,0,0,41310,0,0,3101,0,0,-570,0,0,-116,0,0,0,0,0,1 # sphere_gen r=0
41281,0,0,-23380,0,0,23374,0,0,-6460,0,0,2766,0,0,-170,0,0,19,0,0,10,0,0,1 # sphere_gen r=0
4049105,0,0,2594530,0,0,297605,0,0,-77970,0,0,-10109,0,0,1672,0,0,379,0,0,28,0,0,1 # sphere_gen r=0
2860861,0,0,-332330,0,0,176361,0,0,-121380,0,0,23106,0,0,-3470,0,0,476,0,0,-20,0,0,1 # sphere_gen r=0
6555901,0,0,3164172,0,0,848057,0,0,193990,0,0,33856,0,0,4340,0,0,418,0,0,26,0,0,1 # sphere_gen r=0
7421,0,0,1046,0,0,4928,0,0,-6350,0,0,3506,0,0,-1110,0,0,192,0,0,-18,0,0,1 # sphere_gen r=0
1895941,0,0,706886,0,0,389012,0,0,110118,0,0,26250,0,0,4612,0,0,527,0,0,34,0,0,1 # sphere_gen r=0
294416,0,0,104880,0,0,20264,0,0,-8160,0,0,-1284,0,0,-280,0,0,14,0,0,10,0,0,1 # sphere_gen r=0
5608025,0,0,-2260500,0,0,509850,0,0,-116100,0,0,24310,0,0,-3750,0,0,415,0,0,-30,0,0,1 # sphere_gen r=0
590305,0,0,-472720,0,0,260880,0,0,-77210,0,0,14526,0,0,-2048,0,0,249,0,0,-22,0,0,1 # sphere_gen r=0
2713981,0,0,-205530,0,0,235404,0,0,-25230,0,0,7626,0,0,-910,0,0,124,0,0,-10,0,0,1 # sphere_gen r=0
170141,0,0,244968,0,0,142007,0,0,40880,0,0,6531,0,0,270,0,0,-87,0,0,-6,0,0,1 # sphere_gen r=0
1555025,0,0,1271900,0,0,380325,0,0,43450,0,0,2385,0,0,530,0,0,165,0,0,20,0,0,1 # sphere_gen r=0
1024025,0,0,250,0,0,-36490,0,0,18600,0,0,2436,0,0,-914,0,0,-19,0,0,16,0,0,1 # sphere_gen r=0
6526021,0,0,304246,0,0,149693,0,0,-34370,0,0,-1224,0,0,-630,0,0,62,0,0,2,0,0,1 # sphere_gen r=0
276841,0,0,-62246,0,0,34467,0,0,-10128,0,0,3855,0,0,-402,0,0,117,0,0,-4,0,0,1 # sphere_gen r=0
5171461,0,0,2378124,0,0,367007,0,0,15722,0,0,2230,0,0,1258,0,0,202,0,0,16,0,0,1 # sphere_gen r=0
252601,0,0,76490,0,0,66271,0,0,-7500,0,0,-1439,0,0,-1260,0,0,371,0,0,-30,0,0,1 # sphere_gen r=0
72805,0,0,-50460,0,0,86885,0,0,-11590,0,0,5051,0,0,-68,0,0,-81,0,0,-2,0,0,1 # sphere_gen r=0
376525,0,0,225250,0,0,123710,0,0,48720,0,0,15136,0,0,3138,0,0,429,0,0,32,0,0,1 # sphere_gen r=0
1543405,0,0,-985500,0,0,308600,0,0,-43680,0,0,10756,0,0,-1584,0,0,121,0,0,-14,0,0,1 # sphere_gen r=0
22389721,0,0,7588994,0,0,281388,0,0,-194050,0,0,-29164,0,0,-380,0,0,267,0,0,28,0,0,1 # sphere_gen r=0
1512625,0,0,-925500,0,0,338800,0,0,-101850,0,0,25105,0,0,-4170,0,0,460,0,0,-30,0,0,1 # sphere_gen r=0
1325741,0,0,-475820,0,0,94661,0,0,-15410,0,0,4721,0,0,-1050,0,0,181,0,0,-20,0,0,1 # sphere_gen r=0
3119321,0,0,-2160474,0,0,321798,0,0,77720,0,0,-14454,0,0,-890,0,0,277,0,0,-18,0,0,1 # sphere_gen r=0
7750025,0,0,2979700,0,0,252235,0,0,-46940,0,0,-11999,0,0,-612,0,0,79,0,0,12,0,0,1 # sphere_gen r=0
24526405,0,0,11330630,0,0,2945355,0,0,513230,0,0,73826,0,0,8236,0,0,686,0,0,36,0,0,1 # sphere_gen r=0
3319681,0,0,593480,0,0,-269391,0,0,-51320,0,0,836,0,0,670,0,0,204,0,0,20,0,0,1 # sphere_gen r=0
3664405,0,0,678440,0,0,250550,0,0,15140,0,0,5526,0,0,-798,0,0,-1,0,0,-2,0,0,1 # sphere_gen r=0
82205,0,0,-123170,0,0,94630,0,0,-36400,0,0,7116,0,0,-478,0,0,89,0,0,-12,0,0,1 # sphere_gen r=0
5746801,0,0,2655516,0,0,968133,0,0,232330,0,0,37856,0,0,4380,0,0,362,0,0,22,0,0,1 # sphere_gen r=0
219341,0,0,-195606,0,0,58523,0,0,-29430,0,0,11841,0,0,-700,0,0,137,0,0,-2,0,0,1 # sphere_gen r=0
1753525,0,0,-1410350,0,0,260040,0,0,12190,0,0,10421,0,0,1118,0,0,64,0,0,12,0,0,1 # sphere_gen r=0
2635505,0,0,2002050,0,0,650185,0,0,119660,0,0,17526,0,0,1634,0,0,236,0,0,4,0,0,1 # sphere_gen r=0
725525,0,0,110950,0,0,58090,0,0,-21440,0,0,7811,0,0,-1412,0,0,214,0,0,-18,0,0,1 # sphere_gen r=0
1433701,0,0,1040944,0,0,350193,0,0,50020,0,0,-3529,0,0,-1120,0,0,77,0,0,18,0,0,1 # sphere_gen r=0
13803280,0,0,-4173440,0,0,1171440,0,0,-170160,0,0,24516,0,0,-2312,0,0,164,0,0,-8,0,0,1 # sphere_gen r=0
1749005,0,0,1190540,0,0,434355,0,0,108480,0,0,20396,0,0,2878,0,0,304,0,0,22,0,0,1 # sphere_gen r=0
1371280,0,0,417360,0,0,199080,0,0,75280,0,0,21416,0,0,3732,0,0,404,0,0,28,0,0,1 # sphere_gen r=0
44017,0,0,5456,0,0,-6134,0,0,1988,0,0,282,0,0,-416,0,0,142,0,0,-20,0,0,1 # sphere_gen r=0
8214273,0,0,2926368,0,0,759918,0,0,138708,0,0,21697,0,0,2208,0,0,248,0,0,12,0,0,1 # sphere_gen r=0
1688761,0,0,-1923840,0,0,1007008,0,0,-317000,0,0,65018,0,0,-8800,0,0,768,0,0,-40,0,0,1 # sphere_gen r=0
361828,0,0,171632,0,0,47920,0,0,-3400,0,0,-408,0,0,16,0,0,-32,0,0,4,0,0,1 # sphere_gen r=0
165124,0,0,209320,0,0,85084,0,0,5944,0,0,-2430,0,0,200,0,0,94,0,0,-16,0,0,1 # sphere_gen r=0
3683025,0,0,998460,0,0,123894,0,0,21684,0,0,3445,0,0,808,0,0,116,0,0,8,0,0,1 # sphere_gen r=0
32400,0,0,12960,0,0,104544,0,0,-14688,0,0,4716,0,0,-864,0,0,168,0,0,-12,0,0,1 # sphere_gen r=0
20289025,0,0,9536560,0,0,1825538,0,0,261124,0,0,36067,0,0,3332,0,0,230,0,0,20,0,0,1 # sphere_gen r=0
1998657,0,0,-727524,0,0,464520,0,0,-63456,0,0,5791,0,0,144,0,0,104,0,0,-12,0,0,1 # sphere_gen r=0
93712,0,0,-46656,0,0,16080,0,0,-5328,0,0,1604,0,0,-360,0,0,72,0,0,-12,0,0,1 # sphere_gen r=0
601009,0,0,952516,0,0,1319366,0,0,73284,0,0,24725,0,0,-456,0,0,188,0,0,-8,0,0,1 # sphere_gen r=0
429313,0,0,-666948,0,0,370270,0,0,-100092,0,0,19935,0,0,-3156,0,0,382,0,0,-24,0,0,1 # sphere_gen r=0
9457,0,0,11004,0,0,5416,0,0,4124,0,0,2633,0,0,592,0,0,42,0,0,4,0,0,1 # sphere_gen r=0
31609033,0,0,17799764,0,0,6055436,0,0,1211220,0,0,167006,0,0,15852,0,0,1052,0,0,44,0,0,1 # sphere_gen r=0
2175769,0,0,-2049800,0,0,796282,0,0,-182840,0,0,35673,0,0,-5980,0,0,664,0,0,-40,0,0,1 # sphere_gen r=0
1972521,0,0,-2323692,0,0,1258248,0,0,-389652,0,0,75067,0,0,-9404,0,0,776,0,0,-40,0,0,1 # sphere_gen r=0
2769577,0,0,2578400,0,0,953252,0,0,182024,0,0,21829,0,0,2524,0,0,326,0,0,28,0,0,1 # sphere_gen r=0
5609232,0,0,-1332288,0,0,323712,0,0,-30624,0,0,760,0,0,592,0,0,32,0,0,8,0,0,1 # sphere_gen r=0
4985881,0,0,3438272,0,0,927148,0,0,111056,0,0,2919,0,0,-368,0,0,52,0,0,16,0,0,1 # sphere_gen r=0
21716113,0,0,-11362632,0,0,2765536,0,0,-405612,0,0,49377,0,0,-4896,0,0,370,0,0,-24,0,0,1 # sphere_gen r=0
37848825,0,0,7146720,0,0,-306546,0,0,-310332,0,0,-29861,0,0,1500,0,0,482,0,0,36,0,0,1 # sphere_gen r=0
829924,0,0,-822824,0,0,318436,0,0,-64976,0,0,9018,0,0,-1024,0,0,190,0,0,-16,0,0,1 # sphere_gen r=0
232153,0,0,258708,0,0,160414,0,0,61392,0,0,16194,0,0,2868,0,0,346,0,0,24,0,0,1 # sphere_gen r=0
5504272,0,0,-2451552,0,0,621120,0,0,-120960,0,0,16892,0,0,-2016,0,0,192,0,0,-12,0,0,1 # sphere_gen r=0
5906521,0,0,-1823092,0,0,-395978,0,0,121628,0,0,59697,0,0,9472,0,0,832,0,0,40,0,0,1 # sphere_gen r=0
21313377,0,0,7216452,0,0,1469394,0,0,224856,0,0,33490,0,0,3996,0,0,398,0,0,24,0,0,1 # sphere_gen r=0
516913,0,0,442672,0,0,5488,0,0,-40316,0,0,8043,0,0,-124,0,0,-80,0,0,-4,0,0,1 # sphere_gen r=0
7037113,0,0,2126912,0,0,386398,0,0,42992,0,0,7039,0,0,2432,0,0,418,0,0,32,0,0,1 # sphere_gen r=0
18052,0,0,33768,0,0,20788,0,0,6224,0,0,3554,0,0,664,0,0,102,0,0,16,0,0,1 # sphere_gen r=0
106801,0,0,-95900,0,0,36610,0,0,-4400,0,0,210,0,0,-76,0,0,46,0,0,8,0,0,1 # sphere_gen r=0
3338257,0,0,145756,0,0,-81100,0,0,18268,0,0,8581,0,0,-1552,0,0,266,0,0,-28,0,0,1 # sphere_gen r=0
398961,0,0,-253764,0,0,24774,0,0,7116,0,0,997,0,0,-224,0,0,44,0,0,8,0,0,1 # sphere_gen r=0
1667977,0,0,1563952,0,0,661104,0,0,163684,0,0,26225,0,0,3032,0,0,298,0,0,24,0,0,1 # sphere_gen r=0
4742073,0,0,-795312,0,0,-246486,0,0,87072,0,0,44749,0,0,8012,0,0,764,0,0,40,0,0,1 # sphere_gen r=0
650304,0,0,923904,0,0,639264,0,0,268416,0,0,67960,0,0,10048,0,0,884,0,0,44,0,0,1 # sphere_gen r=0
18429673,0,0,-9783360,0,0,2444652,0,0,-407424,0,0,54023,0,0,-5424,0,0,420,0,0,-24,0,0,1 # sphere_gen r=0
1370113,0,0,428216,0,0,192384,0,0,50648,0,0,11042,0,0,1912,0,0,256,0,0,24,0,0,1 # sphere_gen r=0
5101537,0,0,3397968,0,0,1238224,0,0,294256,0,0,50159,0,0,6200,0,0,552,0,0,32,0,0,1 # sphere_gen r=0
2606977,0,0,-1085708,0,0,620304,0,0,-80636,0,0,14387,0,0,-292,0,0,88,0,0,0,0,0,1 # sphere_gen r=0
202633,0,0,67288,0,0,24778,0,0,4648,0,0,1389,0,0,-52,0,0,28,0,0,8,0,0,1 # sphere_gen r=0
6224617,0,0,783384,0,0,-346274,0,0,-101832,0,0,8307,0,0,2184,0,0,-26,0,0,0,0,0,1 # sphere_gen r=0
198841,0,0,-7224,0,0,2412,0,0,-7560,0,0,1454,0,0,-360,0,0,252,0,0,-24,0,0,1 # sphere_gen r=0
8795737,0,0,-6046752,0,0,2558808,0,0,-678960,0,0,120230,0,0,-14208,0,0,1080,0,0,-48,0,0,1 # sphere_gen r=0
99225,0,0,90720,0,0,93384,0,0,42768,0,0,8986,0,0,1376,0,0,200,0,0,16,0,0,1 # sphere_gen r=0
357073,0,0,-443352,0,0,279700,0,0,-107440,0,0,26951,0,0,-4520,0,0,492,0,0,-32,0,0,1 # sphere_gen r=0
40729,0,0,-34632,0,0,36112,0,0,-11984,0,0,4250,0,0,-904,0,0,144,0,0,-16,0,0,1 # sphere_gen r=0
3379489,0,0,-1032120,0,0,422686,0,0,-41728,0,0,13379,0,0,-1040,0,0,174,0,0,-8,0,0,1 # sphere_gen r=0
15025,0,0,29780,0,0,29616,0,0,17060,0,0,6371,0,0,1588,0,0,256,0,0,24,0,0,1 # sphere_gen r=0
25321,0,0,-1476,0,0,145906,0,0,100440,0,0,30459,0,0,5400,0,0,586,0,0,36,0,0,1 # sphere_gen r=0
1690873,0,0,287332,0,0,116528,0,0,8748,0,0,-6247,0,0,-264,0,0,218,0,0,28,0,0,1 # sphere_gen r=0
11425,0,0,-28160,0,0,46658,0,0,-27000,0,0,7463,0,0,-1032,0,0,86,0,0,-8,0,0,1 # sphere_gen r=0
840537,0,0,-906876,0,0,356400,0,0,-68724,0,0,8611,0,0,-644,0,0,24,0,0,-8,0,0,1 # sphere_gen r=0
2616228,0,0,1919016,0,0,613812,0,0,137064,0,0,27982,0,0,4656,0,0,542,0,0,36,0,0,1 # sphere_gen r=0
5857009,0,0,-1465260,0,0,587922,0,0,9240,0,0,16469,0,0,1332,0,0,204,0,0,12,0,0,1 # sphere_gen r=0
476617,0,0,-338096,0,0,113648,0,0,-26112,0,0,5441,0,0,-1092,0,0,182,0,0,-20,0,0,1 # sphere_gen r=0
23428,0,0,-19856,0,0,18696,0,0,-320,0,0,2048,0,0,-808,0,0,244,0,0,-24,0,0,1 # sphere_gen r=0
203713,0,0,-72816,0,0,45894,0,0,-4896,0,0,1115,0,0,192,0,0,6,0,0,0,0,0,1 # sphere_gen r=0
278761,0,0,-459200,0,0,355050,0,0,301552,0,0,84047,0,0,12272,0,0,1030,0,0,48,0,0,1 # sphere_gen r=0
232897,0,0,-220892,0,0,102704,0,0,-22148,0,0,1945,0,0,344,0,0,-70,0,0,-4,0,0,1 # sphere_gen r=0
37201,0,0,-25564,0,0,6134,0,0,-2508,0,0,1655,0,0,-612,0,0,134,0,0,-16,0,0,1 # sphere_gen r=0
9227569,0,0,-6009484,0,0,2261482,0,0,-559024,0,0,95793,0,0,-11348,0,0,904,0,0,-44,0,0,1 # sphere_gen r=0
1545433,0,0,1838716,0,0,899212,0,0,232888,0,0,34935,0,0,3224,0,0,244,0,0,20,0,0,1 # sphere_gen r=0
22393,0,0,-196,0,0,3252,0,0,-460,0,0,1550,0,0,-380,0,0,4,0,0,12,0,0,1 # sphere_gen r=0
338497,0,0,202272,0,0,45472,0,0,9964,0,0,1619,0,0,212,0,0,120,0,0,20,0,0,1 # sphere_gen r=0
3364969,0,0,354844,0,0,196624,0,0,-73412,0,0,6390,0,0,-3004,0,0,544,0,0,-28,0,0,1 # sphere_gen r=0
1425625,0,0,-383100,0,0,-48126,0,0,14688,0,0,-790,0,0,300,0,0,78,0,0,0,0,0,1 # sphere_gen r=0
9457,0,0,6888,0,0,16378,0,0,-12140,0,0,3770,0,0,-1168,0,0,270,0,0,-28,0,0,1 # sphere_gen r=0
1890625,0,0,-467500,0,0,331150,0,0,-24760,0,0,6291,0,0,616,0,0,46,0,0,4,0,0,1 # sphere_gen r=0
31283716,0,0,11046224,0,0,2779440,0,0,601112,0,0,88376,0,0,8608,0,0,640,0,0,36,0,0,1 # sphere_gen r=0
8097961,0,0,-208112,0,0,-348236,0,0,52432,0,0,-738,0,0,-976,0,0,196,0,0,-16,0,0,1 # sphere_gen r=0
507049,0,0,-316972,0,0,192586,0,0,-39400,0,0,3987,0,0,-392,0,0,130,0,0,-20,0,0,1 # sphere_gen r=0
4193028,0,0,1568448,0,0,337320,0,0,35376,0,0,-296,0,0,-272,0,0,-4,0,0,8,0,0,1 # sphere_gen r=0
7522777,0,0,-636872,0,0,161944,0,0,-104948,0,0,19083,0,0,-2212,0,0,304,0,0,-28,0,0,1 # sphere_gen r=0
447364,0,0,295968,0,0,111712,0,0,19800,0,0,744,0,0,-216,0,0,40,0,0,12,0,0,1 # sphere_gen r=0
794241,0,0,-920304,0,0,478908,0,0,-137628,0,0,21517,0,0,-1544,0,0,42,0,0,-8,0,0,1 # sphere_gen r=0
171889,0,0,51848,0,0,-1318,0,0,1904,0,0,349,0,0,-236,0,0,44,0,0,-8,0,0,1 # sphere_gen r=0
1195969,0,0,687148,0,0,331062,0,0,102340,0,0,22385,0,0,3320,0,0,352,0,0,24,0,0,1 # sphere_gen r=0
2812996,0,0,2013080,0,0,750332,0,0,191552,0,0,36082,0,0,5008,0,0,482,0,0,28,0,0,1 # sphere_gen r=0
1680625,0,0,-1934000,0,0,1055700,0,0,-356240,0,0,79574,0,0,-11536,0,0,1012,0,0,-48,0,0,1 # sphere_gen r=0
400513,0,0,-534852,0,0,463774,0,0,-163928,0,0,33263,0,0,-4432,0,0,426,0,0,-28,0,0,1 # sphere_gen r=0
318841,0,0,305964,0,0,166300,0,0,58272,0,0,14493,0,0,2532,0,0,310,0,0,24,0,0,1 # sphere_gen r=0
596257,0,0,-652252,0,0,342046,0,0,-99736,0,0,15567,0,0,-1568,0,0,202,0,0,-20,0,0,1 # sphere_gen r=0
22078897,0,0,15259904,0,0,5084056,0,0,1044824,0,0,146833,0,0,14564,0,0,1006,0,0,44,0,0,1 # sphere_gen r=0
809137,0,0,-504896,0,0,75656,0,0,14812,0,0,-5231,0,0,200,0,0,98,0,0,-16,0,0,1 # sphere_gen r=0
11988036,0,0,-7994520,0,0,2503836,0,0,-526056,0,0,84046,0,0,-9872,0,0,794,0,0,-40,0,0,1 # sphere_gen r=0
4062841,0,0,-4122440,0,0,1531874,0,0,-323712,0,0,61733,0,0,-7500,0,0,692,0,0,-32,0,0,1 # sphere_gen r=0
1556289,0,0,393120,0,0,-44664,0,0,-26760,0,0,-4073,0,0,88,0,0,120,0,0,16,0,0,1 # sphere_gen r=0
1460425,0,0,-1112420,0,0,258528,0,0,21448,0,0,16127,0,0,1472,0,0,256,0,0,12,0,0,1 # sphere_gen r=0
327433,0,0,187196,0,0,65338,0,0,17624,0,0,3033,0,0,532,0,0,88,0,0,4,0,0,1 # sphere_gen r=0
259300,0,0,-106120,0,0,-10964,0,0,1160,0,0,2190,0,0,424,0,0,-62,0,0,-8,0,0,1 # sphere_gen r=0
72188209,0,0,-2396744,0,0,734756,0,0,-104892,0,0,20291,0,0,-1692,0,0,116,0,0,-20,0,0,1 # sphere_gen r=0
681097,0,0,249788,0,0,214290,0,0,83288,0,0,25661,0,0,4852,0,0,556,0,0,36,0,0,1 # sphere_gen r=0
18244,0,0,-18312,0,0,14716,0,0,-11048,0,0,1754,0,0,608,0,0,54,0,0,8,0,0,1 # sphere_gen r=0
349729,0,0,-470180,0,0,158162,0,0,17052,0,0,-3721,0,0,828,0,0,50,0,0,-8,0,0,1 # sphere_gen r=0
2287393,0,0,-770816,0,0,110262,0,0,34816,0,0,11099,0,0,-256,0,0,214,0,0,0,0,0,1 # sphere_gen r=0
1914724,0,0,2029384,0,0,895220,0,0,121816,0,0,13282,0,0,224,0,0,-166,0,0,-4,0,0,1 # sphere_gen r=0
113296,0,0,129728,0,0,74448,0,0,23120,0,0,4004,0,0,520,0,0,88,0,0,12,0,0,1 # sphere_gen r=0
3250449,0,0,-928584,0,0,265914,0,0,-52812,0,0,10714,0,0,-1688,0,0,222,0,0,-20,0,0,1 # sphere_gen r=0
83497,0,0,-11196,0,0,4604,0,0,-3456,0,0,645,0,0,-36,0,0,38,0,0,0,0,0,1 # sphere_gen r=0
1372900,0,0,746600,0,0,156532,0,0,-64,0,0,-6774,0,0,-1040,0,0,22,0,0,16,0,0,1 # sphere_gen r=0
723391,0,0,-821523,0,0,455281,0,0,-156504,0,0,36059,0,0,-5652,0,0,584,0,0,-36,0,0,1 # sphere_gen r=0
16121971,0,0,4688470,0,0,1268888,0,0,231160,0,0,35589,0,0,4230,0,0,387,0,0,25,0,0,1 # sphere_gen r=0
626281,0,0,-285598,0,0,59771,0,0,-18814,0,0,3474,0,0,-102,0,0,54,0,0,-16,0,0,1 # sphere_gen r=0
1535431,0,0,-403487,0,0,95878,0,0,-7899,0,0,-125,0,0,281,0,0,-12,0,0,3,0,0,1 # sphere_gen r=0
1539481,0,0,-518224,0,0,116355,0,0,-40216,0,0,13014,0,0,-2536,0,0,320,0,0,-24,0,0,1 # sphere_gen r=0
4646431,0,0,1318790,0,0,102222,0,0,14630,0,0,1719,0,0,110,0,0,8,0,0,0,0,0,1 # sphere_gen r=0
19691851,0,0,-10937243,0,0,2963431,0,0,-562089,0,0,79324,0,0,-8167,0,0,639,0,0,-36,0,0,1 # sphere_gen r=0
6493381,0,0,5213525,0,0,1582522,0,0,230835,0,0,19819,0,0,1705,0,0,168,0,0,15,0,0,1 # sphere_gen r=0
20555536,0,0,-6297104,0,0,1936820,0,0,-344816,0,0,43899,0,0,-4536,0,0,450,0,0,-29,0,0,1 # sphere_gen r=0
76831,0,0,6978,0,0,2170,0,0,-1872,0,0,269,0,0,12,0,0,5,0,0,-3,0,0,1 # sphere_gen r=0
36960421,0,0,-1341592,0,0,1210730,0,0,-189532,0,0,26979,0,0,-3948,0,0,390,0,0,-28,0,0,1 # sphere_gen r=0
5675056,0,0,-5391664,0,0,1802120,0,0,-247306,0,0,19309,0,0,-2711,0,0,395,0,0,-29,0,0,1 # sphere_gen r=0
11041,0,0,5343,0,0,35218,0,0,10311,0,0,2915,0,0,501,0,0,8,0,0,3,0,0,1 # sphere_gen r=0
4202101,0,0,2635489,0,0,1259005,0,0,346376,0,0,67299,0,0,9376,0,0,850,0,0,44,0,0,1 # sphere_gen r=0
354511,0,0,-431791,0,0,259254,0,0,-98172,0,0,24234,0,0,-3769,0,0,416,0,0,-28,0,0,1 # sphere_gen r=0
4609141,0,0,-4617697,0,0,2139405,0,0,-597082,0,0,109089,0,0,-13258,0,0,1040,0,0,-48,0,0,1 # sphere_gen r=0
8412241,0,0,8071858,0,0,3222273,0,0,719871,0,0,105330,0,0,11161,0,0,863,0,0,43,0,0,1 # sphere_gen r=0
260431,0,0,-240715,0,0,65823,0,0,-9675,0,0,1764,0,0,65,0,0,77,0,0,5,0,0,1 # sphere_gen r=0
8564461,0,0,7424907,0,0,2756050,0,0,574542,0,0,76139,0,0,7248,0,0,560,0,0,33,0,0,1 # sphere_gen r=0
253291,0,0,155499,0,0,109414,0,0,-100317,0,0,30429,0,0,-5019,0,0,526,0,0,-33,0,0,1 # sphere_gen r=0
8564851,0,0,5863260,0,0,2160597,0,0,497455,0,0,79474,0,0,8895,0,0,703,0,0,35,0,0,1 # sphere_gen r=0
3207121,0,0,1833952,0,0,477045,0,0,89767,0,0,12984,0,0,793,0,0,-25,0,0,3,0,0,1 # sphere_gen r=0
145021,0,0,23869,0,0,17205,0,0,1376,0,0,689,0,0,56,0,0,60,0,0,4,0,0,1 # sphere_gen r=0
4302091,0,0,-3333225,0,0,1245763,0,0,-299895,0,0,50414,0,0,-6105,0,0,527,0,0,-30,0,0,1 # sphere_gen r=0
2370481,0,0,-1072183,0,0,360191,0,0,-45004,0,0,8529,0,0,1338,0,0,174,0,0,14,0,0,1 # sphere_gen r=0
9240496,0,0,714336,0,0,153512,0,0,37368,0,0,7475,0,0,372,0,0,52,0,0,9,0,0,1 # sphere_gen r=0
1930711,0,0,1343967,0,0,-287580,0,0,-153403,0,0,47269,0,0,-4257,0,0,220,0,0,-17,0,0,1 # sphere_gen r=0
420331,0,0,246061,0,0,75069,0,0,29222,0,0,14639,0,0,3554,0,0,426,0,0,28,0,0,1 # sphere_gen r=0
120976,0,0,116496,0,0,28200,0,0,-3946,0,0,829,0,0,309,0,0,100,0,0,16,0,0,1 # sphere_gen r=0
63361,0,0,-73157,0,0,50260,0,0,-19162,0,0,4959,0,0,-908,0,0,130,0,0,-13,0,0,1 # sphere_gen r=0
4662256,0,0,224224,0,0,458464,0,0,13598,0,0,13509,0,0,226,0,0,181,0,0,2,0,0,1 # sphere_gen r=0
6432331,0,0,1134346,0,0,215454,0,0,-24618,0,0,7359,0,0,2614,0,0,356,0,0,28,0,0,1 # sphere_gen r=0
2235061,0,0,1275039,0,0,318610,0,0,59646,0,0,12014,0,0,2211,0,0,290,0,0,24,0,0,1 # sphere_gen r=0
1687171,0,0,865905,0,0,88628,0,0,2165,0,0,12819,0,0,4055,0,0,552,0,0,35,0,0,1 # sphere_gen r=0
415861,0,0,519350,0,0,265003,0,0,68460,0,0,13624,0,0,2710,0,0,402,0,0,30,0,0,1 # sphere_gen r=0
10992001,0,0,-4918049,0,0,1114710,0,0,-223946,0,0,44559,0,0,-6836,0,0,680,0,0,-39,0,0,1 # sphere_gen r=0
1733551,0,0,-158387,0,0,85406,0,0,-9281,0,0,1209,0,0,387,0,0,-6,0,0,1,0,0,1 # sphere_gen r=0
24917701,0,0,20721337,0,0,8267230,0,0,1955187,0,0,294529,0,0,28733,0,0,1770,0,0,63,0,0,1 # sphere_gen r=0
399541,0,0,85989,0,0,3395,0,0,-1354,0,0,1509,0,0,-484,0,0,120,0,0,-16,0,0,1 # sphere_gen r=0
15376,0,0,32080,0,0,28488,0,0,15050,0,0,5759,0,0,1565,0,0,267,0,0,25,0,0,1 # sphere_gen r=0
36359461,0,0,21705473,0,0,6539936,0,0,1262804,0,0,162009,0,0,14142,0,0,894,0,0,41,0,0,1 # sphere_gen r=0
5511481,0,0,-2540156,0,0,615475,0,0,-169264,0,0,48009,0,0,-8564,0,0,865,0,0,-46,0,0,1 # sphere_gen r=0
142210111,0,0,-83669021,0,0,22731105,0,0,-3808889,0,0,440574,0,0,-35999,0,0,1985,0,0,-66,0,0,1 # sphere_gen r=0
208891,0,0,-333627,0,0,235190,0,0,-53767,0,0,10239,0,0,-1633,0,0,180,0,0,-13,0,0,1 # sphere_gen r=0
133141,0,0,-157809,0,0,120094,0,0,-54108,0,0,15389,0,0,-2886,0,0,356,0,0,-27,0,0,1 # sphere_gen r=0
2161,0,0,-2465,0,0,622,0,0,435,0,0,829,0,0,-385,0,0,108,0,0,-15,0,0,1 # sphere_gen r=0
24885391,0,0,6224461,0,0,1390352,0,0,229723,0,0,30915,0,0,3507,0,0,312,0,0,19,0,0,1 # sphere_gen r=0
399271,0,0,558590,0,0,354792,0,0,133525,0,0,32594,0,0,5290,0,0,558,0,0,35,0,0,1 # sphere_gen r=0
40021,0,0,-37534,0,0,35994,0,0,24162,0,0,5709,0,0,1184,0,0,221,0,0,23,0,0,1 # sphere_gen r=0
5970631,0,0,2586450,0,0,997822,0,0,350610,0,0,78309,0,0,10740,0,0,913,0,0,45,0,0,1 # sphere_gen r=0
642025,0,0,-486600,0,0,187525,0,0,-37200,0,0,3645,0,0,120,0,0,-35,0,0,0,0,0,1 # sphere_gen r=0
625921,0,0,-585262,0,0,191706,0,0,-22291,0,0,-2256,0,0,1082,0,0,-76,0,0,-9,0,0,1 # sphere_gen r=0
9382311,0,0,4457106,0,0,1501119,0,0,317007,0,0,52524,0,0,6219,0,0,561,0,0,33,0,0,1 # sphere_gen r=0
914896,0,0,627392,0,0,776736,0,0,128486,0,0,8079,0,0,683,0,0,224,0,0,24,0,0,1 # sphere_gen r=0
45775,0,0,-32375,0,0,17425,0,0,-13200,0,0,7255,0,0,-2200,0,0,360,0,0,-30,0,0,1 # sphere_gen r=0
23251,0,0,-5858,0,0,-4402,0,0,1474,0,0,1425,0,0,-276,0,0,183,0,0,-23,0,0,1 # sphere_gen r=0
4201,0,0,-6227,0,0,5878,0,0,801,0,0,1075,0,0,101,0,0,48,0,0,3,0,0,1 # sphere_gen r=0
3015451,0,0,1052551,0,0,451035,0,0,200259,0,0,54744,0,0,8989,0,0,875,0,0,46,0,0,1 # sphere_gen r=0
104341,0,0,-28313,0,0,-14779,0,0,3046,0,0,1269,0,0,-222,0,0,-36,0,0,4,0,0,1 # sphere_gen r=0
235216,0,0,-315288,0,0,188180,0,0,-68598,0,0,17099,0,0,-2967,0,0,355,0,0,-27,0,0,1 # sphere_gen r=0
5213821,0,0,-4118625,0,0,1216998,0,0,-63700,0,0,-12116,0,0,1305,0,0,112,0,0,-20,0,0,1 # sphere_gen r=0
35401,0,0,70048,0,0,61896,0,0,31344,0,0,9894,0,0,1972,0,0,239,0,0,16,0,0,1 # sphere_gen r=0
291121,0,0,-233168,0,0,119681,0,0,-24074,0,0,5274,0,0,-132,0,0,54,0,0,4,0,0,1 # sphere_gen r=0
421321,0,0,332959,0,0,116104,0,0,29853,0,0,8299,0,0,1961,0,0,306,0,0,27,0,0,1 # sphere_gen r=0
259741,0,0,-157667,0,0,30991,0,0,-61,0,0,2274,0,0,-1133,0,0,199,0,0,-4,0,0,1 # sphere_gen r=0
2926531,0,0,-10759,0,0,-130055,0,0,24889,0,0,8394,0,0,809,0,0,115,0,0,16,0,0,1 # sphere_gen r=0
83221,0,0,-5385,0,0,13358,0,0,-15525,0,0,5399,0,0,-1155,0,0,172,0,0,-15,0,0,1 # sphere_gen r=0
440851,0,0,-169556,0,0,115614,0,0,-11042,0,0,4629,0,0,-494,0,0,11,0,0,-3,0,0,1 # sphere_gen r=0
139891,0,0,386359,0,0,307149,0,0,48513,0,0,11904,0,0,2371,0,0,341,0,0,22,0,0,1 # sphere_gen r=0
10980976,0,0,-2298264,0,0,626804,0,0,-117218,0,0,18189,0,0,-1796,0,0,216,0,0,-17,0,0,1 # sphere_gen r=0
1045351,0,0,-863020,0,0,689098,0,0,-239810,0,0,48699,0,0,-6610,0,0,607,0,0,-35,0,0,1 # sphere_gen r=0
2341771,0,0,-695744,0,0,208454,0,0,-29678,0,0,5349,0,0,-846,0,0,141,0,0,-17,0,0,1 # sphere_gen r=0
10876681,0,0,3492366,0,0,691994,0,0,11592,0,0,6584,0,0,-36,0,0,121,0,0,-12,0,0,1 # sphere_gen r=0
20191,0,0,27913,0,0,20126,0,0,6829,0,0,669,0,0,-183,0,0,-6,0,0,1,0,0,1 # sphere_gen r=0
3406621,0,0,-1791120,0,0,469892,0,0,-78260,0,0,5649,0,0,220,0,0,-27,0,0,-5,0,0,1 # sphere_gen r=0
1297171,0,0,-988505,0,0,475858,0,0,-128410,0,0,26199,0,0,-3710,0,0,352,0,0,-25,0,0,1 # sphere_gen r=0
128521,0,0,14293,0,0,-34125,0,0,-11952,0,0,1599,0,0,1222,0,0,230,0,0,22,0,0,1 # sphere_gen r=0
5877616,0,0,4680256,0,0,1838560,0,0,468644,0,0,83349,0,0,10279,0,0,835,0,0,41,0,0,1 # sphere_gen r=0
4233871,0,0,-2661362,0,0,775373,0,0,-159404,0,0,30405,0,0,-5034,0,0,543,0,0,-32,0,0,1 # sphere_gen r=0
7471,0,0,16576,0,0,20179,0,0,-6088,0,0,4089,0,0,-1286,0,0,241,0,0,-22,0,0,1 # sphere_gen r=0
2223391,0,0,1746341,0,0,804077,0,0,258848,0,0,58065,0,0,8682,0,0,822,0,0,44,0,0,1 # sphere_gen r=0
216001,0,0,-118448,0,0,-1440,0,0,3062,0,0,2474,0,0,-412,0,0,-15,0,0,-2,0,0,1 # sphere_gen r=0
33837571,0,0,14596245,0,0,2302173,0,0,149360,0,0,16639,0,0,4860,0,0,652,0,0,40,0,0,1 # sphere_gen r=0
3465211,0,0,-1008969,0,0,151474,0,0,-33123,0,0,8979,0,0,-1761,0,0,286,0,0,-27,0,0,1 # sphere_gen r=0
9472081,0,0,-5518687,0,0,1571826,0,0,-301516,0,0,49089,0,0,-6808,0,0,674,0,0,-39,0,0,1 # sphere_gen r=0
5207536,0,0,-998976,0,0,98024,0,0,110758,0,0,-2541,0,0,811,0,0,291,0,0,-23,0,0,1 # sphere_gen r=0
755851,0,0,326161,0,0,72910,0,0,17399,0,0,1209,0,0,-401,0,0,-20,0,0,11,0,0,1 # sphere_gen r=0
7509871,0,0,-751710,0,0,369812,0,0,-46820,0,0,9879,0,0,-830,0,0,153,0,0,-5,0,0,1 # sphere_gen r=0
126991,0,0,-72181,0,0,22120,0,0,1266,0,0,-1046,0,0,121,0,0,30,0,0,-6,0,0,1 # sphere_gen r=0
926701,0,0,565296,0,0,164205,0,0,21029,0,0,-116,0,0,-501,0,0,-65,0,0,1,0,0,1 # sphere_gen r=0
8889061,0,0,-3190936,0,0,1090839,0,0,5288,0,0,-3591,0,0,-1504,0,0,221,0,0,-18,0,0,1 # sphere_gen r=0
896761,0,0,869433,0,0,443861,0,0,146364,0,0,33509,0,0,5382,0,0,574,0,0,36,0,0,1 # sphere_gen r=0
225751,0,0,-351828,0,0,204200,0,0,-75538,0,0,24729,0,0,-3562,0,0,330,0,0,-22,0,0,1 # sphere_gen r=0
30721,0,0,-37195,0,0,37827,0,0,-16235,0,0,3854,0,0,-815,0,0,123,0,0,-10,0,0,1 # sphere_gen r=0
12874021,0,0,-2911589,0,0,1201404,0,0,-221108,0,0,40449,0,0,-4796,0,0,476,0,0,-27,0,0,1 # sphere_gen r=0
5594431,0,0,-686324,0,0,438259,0,0,-103318,0,0,12234,0,0,-2216,0,0,331,0,0,-22,0,0,1 # sphere_gen r=0
555241,0,0,817267,0,0,539040,0,0,206072,0,0,49919,0,0,7868,0,0,780,0,0,43,0,0,1 # sphere_gen r=0
2003251,0,0,2101315,0,0,612373,0,0,33470,0,0,2919,0,0,490,0,0,202,0,0,20,0,0,1 # sphere_gen r=0
134416,0,0,-13232,0,0,-9624,0,0,-426,0,0,1449,0,0,667,0,0,134,0,0,16,0,0,1 # sphere_gen r=0
1531081,0,0,511102,0,0,238073,0,0,35089,0,0,8440,0,0,1109,0,0,113,0,0,17,0,0,1 # sphere_gen r=0
606391,0,0,-297724,0,0,74434,0,0,-13833,0,0,4354,0,0,-1376,0,0,276,0,0,-27,0,0,1 # sphere_harm r=0
415291,0,0,113795,0,0,37237,0,0,-2580,0,0,-221,0,0,580,0,0,78,0,0,0,0,0,1 # sphere_harm r=0
21061,0,0,83030,0,0,117678,0,0,27060,0,0,2379,0,0,-370,0,0,-73,0,0,5,0,0,1 # sphere_harm r=0
55971,0,0,30213,0,0,-9774,0,0,-6696,0,0,819,0,0,432,0,0,-36,0,0,-9,0,0,1 # sphere_harm r=0
190381,0,0,-250146,0,0,160117,0,0,-63348,0,0,16365,0,0,-2712,0,0,307,0,0,-24,0,0,1 # sphere_harm r=0
1078711,0,0,181231,0,0,161254,0,0,15042,0,0,7549,0,0,344,0,0,186,0,0,3,0,0,1 # sphere_harm r=0
88381,0,0,29165,0,0,-5718,0,0,895,0,0,1499,0,0,-35,0,0,-42,0,0,5,0,0,1 # sphere_harm r=0
31981,0,0,-1416,0,0,9440,0,0,-1984,0,0,954,0,0,-424,0,0,120,0,0,-16,0,0,1 # sphere_harm r=0
36016,0,0,-52672,0,0,37616,0,0,-15826,0,0,4249,0,0,-848,0,0,134,0,0,-14,0,0,1 # sphere_harm r=0
341701,0,0,191422,0,0,38280,0,0,-2428,0,0,-631,0,0,188,0,0,60,0,0,-2,0,0,1 # sphere_harm r=0
59911,0,0,86106,0,0,47834,0,0,6782,0,0,339,0,0,-46,0,0,-9,0,0,-7,0,0,1 # sphere_harm r=0
10096,0,0,-2224,0,0,23404,0,0,-15788,0,0,5679,0,0,-1231,0,0,181,0,0,-17,0,0,1 # sphere_harm r=0
30391,0,0,-32320,0,0,12862,0,0,-2020,0,0,124,0,0,-70,0,0,43,0,0,-10,0,0,1 # sphere_harm r=0
1432591,0,0,-1357098,0,0,659755,0,0,-170463,0,0,28094,0,0,-3507,0,0,365,0,0,-27,0,0,1 # sphere_harm r=0
74896,0,0,-77616,0,0,58560,0,0,-19534,0,0,5479,0,0,-909,0,0,145,0,0,-11,0,0,1 # sphere_harm r=0
34171,0,0,9719,0,0,32210,0,0,2471,0,0,4069,0,0,-209,0,0,140,0,0,-11,0,0,1 # sphere_harm r=0
831031,0,0,-555294,0,0,85564,0,0,14142,0,0,-5866,0,0,534,0,0,71,0,0,-12,0,0,1 # sphere_harm r=0
9151,0,0,-11392,0,0,23191,0,0,-5901,0,0,1294,0,0,37,0,0,39,0,0,-9,0,0,1 # sphere_harm r=0
49471,0,0,51826,0,0,30720,0,0,13434,0,0,4134,0,0,934,0,0,155,0,0,16,0,0,1 # sphere_harm r=0
420481,0,0,-95354,0,0,24314,0,0,-23948,0,0,6889,0,0,-1126,0,0,161,0,0,-7,0,0,1 # sphere_harm r=0
119191,0,0,-115311,0,0,50207,0,0,-16273,0,0,3840,0,0,-607,0,0,87,0,0,-4,0,0,1 # sphere_harm r=0
274081,0,0,94972,0,0,48770,0,0,3532,0,0,1279,0,0,-172,0,0,-25,0,0,-7,0,0,1 # sphere_harm r=0
18271,0,0,27181,0,0,-4430,0,0,-14941,0,0,6789,0,0,-1151,0,0,160,0,0,-19,0,0,1 # sphere_harm r=0
3745381,0,0,-575173,0,0,-42354,0,0,12921,0,0,-5391,0,0,-97,0,0,284,0,0,-31,0,0,1 # sphere_harm r=0
21421,0,0,43785,0,0,45623,0,0,28710,0,0,11159,0,0,2670,0,0,382,0,0,30,0,0,1 # sphere_harm r=0
38491,0,0,-7872,0,0,15651,0,0,944,0,0,-731,0,0,-618,0,0,169,0,0,-14,0,0,1 # sphere_harm r=0
10261,0,0,2031,0,0,-4180,0,0,-1551,0,0,719,0,0,129,0,0,10,0,0,-9,0,0,1 # sphere_harm r=0
349936,0,0,-116104,0,0,56752,0,0,4848,0,0,1615,0,0,-353,0,0,-18,0,0,-6,0,0,1 # sphere_harm r=0
153856,0,0,75520,0,0,42432,0,0,20180,0,0,4919,0,0,1010,0,0,168,0,0,10,0,0,1 # sphere_harm r=0
5011,0,0,935,0,0,2878,0,0,55,0,0,369,0,0,-85,0,0,22,0,0,-5,0,0,1 # sphere_harm r=0
1321,0,0,-2609,0,0,2325,0,0,-996,0,0,879,0,0,-296,0,0,80,0,0,-14,0,0,1 # sphere_harm r=0
202291,0,0,38851,0,0,21054,0,0,4507,0,0,1509,0,0,169,0,0,56,0,0,3,0,0,1 # sphere_harm r=0
687541,0,0,57146,0,0,69267,0,0,-9327,0,0,990,0,0,407,0,0,-43,0,0,-1,0,0,1 # sphere_harm r=0
72421,0,0,-112729,0,0,78195,0,0,5899,0,0,-886,0,0,349,0,0,45,0,0,-4,0,0,1 # sphere_harm r=0
59911,0,0,13463,0,0,22340,0,0,9938,0,0,4119,0,0,762,0,0,150,0,0,17,0,0,1 # sphere_harm r=0
3419536,0,0,-1264504,0,0,264364,0,0,1662,0,0,-5591,0,0,979,0,0,6,0,0,-12,0,0,1 # sphere_harm r=0
1831,0,0,-3258,0,0,900,0,0,502,0,0,169,0,0,-162,0,0,55,0,0,-7,0,0,1 # sphere_harm r=0
11161,0,0,5026,0,0,9340,0,0,6294,0,0,3229,0,0,1034,0,0,195,0,0,21,0,0,1 # sphere_harm r=0
176656,0,0,249248,0,0,150588,0,0,52256,0,0,14145,0,0,1961,0,0,218,0,0,18,0,0,1 # sphere_harm r=0
180976,0,0,-128912,0,0,68060,0,0,-24692,0,0,7479,0,0,-1683,0,0,255,0,0,-23,0,0,1 # sphere_harm r=0
162871,0,0,-116844,0,0,12195,0,0,10429,0,0,-3206,0,0,39,0,0,115,0,0,-19,0,0,1 # sphere_harm r=0
7471,0,0,8781,0,0,9000,0,0,5299,0,0,1609,0,0,339,0,0,70,0,0,11,0,0,1 # sphere_harm r=0
15775,0,0,26750,0,0,24775,0,0,12700,0,0,4005,0,0,590,0,0,55,0,0,10,0,0,1 # sphere_harm r=0
20191,0,0,-37847,0,0,29326,0,0,-12546,0,0,3169,0,0,-478,0,0,84,0,0,-9,0,0,1 # sphere_harm r=0
38491,0,0,132911,0,0,167799,0,0,98622,0,0,31419,0,0,5744,0,0,626,0,0,38,0,0,1 # sphere_harm r=0
645091,0,0,-58033,0,0,-113295,0,0,14722,0,0,5759,0,0,-1502,0,0,210,0,0,-22,0,0,1 # sphere_harm r=0
25741,0,0,-1583,0,0,7573,0,0,-826,0,0,1275,0,0,34,0,0,58,0,0,2,0,0,1 # sphere_harm r=0
60451,0,0,-171993,0,0,180740,0,0,-89428,0,0,26499,0,0,-4912,0,0,570,0,0,-37,0,0,1 # sphere_harm r=0
1164931,0,0,-517719,0,0,163487,0,0,-35097,0,0,4880,0,0,-393,0,0,37,0,0,-6,0,0,1 # sphere_harm r=0
264211,0,0,-169374,0,0,151247,0,0,-88122,0,0,28055,0,0,-5208,0,0,577,0,0,-36,0,0,1 # sphere_harm r=0
49711,0,0,41797,0,0,27255,0,0,10067,0,0,3314,0,0,683,0,0,135,0,0,13,0,0,1 # sphere_harm r=0
2338081,0,0,-2182526,0,0,994712,0,0,-284168,0,0,54625,0,0,-7192,0,0,632,0,0,-34,0,0,1 # sphere_harm r=0
4498441,0,0,-2638658,0,0,882390,0,0,-201293,0,0,33204,0,0,-4022,0,0,380,0,0,-27,0,0,1 # sphere_harm r=0
3305251,0,0,-3143680,0,0,1398077,0,0,-380320,0,0,69549,0,0,-8790,0,0,753,0,0,-40,0,0,1 # sphere_harm r=0
74551,0,0,45104,0,0,969,0,0,-4372,0,0,-996,0,0,26,0,0,56,0,0,12,0,0,1 # sphere_harm r=0
5581,0,0,-6541,0,0,2090,0,0,11,0,0,309,0,0,-129,0,0,0,0,0,-1,0,0,1 # sphere_harm r=0
3498841,0,0,-2979345,0,0,1257942,0,0,-330955,0,0,58849,0,0,-7305,0,0,628,0,0,-35,0,0,1 # sphere_harm r=0
113521,0,0,77213,0,0,26711,0,0,5924,0,0,1279,0,0,382,0,0,104,0,0,16,0,0,1 # sphere_harm r=0
124021,0,0,-177757,0,0,125786,0,0,-51811,0,0,13719,0,0,-2343,0,0,264,0,0,-19,0,0,1 # sphere_harm r=0
19561,0,0,36922,0,0,7296,0,0,-6094,0,0,6899,0,0,-1162,0,0,159,0,0,-11,0,0,1 # sphere_harm r=0
236071,0,0,345411,0,0,227460,0,0,84554,0,0,18664,0,0,2499,0,0,220,0,0,16,0,0,1 # sphere_harm r=0
5521,0,0,-7564,0,0,4599,0,0,-1463,0,0,254,0,0,-41,0,0,21,0,0,-7,0,0,1 # sphere_harm r=0
509776,0,0,126448,0,0,84216,0,0,20064,0,0,5469,0,0,997,0,0,134,0,0,16,0,0,1 # sphere_harm r=0
16771,0,0,-38744,0,0,45569,0,0,-29438,0,0,11479,0,0,-2176,0,0,311,0,0,-22,0,0,1 # sphere_harm r=0
496,0,0,-768,0,0,1780,0,0,-1308,0,0,669,0,0,-42,0,0,-20,0,0,3,0,0,1 # sphere_harm r=0
194041,0,0,290784,0,0,172949,0,0,59968,0,0,16014,0,0,2746,0,0,291,0,0,22,0,0,1 # sphere_harm r=0
72400,0,0,67000,0,0,47100,0,0,21650,0,0,7265,0,0,1700,0,0,270,0,0,25,0,0,1 # sphere_harm r=0
2731,0,0,-3644,0,0,3387,0,0,-2072,0,0,930,0,0,-218,0,0,62,0,0,-6,0,0,1 # sphere_harm r=0
58621,0,0,45198,0,0,10703,0,0,-3089,0,0,-960,0,0,31,0,0,63,0,0,13,0,0,1 # sphere_harm r=0
90871,0,0,100562,0,0,41810,0,0,2102,0,0,-341,0,0,-92,0,0,35,0,0,13,0,0,1 # sphere_harm r=0
4603201,0,0,234,0,0,501700,0,0,39666,0,0,17999,0,0,1266,0,0,245,0,0,9,0,0,1 # sphere_harm r=0
397261,0,0,-163462,0,0,21331,0,0,984,0,0,4,0,0,-278,0,0,-6,0,0,6,0,0,1 # sphere_harm r=0
164911,0,0,202469,0,0,118975,0,0,37606,0,0,5949,0,0,266,0,0,-20,0,0,4,0,0,1 # sphere_harm r=0
565771,0,0,382768,0,0,124950,0,0,26338,0,0,5604,0,0,862,0,0,125,0,0,12,0,0,1 # sphere_harm r=0
365461,0,0,278120,0,0,104362,0,0,37135,0,0,11784,0,0,2480,0,0,328,0,0,25,0,0,1 # sphere_harm r=0
71641,0,0,-25559,0,0,164,0,0,202,0,0,1069,0,0,14,0,0,-4,0,0,-7,0,0,1 # sphere_harm r=0
202291,0,0,18626,0,0,31002,0,0,-17022,0,0,2355,0,0,602,0,0,-73,0,0,-1,0,0,1 # sphere_harm r=0
475261,0,0,220341,0,0,149900,0,0,47614,0,0,13014,0,0,1789,0,0,240,0,0,16,0,0,1 # sphere_harm r=0
41011,0,0,-43006,0,0,8850,0,0,5426,0,0,-2511,0,0,56,0,0,125,0,0,-21,0,0,1 # sphere_harm r=0
1171,0,0,-3660,0,0,7678,0,0,-8280,0,0,6129,0,0,-1440,0,0,217,0,0,-15,0,0,1 # sphere_harm r=0
139141,0,0,56566,0,0,-12640,0,0,-4256,0,0,1149,0,0,234,0,0,-15,0,0,1,0,0,1 # sphere_harm r=0
3751,0,0,-3531,0,0,2854,0,0,-447,0,0,449,0,0,-189,0,0,86,0,0,-3,0,0,1 # sphere_harm r=0
261361,0,0,27780,0,0,1653,0,0,8450,0,0,199,0,0,-150,0,0,67,0,0,10,0,0,1 # sphere_harm r=0
2658661,0,0,1092307,0,0,357735,0,0,77287,0,0,15264,0,0,2113,0,0,245,0,0,18,0,0,1 # sphere_harm r=0
318411,0,0,-307233,0,0,129708,0,0,-30321,0,0,3555,0,0,-81,0,0,-12,0,0,-3,0,0,1 # sphere_harm r=0
1071331,0,0,-483706,0,0,109540,0,0,4586,0,0,349,0,0,596,0,0,25,0,0,-1,0,0,1 # sphere_harm r=0
23536,0,0,21416,0,0,8064,0,0,1732,0,0,419,0,0,139,0,0,36,0,0,8,0,0,1 # sphere_harm r=0
5851,0,0,8185,0,0,5702,0,0,1765,0,0,189,0,0,-75,0,0,-12,0,0,-5,0,0,1 # sphere_harm r=0
2971,0,0,7312,0,0,5258,0,0,214,0,0,-585,0,0,-156,0,0,3,0,0,7,0,0,1 # sphere_harm r=0
148711,0,0,91038,0,0,76281,0,0,10579,0,0,3964,0,0,627,0,0,79,0,0,11,0,0,1 # sphere_harm r=0
266701,0,0,77972,0,0,62108,0,0,19574,0,0,5925,0,0,1074,0,0,153,0,0,17,0,0,1 # sphere_harm r=0
961,0,0,465,0,0,2508,0,0,-1525,0,0,1069,0,0,-225,0,0,22,0,0,-5,0,0,1 # sphere_harm r=0
245551,0,0,-341493,0,0,222806,0,0,-87199,0,0,22419,0,0,-3877,0,0,444,0,0,-31,0,0,1 # sphere_harm r=0
1102561,0,0,-1359603,0,0,773316,0,0,-261109,0,0,56839,0,0,-8157,0,0,754,0,0,-41,0,0,1 # sphere_harm r=0
192541,0,0,13643,0,0,16523,0,0,9386,0,0,165,0,0,-624,0,0,-42,0,0,8,0,0,1 # sphere_harm r=0
176656,0,0,-23464,0,0,10480,0,0,8104,0,0,309,0,0,59,0,0,25,0,0,1,0,0,1 # sphere_harm r=0
131071,0,0,98352,0,0,21131,0,0,-3484,0,0,-2166,0,0,-202,0,0,54,0,0,14,0,0,1 # sphere_harm r=0
84400,0,0,23200,0,0,-20600,0,0,-10400,0,0,-5,0,0,970,0,0,250,0,0,25,0,0,1 # sphere_harm r=0
268291,0,0,-119144,0,0,30655,0,0,-6271,0,0,534,0,0,-221,0,0,115,0,0,-19,0,0,1 # sphere_harm r=0
1891,0,0,3364,0,0,1870,0,0,156,0,0,4,0,0,86,0,0,15,0,0,-6,0,0,1 # sphere_harm r=0
