-1,0,-3,0,-1,0,3,0,3,0,2,0,1,0,2,0,0,0,3,0,3,0,1,0,1 # subst k=2 g=(-1, -3, -1, 3, 3, 2, 1, 2, 0, 3, 3, 1, 1) r=2
-2,0,-3,0,0,0,-2,0,2,0,2,0,0,0,1,0,-1,0,-2,0,-2,0,1,0,1 # subst k=2 g=(-2, -3, 0, -2, 2, 2, 0, 1, -1, -2, -2, 1, 1) r=2
4,0,-1,0,-1,0,2,0,-2,0,3,0,0,0,2,0,1,0,-2,0,0,0,1,0,1 # subst k=2 g=(4, -1, -1, 2, -2, 3, 0, 2, 1, -2, 0, 1, 1) r=0
-3,0,-2,0,-1,0,-3,0,1,0,-3,0,2,0,2,0,1,0,3,0,-3,0,2,0,1 # subst k=2 g=(-3, -2, -1, -3, 1, -3, 2, 2, 1, 3, -3, 2, 1) r=2
1,0,0,0,1,0,-3,0,-1,0,0,0,2,0,-1,0,-1,0,-2,0,-1,0,3,0,1 # subst k=2 g=(1, 0, 1, -3, -1, 0, 2, -1, -1, -2, -1, 3, 1) r=4
-2,0,0,0,-3,0,3,0,-1,0,2,0,1,0,1,0,-3,0,0,0,0,0,-1,0,1 # subst k=2 g=(-2, 0, -3, 3, -1, 2, 1, 1, -3, 0, 0, -1, 1) r=2
1,0,-1,0,-1,0,0,0,-1,0,2,0,-1,0,-1,0,-2,0,0,0,0,0,2,0,1 # subst k=2 g=(1, -1, -1, 0, -1, 2, -1, -1, -2, 0, 0, 2, 1) r=4
5,0,0,0,-3,0,1,0,3,0,-1,0,-2,0,-2,0,0,0,0,0,3,0,3,0,1 # subst k=2 g=(5, 0, -3, 1, 3, -1, -2, -2, 0, 0, 3, 3, 1) r=0
-1,0,-2,0,-1,0,-1,0,0,0,0,0,-3,0,3,0,3,0,3,0,2,0,-1,0,1 # subst k=2 g=(-1, -2, -1, -1, 0, 0, -3, 3, 3, 3, 2, -1, 1) r=2
5,0,1,0,-2,0,3,0,2,0,1,0,3,0,-3,0,-3,0,0,0,-2,0,0,0,1 # subst k=2 g=(5, 1, -2, 3, 2, 1, 3, -3, -3, 0, -2, 0, 1) r=4
-3,0,0,0,-3,0,-3,0,0,0,0,0,-3,0,1,0,0,0,-3,0,-2,0,3,0,1 # subst k=2 g=(-3, 0, -3, -3, 0, 0, -3, 1, 0, -3, -2, 3, 1) r=2
3,0,-3,0,1,0,3,0,3,0,2,0,0,0,2,0,-3,0,3,0,-1,0,0,0,1 # subst k=2 g=(3, -3, 1, 3, 3, 2, 0, 2, -3, 3, -1, 0, 1) r=0
2,0,2,0,1,0,-1,0,2,0,2,0,3,0,3,0,3,0,-3,0,-1,0,-2,0,1 # subst k=2 g=(2, 2, 1, -1, 2, 2, 3, 3, 3, -3, -1, -2, 1) r=4
-2,0,3,0,3,0,-1,0,3,0,0,0,3,0,0,0,-3,0,1,0,-3,0,-3,0,1 # subst k=2 g=(-2, 3, 3, -1, 3, 0, 3, 0, -3, 1, -3, -3, 1) r=6
-3,0,1,0,-2,0,0,0,3,0,3,0,-1,0,3,0,2,0,1,0,-2,0,-1,0,1 # subst k=2 g=(-3, 1, -2, 0, 3, 3, -1, 3, 2, 1, -2, -1, 1) r=2
-1,0,0,0,-1,0,-1,0,-2,0,-1,0,1,0,1,0,0,0,2,0,0,0,3,0,1 # subst k=2 g=(-1, 0, -1, -1, -2, -1, 1, 1, 0, 2, 0, 3, 1) r=2
-3,0,3,0,2,0,-2,0,-3,0,-3,0,-3,0,0,0,-2,0,-1,0,-1,0,-1,0,1 # subst k=2 g=(-3, 3, 2, -2, -3, -3, -3, 0, -2, -1, -1, -1, 1) r=2
-1,0,3,0,-3,0,-2,0,3,0,-1,0,-1,0,2,0,2,0,3,0,0,0,-3,0,1 # subst k=2 g=(-1, 3, -3, -2, 3, -1, -1, 2, 2, 3, 0, -3, 1) r=2
5,0,0,0,1,0,2,0,3,0,0,0,2,0,-3,0,-2,0,-3,0,-2,0,3,0,1 # subst k=2 g=(5, 0, 1, 2, 3, 0, 2, -3, -2, -3, -2, 3, 1) r=0
1,0,2,0,-2,0,0,0,3,0,-1,0,-2,0,1,0,-1,0,1,0,3,0,3,0,1 # subst k=2 g=(1, 2, -2, 0, 3, -1, -2, 1, -1, 1, 3, 3, 1) r=0
-1,0,3,0,-2,0,2,0,-1,0,0,0,1,0,1,0,2,0,-3,0,2,0,2,0,1 # subst k=2 g=(-1, 3, -2, 2, -1, 0, 1, 1, 2, -3, 2, 2, 1) r=2
-1,0,1,0,0,0,3,0,1,0,-3,0,2,0,3,0,2,0,3,0,3,0,2,0,1 # subst k=2 g=(-1, 1, 0, 3, 1, -3, 2, 3, 2, 3, 3, 2, 1) r=2
-5,0,-3,0,-1,0,-3,0,3,0,-3,0,2,0,-2,0,2,0,1,0,3,0,-3,0,1 # subst k=2 g=(-5, -3, -1, -3, 3, -3, 2, -2, 2, 1, 3, -3, 1) r=2
1,0,3,0,-3,0,-1,0,2,0,0,0,-1,0,0,0,0,0,2,0,-1,0,2,0,1 # subst k=2 g=(1, 3, -3, -1, 2, 0, -1, 0, 0, 2, -1, 2, 1) r=0
3,0,2,0,1,0,3,0,-3,0,-3,0,1,0,-3,0,-3,0,-2,0,2,0,-1,0,1 # subst k=2 g=(3, 2, 1, 3, -3, -3, 1, -3, -3, -2, 2, -1, 1) r=4
4,0,0,0,1,0,1,0,-1,0,1,0,1,0,0,0,1,0,-1,0,1,0,2,0,1 # subst k=2 g=(4, 0, 1, 1, -1, 1, 1, 0, 1, -1, 1, 2, 1) r=0
3,0,3,0,0,0,0,0,2,0,-3,0,2,0,3,0,3,0,-1,0,2,0,3,0,1 # subst k=2 g=(3, 3, 0, 0, 2, -3, 2, 3, 3, -1, 2, 3, 1) r=0
3,0,-3,0,-3,0,-3,0,-1,0,1,0,2,0,-3,0,-1,0,-3,0,1,0,-2,0,1 # subst k=2 g=(3, -3, -3, -3, -1, 1, 2, -3, -1, -3, 1, -2, 1) r=4
-5,0,0,0,-1,0,1,0,0,0,0,0,3,0,1,0,-1,0,-1,0,-3,0,-2,0,1 # subst k=2 g=(-5, 0, -1, 1, 0, 0, 3, 1, -1, -1, -3, -2, 1) r=2
2,0,-2,0,0,0,0,0,-3,0,-1,0,-1,0,-2,0,-2,0,-1,0,3,0,2,0,1 # subst k=2 g=(2, -2, 0, 0, -3, -1, -1, -2, -2, -1, 3, 2, 1) r=4
-1,0,1,0,2,0,1,0,3,0,-3,0,-1,0,0,0,1,0,1,0,2,0,-1,0,1 # subst k=2 g=(-1, 1, 2, 1, 3, -3, -1, 0, 1, 1, 2, -1, 1) r=2
-4,0,3,0,-2,0,-1,0,0,0,2,0,-1,0,-2,0,-3,0,2,0,3,0,0,0,1 # subst k=2 g=(-4, 3, -2, -1, 0, 2, -1, -2, -3, 2, 3, 0, 1) r=2
2,0,0,0,-2,0,-1,0,-1,0,-3,0,1,0,-2,0,2,0,-3,0,1,0,0,0,1 # subst k=2 g=(2, 0, -2, -1, -1, -3, 1, -2, 2, -3, 1, 0, 1) r=4
4,0,3,0,3,0,3,0,-1,0,0,0,2,0,0,0,-2,0,3,0,-3,0,-1,0,1 # subst k=2 g=(4, 3, 3, 3, -1, 0, 2, 0, -2, 3, -3, -1, 1) r=4
-1,0,2,0,0,0,3,0,1,0,2,0,0,0,1,0,3,0,3,0,1,0,-1,0,1 # subst k=2 g=(-1, 2, 0, 3, 1, 2, 0, 1, 3, 3, 1, -1, 1) r=2
3,0,3,0,-1,0,-3,0,2,0,-3,0,3,0,3,0,0,0,-2,0,3,0,0,0,1 # subst k=2 g=(3, 3, -1, -3, 2, -3, 3, 3, 0, -2, 3, 0, 1) r=0
-4,0,-3,0,-3,0,-2,0,-1,0,-2,0,-2,0,-3,0,-3,0,-2,0,-1,0,2,0,1 # subst k=2 g=(-4, -3, -3, -2, -1, -2, -2, -3, -3, -2, -1, 2, 1) r=2
3,0,2,0,3,0,0,0,0,0,-2,0,-1,0,0,0,-3,0,-1,0,-1,0,2,0,1 # subst k=2 g=(3, 2, 3, 0, 0, -2, -1, 0, -3, -1, -1, 2, 1) r=0
2,0,2,0,-1,0,-3,0,2,0,0,0,2,0,-3,0,1,0,2,0,0,0,1,0,1 # subst k=2 g=(2, 2, -1, -3, 2, 0, 2, -3, 1, 2, 0, 1, 1) r=0
-1,0,-2,0,0,0,1,0,3,0,3,0,-1,0,1,0,-3,0,0,0,-2,0,3,0,1 # subst k=2 g=(-1, -2, 0, 1, 3, 3, -1, 1, -3, 0, -2, 3, 1) r=2
3,0,-1,0,0,0,-1,0,3,0,3,0,3,0,-1,0,-3,0,-2,0,0,0,-2,0,1 # subst k=2 g=(3, -1, 0, -1, 3, 3, 3, -1, -3, -2, 0, -2, 1) r=4
-1,0,-3,0,1,0,-2,0,-2,0,0,0,-1,0,0,0,-1,0,-2,0,-2,0,1,0,1 # subst k=2 g=(-1, -3, 1, -2, -2, 0, -1, 0, -1, -2, -2, 1, 1) r=2
1,0,3,0,1,0,-2,0,-3,0,2,0,-2,0,3,0,-2,0,-1,0,0,0,0,0,1 # subst k=2 g=(1, 3, 1, -2, -3, 2, -2, 3, -2, -1, 0, 0, 1) r=0
-1,0,-2,0,-3,0,-1,0,-3,0,-2,0,1,0,-2,0,0,0,2,0,0,0,1,0,1 # subst k=2 g=(-1, -2, -3, -1, -3, -2, 1, -2, 0, 2, 0, 1, 1) r=2
-2,0,-1,0,-1,0,2,0,1,0,-3,0,-3,0,2,0,-3,0,-1,0,-1,0,3,0,1 # subst k=2 g=(-2, -1, -1, 2, 1, -3, -3, 2, -3, -1, -1, 3, 1) r=2
1,0,1,0,3,0,3,0,-2,0,2,0,1,0,-1,0,-1,0,-3,0,1,0,1,0,1 # subst k=2 g=(1, 1, 3, 3, -2, 2, 1, -1, -1, -3, 1, 1, 1) r=0
-4,0,0,0,2,0,0,0,2,0,3,0,1,0,-2,0,-3,0,-3,0,2,0,-3,0,1 # subst k=2 g=(-4, 0, 2, 0, 2, 3, 1, -2, -3, -3, 2, -3, 1) r=2
-5,0,-1,0,2,0,-2,0,0,0,2,0,1,0,1,0,0,0,-2,0,3,0,2,0,1 # subst k=2 g=(-5, -1, 2, -2, 0, 2, 1, 1, 0, -2, 3, 2, 1) r=2
-5,0,3,0,-1,0,-2,0,-2,0,-1,0,-1,0,-2,0,-1,0,-1,0,-3,0,3,0,1 # subst k=2 g=(-5, 3, -1, -2, -2, -1, -1, -2, -1, -1, -3, 3, 1) r=2
3,0,2,0,3,0,0,0,-3,0,-3,0,1,0,3,0,3,0,-1,0,3,0,-3,0,1 # subst k=2 g=(3, 2, 3, 0, -3, -3, 1, 3, 3, -1, 3, -3, 1) r=0
-4,0,2,0,-1,0,3,0,3,0,-1,0,2,0,1,0,-2,0,3,0,-1,0,1,0,1 # subst k=2 g=(-4, 2, -1, 3, 3, -1, 2, 1, -2, 3, -1, 1, 1) r=2
3,0,0,0,2,0,-1,0,3,0,-1,0,2,0,-2,0,2,0,-1,0,2,0,-2,0,1 # subst k=2 g=(3, 0, 2, -1, 3, -1, 2, -2, 2, -1, 2, -2, 1) r=0
3,0,-2,0,-3,0,-2,0,-1,0,-3,0,2,0,0,0,-2,0,-2,0,0,0,3,0,1 # subst k=2 g=(3, -2, -3, -2, -1, -3, 2, 0, -2, -2, 0, 3, 1) r=4
-3,0,2,0,-1,0,0,0,-2,0,-2,0,3,0,-3,0,3,0,-3,0,-1,0,-3,0,1 # subst k=2 g=(-3, 2, -1, 0, -2, -2, 3, -3, 3, -3, -1, -3, 1) r=2
-2,0,3,0,-2,0,-3,0,3,0,-3,0,2,0,-3,0,0,0,3,0,-1,0,-3,0,1 # subst k=2 g=(-2, 3, -2, -3, 3, -3, 2, -3, 0, 3, -1, -3, 1) r=2
-5,0,3,0,1,0,-3,0,2,0,3,0,-3,0,-3,0,1,0,3,0,0,0,3,0,1 # subst k=2 g=(-5, 3, 1, -3, 2, 3, -3, -3, 1, 3, 0, 3, 1) r=2
1,0,-1,0,1,0,2,0,0,0,-2,0,-1,0,-3,0,-2,0,0,0,-2,0,0,0,1 # subst k=2 g=(1, -1, 1, 2, 0, -2, -1, -3, -2, 0, -2, 0, 1) r=4
-2,0,-3,0,1,0,-3,0,3,0,0,0,1,0,-3,0,3,0,3,0,-2,0,2,0,1 # subst k=2 g=(-2, -3, 1, -3, 3, 0, 1, -3, 3, 3, -2, 2, 1) r=2
2,0,-3,0,1,0,-1,0,2,0,-2,0,-1,0,3,0,3,0,2,0,2,0,-2,0,1 # subst k=2 g=(2, -3, 1, -1, 2, -2, -1, 3, 3, 2, 2, -2, 1) r=0
1,0,2,0,-2,0,-2,0,-1,0,-1,0,3,0,3,0,2,0,-3,0,3,0,-1,0,1 # subst k=2 g=(1, 2, -2, -2, -1, -1, 3, 3, 2, -3, 3, -1, 1) r=0
5,0,0,-2,0,0,-1,0,0,1,0,0,-1,0,0,-3,0,0,1,0,0,1,0,0,1 # subst k=3 g=(5, -2, -1, 1, -1, -3, 1, 1, 1) r=0
5,0,0,-2,0,0,0,0,0,3,0,0,-1,0,0,-3,0,0,-1,0,0,3,0,0,1 # subst k=3 g=(5, -2, 0, 3, -1, -3, -1, 3, 1) r=2
-2,0,0,3,0,0,3,0,0,-2,0,0,-2,0,0,1,0,0,1,0,0,2,0,0,1 # subst k=3 g=(-2, 3, 3, -2, -2, 1, 1, 2, 1) r=2
3,0,0,-2,0,0,2,0,0,0,0,0,-1,0,0,1,0,0,1,0,0,3,0,0,1 # subst k=3 g=(3, -2, 2, 0, -1, 1, 1, 3, 1) r=2
5,0,0,1,0,0,3,0,0,2,0,0,1,0,0,-3,0,0,3,0,0,-2,0,0,1 # subst k=3 g=(5, 1, 3, 2, 1, -3, 3, -2, 1) r=0
-2,0,0,3,0,0,-1,0,0,0,0,0,-1,0,0,-2,0,0,-1,0,0,-3,0,0,1 # subst k=3 g=(-2, 3, -1, 0, -1, -2, -1, -3, 1) r=2
4,0,0,3,0,0,-1,0,0,1,0,0,3,0,0,3,0,0,3,0,0,2,0,0,1 # subst k=3 g=(4, 3, -1, 1, 3, 3, 3, 2, 1) r=0
4,0,0,2,0,0,-3,0,0,2,0,0,1,0,0,-1,0,0,1,0,0,-1,0,0,1 # subst k=3 g=(4, 2, -3, 2, 1, -1, 1, -1, 1) r=0
1,0,0,3,0,0,-3,0,0,0,0,0,-2,0,0,-3,0,0,0,0,0,2,0,0,1 # subst k=3 g=(1, 3, -3, 0, -2, -3, 0, 2, 1) r=4
-5,0,0,2,0,0,-3,0,0,0,0,0,-3,0,0,1,0,0,-1,0,0,-2,0,0,1 # subst k=3 g=(-5, 2, -3, 0, -3, 1, -1, -2, 1) r=2
-4,0,0,1,0,0,-1,0,0,1,0,0,-1,0,0,1,0,0,-3,0,0,3,0,0,1 # subst k=3 g=(-4, 1, -1, 1, -1, 1, -3, 3, 1) r=2
-1,0,0,3,0,0,1,0,0,-3,0,0,0,0,0,2,0,0,-3,0,0,-2,0,0,1 # subst k=3 g=(-1, 3, 1, -3, 0, 2, -3, -2, 1) r=4
2,0,0,-2,0,0,1,0,0,1,0,0,2,0,0,-2,0,0,0,0,0,0,0,0,1 # subst k=3 g=(2, -2, 1, 1, 2, -2, 0, 0, 1) r=0
-4,0,0,-1,0,0,0,0,0,2,0,0,-2,0,0,3,0,0,-1,0,0,1,0,0,1 # subst k=3 g=(-4, -1, 0, 2, -2, 3, -1, 1, 1) r=2
3,0,0,1,0,0,2,0,0,-1,0,0,-3,0,0,-1,0,0,2,0,0,1,0,0,1 # subst k=3 g=(3, 1, 2, -1, -3, -1, 2, 1, 1) r=0
4,0,0,0,0,0,-3,0,0,3,0,0,3,0,0,-1,0,0,-3,0,0,3,0,0,1 # subst k=3 g=(4, 0, -3, 3, 3, -1, -3, 3, 1) r=2
-4,0,0,-3,0,0,-2,0,0,2,0,0,3,0,0,3,0,0,3,0,0,0,0,0,1 # subst k=3 g=(-4, -3, -2, 2, 3, 3, 3, 0, 1) r=2
4,0,0,-3,0,0,-3,0,0,3,0,0,3,0,0,-3,0,0,1,0,0,-2,0,0,1 # subst k=3 g=(4, -3, -3, 3, 3, -3, 1, -2, 1) r=2
2,0,0,-3,0,0,1,0,0,1,0,0,-2,0,0,1,0,0,3,0,0,-2,0,0,1 # subst k=3 g=(2, -3, 1, 1, -2, 1, 3, -2, 1) r=0
-3,0,0,0,0,0,0,0,0,2,0,0,-2,0,0,3,0,0,-2,0,0,-2,0,0,1 # subst k=3 g=(-3, 0, 0, 2, -2, 3, -2, -2, 1) r=2
4,0,0,0,0,0,1,0,0,0,0,0,0,0,0,2,0,0,-3,0,0,3,0,0,1 # subst k=3 g=(4, 0, 1, 0, 0, 2, -3, 3, 1) r=2
-1,0,0,-3,0,0,2,0,0,-2,0,0,0,0,0,-2,0,0,1,0,0,0,0,0,1 # subst k=3 g=(-1, -3, 2, -2, 0, -2, 1, 0, 1) r=2
4,0,0,-2,0,0,-1,0,0,-3,0,0,2,0,0,-2,0,0,-1,0,0,-1,0,0,1 # subst k=3 g=(4, -2, -1, -3, 2, -2, -1, -1, 1) r=2
3,0,0,0,0,0,0,0,0,0,0,0,2,0,0,-3,0,0,0,0,0,-1,0,0,1 # subst k=3 g=(3, 0, 0, 0, 2, -3, 0, -1, 1) r=2
-1,0,0,-3,0,0,1,0,0,3,0,0,1,0,0,2,0,0,-1,0,0,-2,0,0,1 # subst k=3 g=(-1, -3, 1, 3, 1, 2, -1, -2, 1) r=2
-2,0,0,-3,0,0,-1,0,0,2,0,0,1,0,0,3,0,0,-3,0,0,0,0,0,1 # subst k=3 g=(-2, -3, -1, 2, 1, 3, -3, 0, 1) r=2
1,0,0,1,0,0,-2,0,0,0,0,0,-1,0,0,1,0,0,2,0,0,3,0,0,1 # subst k=3 g=(1, 1, -2, 0, -1, 1, 2, 3, 1) r=2
4,0,0,2,0,0,2,0,0,-1,0,0,0,0,0,-1,0,0,-2,0,0,1,0,0,1 # subst k=3 g=(4, 2, 2, -1, 0, -1, -2, 1, 1) r=0
4,0,0,3,0,0,2,0,0,1,0,0,-3,0,0,-3,0,0,-3,0,0,2,0,0,1 # subst k=3 g=(4, 3, 2, 1, -3, -3, -3, 2, 1) r=4
3,0,0,0,0,0,-1,0,0,-3,0,0,-1,0,0,-1,0,0,-3,0,0,2,0,0,1 # subst k=3 g=(3, 0, -1, -3, -1, -1, -3, 2, 1) r=4
-5,0,0,0,0,0,1,0,0,-2,0,0,-3,0,0,1,0,0,-3,0,0,1,0,0,1 # subst k=3 g=(-5, 0, 1, -2, -3, 1, -3, 1, 1) r=2
4,0,0,0,0,0,-1,0,0,-3,0,0,0,0,0,2,0,0,0,0,0,0,0,0,1 # subst k=3 g=(4, 0, -1, -3, 0, 2, 0, 0, 1) r=0
-4,0,0,-2,0,0,3,0,0,-1,0,0,2,0,0,0,0,0,-2,0,0,-1,0,0,1 # subst k=3 g=(-4, -2, 3, -1, 2, 0, -2, -1, 1) r=2
-4,0,0,-1,0,0,-2,0,0,3,0,0,-2,0,0,-3,0,0,1,0,0,1,0,0,1 # subst k=3 g=(-4, -1, -2, 3, -2, -3, 1, 1, 1) r=2
1,0,0,0,0,0,0,0,0,-1,0,0,0,0,0,1,0,0,-3,0,0,2,0,0,1 # subst k=3 g=(1, 0, 0, -1, 0, 1, -3, 2, 1) r=2
-4,0,0,-1,0,0,1,0,0,3,0,0,2,0,0,-3,0,0,1,0,0,3,0,0,1 # subst k=3 g=(-4, -1, 1, 3, 2, -3, 1, 3, 1) r=2
2,0,0,-3,0,0,0,0,0,-2,0,0,1,0,0,0,0,0,-1,0,0,1,0,0,1 # subst k=3 g=(2, -3, 0, -2, 1, 0, -1, 1, 1) r=2
5,0,0,0,0,0,1,0,0,-3,0,0,1,0,0,0,0,0,3,0,0,3,0,0,1 # subst k=3 g=(5, 0, 1, -3, 1, 0, 3, 3, 1) r=0
4,0,0,-1,0,0,-1,0,0,-3,0,0,3,0,0,-1,0,0,0,0,0,1,0,0,1 # subst k=3 g=(4, -1, -1, -3, 3, -1, 0, 1, 1) r=0
3,0,0,0,0,0,1,0,0,2,0,0,-1,0,0,-1,0,0,3,0,0,1,0,0,1 # subst k=3 g=(3, 0, 1, 2, -1, -1, 3, 1, 1) r=0
1,0,0,-2,0,0,0,0,0,2,0,0,-2,0,0,-1,0,0,3,0,0,2,0,0,1 # subst k=3 g=(1, -2, 0, 2, -2, -1, 3, 2, 1) r=0
-5,0,0,1,0,0,3,0,0,-3,0,0,1,0,0,-2,0,0,-2,0,0,1,0,0,1 # subst k=3 g=(-5, 1, 3, -3, 1, -2, -2, 1, 1) r=2
5,0,0,2,0,0,-2,0,0,-2,0,0,0,0,0,2,0,0,2,0,0,1,0,0,1 # subst k=3 g=(5, 2, -2, -2, 0, 2, 2, 1, 1) r=0
-4,0,0,-3,0,0,0,0,0,3,0,0,2,0,0,-2,0,0,-1,0,0,-3,0,0,1 # subst k=3 g=(-4, -3, 0, 3, 2, -2, -1, -3, 1) r=2
-3,0,0,-1,0,0,-2,0,0,-1,0,0,0,0,0,-1,0,0,-3,0,0,0,0,0,1 # subst k=3 g=(-3, -1, -2, -1, 0, -1, -3, 0, 1) r=2
-2,0,0,-3,0,0,2,0,0,2,0,0,-1,0,0,1,0,0,1,0,0,-3,0,0,1 # subst k=3 g=(-2, -3, 2, 2, -1, 1, 1, -3, 1) r=2
-3,0,0,-2,0,0,2,0,0,-2,0,0,-3,0,0,-2,0,0,2,0,0,0,0,0,1 # subst k=3 g=(-3, -2, 2, -2, -3, -2, 2, 0, 1) r=2
3,0,0,3,0,0,2,0,0,-1,0,0,-3,0,0,-3,0,0,3,0,0,0,0,0,1 # subst k=3 g=(3, 3, 2, -1, -3, -3, 3, 0, 1) r=0
4,0,0,1,0,0,2,0,0,-3,0,0,2,0,0,1,0,0,-2,0,0,-2,0,0,1 # subst k=3 g=(4, 1, 2, -3, 2, 1, -2, -2, 1) r=2
-5,0,0,-1,0,0,0,0,0,1,0,0,2,0,0,-3,0,0,-2,0,0,0,0,0,1 # subst k=3 g=(-5, -1, 0, 1, 2, -3, -2, 0, 1) r=2
5,0,0,-3,0,0,2,0,0,0,0,0,-1,0,0,-3,0,0,1,0,0,1,0,0,1 # subst k=3 g=(5, -3, 2, 0, -1, -3, 1, 1, 1) r=0
-5,0,0,2,0,0,-1,0,0,2,0,0,1,0,0,3,0,0,-3,0,0,1,0,0,1 # subst k=3 g=(-5, 2, -1, 2, 1, 3, -3, 1, 1) r=2
-2,0,0,2,0,0,-3,0,0,2,0,0,-2,0,0,3,0,0,-3,0,0,-1,0,0,1 # subst k=3 g=(-2, 2, -3, 2, -2, 3, -3, -1, 1) r=2
5,0,0,-2,0,0,-1,0,0,3,0,0,0,0,0,0,0,0,1,0,0,-3,0,0,1 # subst k=3 g=(5, -2, -1, 3, 0, 0, 1, -3, 1) r=2
1,0,0,-1,0,0,0,0,0,3,0,0,-2,0,0,1,0,0,-1,0,0,3,0,0,1 # subst k=3 g=(1, -1, 0, 3, -2, 1, -1, 3, 1) r=2
1,0,0,1,0,0,1,0,0,2,0,0,-1,0,0,3,0,0,2,0,0,3,0,0,1 # subst k=3 g=(1, 1, 1, 2, -1, 3, 2, 3, 1) r=2
4,0,0,2,0,0,1,0,0,1,0,0,3,0,0,0,0,0,1,0,0,-2,0,0,1 # subst k=3 g=(4, 2, 1, 1, 3, 0, 1, -2, 1) r=0
5,0,0,3,0,0,-2,0,0,-1,0,0,-1,0,0,-3,0,0,1,0,0,2,0,0,1 # subst k=3 g=(5, 3, -2, -1, -1, -3, 1, 2, 1) r=0
4,0,0,3,0,0,0,0,0,2,0,0,-3,0,0,-3,0,0,0,0,0,1,0,0,1 # subst k=3 g=(4, 3, 0, 2, -3, -3, 0, 1, 1) r=2
-1,0,0,0,0,0,0,0,0,1,0,0,0,0,0,2,0,0,-3,0,0,-1,0,0,1 # subst k=3 g=(-1, 0, 0, 1, 0, 2, -3, -1, 1) r=2
-4,0,0,0,-1,0,0,0,3,0,0,0,-2,0,0,0,-2,0,0,0,3,0,0,0,1 # subst k=4 g=(-4, -1, 3, -2, -2, 3, 1) r=2
4,0,0,0,3,0,0,0,1,0,0,0,-2,0,0,0,2,0,0,0,-1,0,0,0,1 # subst k=4 g=(4, 3, 1, -2, 2, -1, 1) r=0
-2,0,0,0,2,0,0,0,-2,0,0,0,-3,0,0,0,0,0,0,0,2,0,0,0,1 # subst k=4 g=(-2, 2, -2, -3, 0, 2, 1) r=2
2,0,0,0,-3,0,0,0,1,0,0,0,0,0,0,0,-3,0,0,0,0,0,0,0,1 # subst k=4 g=(2, -3, 1, 0, -3, 0, 1) r=4
3,0,0,0,-1,0,0,0,-2,0,0,0,-1,0,0,0,-1,0,0,0,2,0,0,0,1 # subst k=4 g=(3, -1, -2, -1, -1, 2, 1) r=0
5,0,0,0,0,0,0,0,1,0,0,0,1,0,0,0,1,0,0,0,2,0,0,0,1 # subst k=4 g=(5, 0, 1, 1, 1, 2, 1) r=0
5,0,0,0,1,0,0,0,2,0,0,0,3,0,0,0,1,0,0,0,0,0,0,0,1 # subst k=4 g=(5, 1, 2, 3, 1, 0, 1) r=0
4,0,0,0,3,0,0,0,0,0,0,0,2,0,0,0,-1,0,0,0,2,0,0,0,1 # subst k=4 g=(4, 3, 0, 2, -1, 2, 1) r=0
5,0,0,0,-2,0,0,0,3,0,0,0,0,0,0,0,0,0,0,0,-1,0,0,0,1 # subst k=4 g=(5, -2, 3, 0, 0, -1, 1) r=0
4,0,0,0,1,0,0,0,0,0,0,0,2,0,0,0,1,0,0,0,-3,0,0,0,1 # subst k=4 g=(4, 1, 0, 2, 1, -3, 1) r=0
3,0,0,0,0,0,0,0,2,0,0,0,0,0,0,0,-2,0,0,0,3,0,0,0,1 # subst k=4 g=(3, 0, 2, 0, -2, 3, 1) r=0
5,0,0,0,-3,0,0,0,-2,0,0,0,0,0,0,0,0,0,0,0,2,0,0,0,1 # subst k=4 g=(5, -3, -2, 0, 0, 2, 1) r=0
1,0,0,0,3,0,0,0,2,0,0,0,0,0,0,0,3,0,0,0,-1,0,0,0,1 # subst k=4 g=(1, 3, 2, 0, 3, -1, 1) r=0
1,0,0,0,1,0,0,0,-3,0,0,0,-2,0,0,0,3,0,0,0,0,0,0,0,1 # subst k=4 g=(1, 1, -3, -2, 3, 0, 1) r=0
-5,0,0,0,2,0,0,0,3,0,0,0,-1,0,0,0,1,0,0,0,-3,0,0,0,1 # subst k=4 g=(-5, 2, 3, -1, 1, -3, 1) r=2
-4,0,0,0,3,0,0,0,-1,0,0,0,-3,0,0,0,1,0,0,0,-2,0,0,0,1 # subst k=4 g=(-4, 3, -1, -3, 1, -2, 1) r=2
3,0,0,0,0,0,0,0,1,0,0,0,1,0,0,0,2,0,0,0,-2,0,0,0,1 # subst k=4 g=(3, 0, 1, 1, 2, -2, 1) r=0
-4,0,0,0,2,0,0,0,1,0,0,0,-1,0,0,0,-1,0,0,0,3,0,0,0,1 # subst k=4 g=(-4, 2, 1, -1, -1, 3, 1) r=2
5,0,0,0,2,0,0,0,0,0,0,0,-1,0,0,0,1,0,0,0,3,0,0,0,1 # subst k=4 g=(5, 2, 0, -1, 1, 3, 1) r=0
1,0,0,0,0,0,0,0,2,0,0,0,0,0,0,0,3,0,0,0,-2,0,0,0,1 # subst k=4 g=(1, 0, 2, 0, 3, -2, 1) r=0
-3,0,0,0,-2,0,0,0,-2,0,0,0,-2,0,0,0,3,0,0,0,-1,0,0,0,1 # subst k=4 g=(-3, -2, -2, -2, 3, -1, 1) r=2
1,0,0,0,1,0,0,0,0,0,0,0,-3,0,0,0,0,0,0,0,-3,0,0,0,1 # subst k=4 g=(1, 1, 0, -3, 0, -3, 1) r=4
-5,0,0,0,0,0,0,0,3,0,0,0,-3,0,0,0,-1,0,0,0,3,0,0,0,1 # subst k=4 g=(-5, 0, 3, -3, -1, 3, 1) r=2
2,0,0,0,2,0,0,0,-3,0,0,0,3,0,0,0,-2,0,0,0,-1,0,0,0,1 # subst k=4 g=(2, 2, -3, 3, -2, -1, 1) r=0
3,0,0,0,-2,0,0,0,0,0,0,0,-1,0,0,0,-3,0,0,0,1,0,0,0,1 # subst k=4 g=(3, -2, 0, -1, -3, 1, 1) r=4
-1,0,0,0,-1,0,0,0,2,0,0,0,-3,0,0,0,0,0,0,0,-3,0,0,0,1 # subst k=4 g=(-1, -1, 2, -3, 0, -3, 1) r=2
3,0,0,0,3,0,0,0,1,0,0,0,-3,0,0,0,3,0,0,0,-1,0,0,0,1 # subst k=4 g=(3, 3, 1, -3, 3, -1, 1) r=0
-5,0,0,0,0,0,0,0,-1,0,0,0,-3,0,0,0,0,0,0,0,3,0,0,0,1 # subst k=4 g=(-5, 0, -1, -3, 0, 3, 1) r=2
5,0,0,0,-1,0,0,0,2,0,0,0,-2,0,0,0,2,0,0,0,0,0,0,0,1 # subst k=4 g=(5, -1, 2, -2, 2, 0, 1) r=0
-3,0,0,0,0,0,0,0,1,0,0,0,3,0,0,0,-2,0,0,0,2,0,0,0,1 # subst k=4 g=(-3, 0, 1, 3, -2, 2, 1) r=2
-1,0,0,0,-1,0,0,0,2,0,0,0,-1,0,0,0,-1,0,0,0,-1,0,0,0,1 # subst k=4 g=(-1, -1, 2, -1, -1, -1, 1) r=2
-1,0,0,0,2,0,0,0,3,0,0,0,2,0,0,0,-3,0,0,0,3,0,0,0,1 # subst k=4 g=(-1, 2, 3, 2, -3, 3, 1) r=2
-2,0,0,0,-1,0,0,0,-1,0,0,0,1,0,0,0,-1,0,0,0,0,0,0,0,1 # subst k=4 g=(-2, -1, -1, 1, -1, 0, 1) r=2
3,0,0,0,-1,0,0,0,-2,0,0,0,-3,0,0,0,-3,0,0,0,1,0,0,0,1 # subst k=4 g=(3, -1, -2, -3, -3, 1, 1) r=4
-1,0,0,0,0,0,0,0,0,0,0,0,-3,0,0,0,3,0,0,0,-1,0,0,0,1 # subst k=4 g=(-1, 0, 0, -3, 3, -1, 1) r=2
2,0,0,0,1,0,0,0,-3,0,0,0,1,0,0,0,1,0,0,0,1,0,0,0,1 # subst k=4 g=(2, 1, -3, 1, 1, 1, 1) r=0
-3,0,0,0,2,0,0,0,2,0,0,0,-2,0,0,0,-3,0,0,0,2,0,0,0,1 # subst k=4 g=(-3, 2, 2, -2, -3, 2, 1) r=2
-5,0,0,0,0,0,0,0,-3,0,0,0,2,0,0,0,2,0,0,0,1,0,0,0,1 # subst k=4 g=(-5, 0, -3, 2, 2, 1, 1) r=2
-2,0,0,0,2,0,0,0,1,0,0,0,2,0,0,0,-3,0,0,0,0,0,0,0,1 # subst k=4 g=(-2, 2, 1, 2, -3, 0, 1) r=2
-5,0,0,0,3,0,0,0,3,0,0,0,2,0,0,0,2,0,0,0,1,0,0,0,1 # subst k=4 g=(-5, 3, 3, 2, 2, 1, 1) r=2
-5,0,0,0,3,0,0,0,-2,0,0,0,1,0,0,0,-3,0,0,0,-3,0,0,0,1 # subst k=4 g=(-5, 3, -2, 1, -3, -3, 1) r=2
2,0,0,0,-2,0,0,0,0,0,0,0,1,0,0,0,3,0,0,0,1,0,0,0,1 # subst k=4 g=(2, -2, 0, 1, 3, 1, 1) r=0
-3,0,0,0,-1,0,0,0,0,0,0,0,3,0,0,0,-3,0,0,0,0,0,0,0,1 # subst k=4 g=(-3, -1, 0, 3, -3, 0, 1) r=2
3,0,0,0,3,0,0,0,1,0,0,0,-3,0,0,0,-3,0,0,0,-3,0,0,0,1 # subst k=4 g=(3, 3, 1, -3, -3, -3, 1) r=4
-5,0,0,0,1,0,0,0,-3,0,0,0,3,0,0,0,0,0,0,0,0,0,0,0,1 # subst k=4 g=(-5, 1, -3, 3, 0, 0, 1) r=2
-4,0,0,0,-3,0,0,0,0,0,0,0,-2,0,0,0,0,0,0,0,0,0,0,0,1 # subst k=4 g=(-4, -3, 0, -2, 0, 0, 1) r=2
-1,0,0,0,-2,0,0,0,3,0,0,0,2,0,0,0,-2,0,0,0,-3,0,0,0,1 # subst k=4 g=(-1, -2, 3, 2, -2, -3, 1) r=2
2,0,0,0,3,0,0,0,-3,0,0,0,-2,0,0,0,-1,0,0,0,3,0,0,0,1 # subst k=4 g=(2, 3, -3, -2, -1, 3, 1) r=0
5,0,0,0,-3,0,0,0,3,0,0,0,-1,0,0,0,0,0,0,0,0,0,0,0,1 # subst k=4 g=(5, -3, 3, -1, 0, 0, 1) r=0
4,0,0,0,1,0,0,0,-3,0,0,0,3,0,0,0,-2,0,0,0,-3,0,0,0,1 # subst k=4 g=(4, 1, -3, 3, -2, -3, 1) r=4
4,0,0,0,3,0,0,0,-3,0,0,0,1,0,0,0,2,0,0,0,-1,0,0,0,1 # subst k=4 g=(4, 3, -3, 1, 2, -1, 1) r=0
4,0,0,0,-2,0,0,0,-3,0,0,0,1,0,0,0,0,0,0,0,2,0,0,0,1 # subst k=4 g=(4, -2, -3, 1, 0, 2, 1) r=0
2,0,0,0,-1,0,0,0,-1,0,0,0,2,0,0,0,-2,0,0,0,0,0,0,0,1 # subst k=4 g=(2, -1, -1, 2, -2, 0, 1) r=0
5,0,0,0,0,0,0,0,-3,0,0,0,1,0,0,0,0,0,0,0,3,0,0,0,1 # subst k=4 g=(5, 0, -3, 1, 0, 3, 1) r=0
1,0,0,0,1,0,0,0,-3,0,0,0,0,0,0,0,-1,0,0,0,3,0,0,0,1 # subst k=4 g=(1, 1, -3, 0, -1, 3, 1) r=0
-4,0,0,0,-2,0,0,0,3,0,0,0,-3,0,0,0,3,0,0,0,-2,0,0,0,1 # subst k=4 g=(-4, -2, 3, -3, 3, -2, 1) r=2
4,0,0,0,2,0,0,0,1,0,0,0,-1,0,0,0,-3,0,0,0,3,0,0,0,1 # subst k=4 g=(4, 2, 1, -1, -3, 3, 1) r=0
-5,0,0,0,-1,0,0,0,3,0,0,0,-1,0,0,0,-1,0,0,0,-2,0,0,0,1 # subst k=4 g=(-5, -1, 3, -1, -1, -2, 1) r=2
1,0,0,0,1,0,0,0,-2,0,0,0,-2,0,0,0,2,0,0,0,-2,0,0,0,1 # subst k=4 g=(1, 1, -2, -2, 2, -2, 1) r=4
-5,0,0,0,3,0,0,0,3,0,0,0,-3,0,0,0,1,0,0,0,-2,0,0,0,1 # subst k=4 g=(-5, 3, 3, -3, 1, -2, 1) r=2
5,0,0,0,0,0,2,0,0,0,0,0,1,0,0,0,0,0,-3,0,0,0,0,0,1 # subst k=6 g=(5, 2, 1, -3, 1) r=0
-3,0,0,0,0,0,3,0,0,0,0,0,0,0,0,0,0,0,2,0,0,0,0,0,1 # subst k=6 g=(-3, 3, 0, 2, 1) r=2
3,0,0,0,0,0,3,0,0,0,0,0,2,0,0,0,0,0,-3,0,0,0,0,0,1 # subst k=6 g=(3, 3, 2, -3, 1) r=0
-1,0,0,0,0,0,-2,0,0,0,0,0,-1,0,0,0,0,0,2,0,0,0,0,0,1 # subst k=6 g=(-1, -2, -1, 2, 1) r=2
-5,0,0,0,0,0,3,0,0,0,0,0,-1,0,0,0,0,0,1,0,0,0,0,0,1 # subst k=6 g=(-5, 3, -1, 1, 1) r=2
-2,0,0,0,0,0,1,0,0,0,0,0,-2,0,0,0,0,0,1,0,0,0,0,0,1 # subst k=6 g=(-2, 1, -2, 1, 1) r=2
2,0,0,0,0,0,1,0,0,0,0,0,1,0,0,0,0,0,2,0,0,0,0,0,1 # subst k=6 g=(2, 1, 1, 2, 1) r=0
-5,0,0,0,0,0,1,0,0,0,0,0,-1,0,0,0,0,0,2,0,0,0,0,0,1 # subst k=6 g=(-5, 1, -1, 2, 1) r=2
4,0,0,0,0,0,-2,0,0,0,0,0,1,0,0,0,0,0,2,0,0,0,0,0,1 # subst k=6 g=(4, -2, 1, 2, 1) r=0
-5,0,0,0,0,0,1,0,0,0,0,0,-3,0,0,0,0,0,-1,0,0,0,0,0,1 # subst k=6 g=(-5, 1, -3, -1, 1) r=2
1,0,0,0,0,0,-2,0,0,0,0,0,0,0,0,0,0,0,2,0,0,0,0,0,1 # subst k=6 g=(1, -2, 0, 2, 1) r=0
1,0,0,0,0,0,1,0,0,0,0,0,-1,0,0,0,0,0,-3,0,0,0,0,0,1 # subst k=6 g=(1, 1, -1, -3, 1) r=4
-4,0,0,0,0,0,-3,0,0,0,0,0,1,0,0,0,0,0,-2,0,0,0,0,0,1 # subst k=6 g=(-4, -3, 1, -2, 1) r=2
2,0,0,0,0,0,-1,0,0,0,0,0,2,0,0,0,0,0,-2,0,0,0,0,0,1 # subst k=6 g=(2, -1, 2, -2, 1) r=0
-5,0,0,0,0,0,-1,0,0,0,0,0,-3,0,0,0,0,0,3,0,0,0,0,0,1 # subst k=6 g=(-5, -1, -3, 3, 1) r=2
2,0,0,0,0,0,3,0,0,0,0,0,-2,0,0,0,0,0,-3,0,0,0,0,0,1 # subst k=6 g=(2, 3, -2, -3, 1) r=4
4,0,0,0,0,0,-3,0,0,0,0,0,1,0,0,0,0,0,-1,0,0,0,0,0,1 # subst k=6 g=(4, -3, 1, -1, 1) r=0
4,0,0,0,0,0,3,0,0,0,0,0,1,0,0,0,0,0,-1,0,0,0,0,0,1 # subst k=6 g=(4, 3, 1, -1, 1) r=0
-4,0,0,0,0,0,-3,0,0,0,0,0,-1,0,0,0,0,0,2,0,0,0,0,0,1 # subst k=6 g=(-4, -3, -1, 2, 1) r=2
4,0,0,0,0,0,-3,0,0,0,0,0,2,0,0,0,0,0,-3,0,0,0,0,0,1 # subst k=6 g=(4, -3, 2, -3, 1) r=4
1,0,0,0,0,0,-3,0,0,0,0,0,-2,0,0,0,0,0,2,0,0,0,0,0,1 # subst k=6 g=(1, -3, -2, 2, 1) r=4
-2,0,0,0,0,0,2,0,0,0,0,0,-1,0,0,0,0,0,-2,0,0,0,0,0,1 # subst k=6 g=(-2, 2, -1, -2, 1) r=2
2,0,0,0,0,0,0,0,0,0,0,0,-3,0,0,0,0,0,-1,0,0,0,0,0,1 # subst k=6 g=(2, 0, -3, -1, 1) r=4
1,0,0,0,0,0,-2,0,0,0,0,0,-2,0,0,0,0,0,-3,0,0,0,0,0,1 # subst k=6 g=(1, -2, -2, -3, 1) r=4
2,0,0,0,0,0,1,0,0,0,0,0,1,0,0,0,0,0,-2,0,0,0,0,0,1 # subst k=6 g=(2, 1, 1, -2, 1) r=0
-5,0,0,0,0,0,-2,0,0,0,0,0,3,0,0,0,0,0,-1,0,0,0,0,0,1 # subst k=6 g=(-5, -2, 3, -1, 1) r=2
2,0,0,0,0,0,2,0,0,0,0,0,3,0,0,0,0,0,3,0,0,0,0,0,1 # subst k=6 g=(2, 2, 3, 3, 1) r=0
1,0,0,0,0,0,-1,0,0,0,0,0,1,0,0,0,0,0,-3,0,0,0,0,0,1 # subst k=6 g=(1, -1, 1, -3, 1) r=4
-2,0,0,0,0,0,-1,0,0,0,0,0,1,0,0,0,0,0,2,0,0,0,0,0,1 # subst k=6 g=(-2, -1, 1, 2, 1) r=2
-1,0,0,0,0,0,2,0,0,0,0,0,-3,0,0,0,0,0,0,0,0,0,0,0,1 # subst k=6 g=(-1, 2, -3, 0, 1) r=2
-3,0,0,0,0,0,0,0,0,0,0,0,-3,0,0,0,0,0,2,0,0,0,0,0,1 # subst k=6 g=(-3, 0, -3, 2, 1) r=2
3,0,0,0,0,0,-3,0,0,0,0,0,-1,0,0,0,0,0,1,0,0,0,0,0,1 # subst k=6 g=(3, -3, -1, 1, 1) r=0
3,0,0,0,0,0,-3,0,0,0,0,0,3,0,0,0,0,0,0,0,0,0,0,0,1 # subst k=6 g=(3, -3, 3, 0, 1) r=0
-5,0,0,0,0,0,3,0,0,0,0,0,1,0,0,0,0,0,3,0,0,0,0,0,1 # subst k=6 g=(-5, 3, 1, 3, 1) r=2
1,0,0,0,0,0,0,0,0,0,0,0,3,0,0,0,0,0,1,0,0,0,0,0,1 # subst k=6 g=(1, 0, 3, 1, 1) r=0
1,0,0,0,0,0,-1,0,0,0,0,0,3,0,0,0,0,0,3,0,0,0,0,0,1 # subst k=6 g=(1, -1, 3, 3, 1) r=0
-5,0,0,0,0,0,2,0,0,0,0,0,0,0,0,0,0,0,-3,0,0,0,0,0,1 # subst k=6 g=(-5, 2, 0, -3, 1) r=2
2,0,0,0,0,0,2,0,0,0,0,0,1,0,0,0,0,0,1,0,0,0,0,0,1 # subst k=6 g=(2, 2, 1, 1, 1) r=0
-1,0,0,0,0,0,-3,0,0,0,0,0,2,0,0,0,0,0,0,0,0,0,0,0,1 # subst k=6 g=(-1, -3, 2, 0, 1) r=2
-5,0,0,0,0,0,2,0,0,0,0,0,-3,0,0,0,0,0,-1,0,0,0,0,0,1 # subst k=6 g=(-5, 2, -3, -1, 1) r=2
4,0,0,0,0,0,-3,0,0,0,0,0,2,0,0,0,0,0,0,0,0,0,0,0,1 # subst k=6 g=(4, -3, 2, 0, 1) r=0
-5,0,0,0,0,0,-3,0,0,0,0,0,2,0,0,0,0,0,-1,0,0,0,0,0,1 # subst k=6 g=(-5, -3, 2, -1, 1) r=2
-3,0,0,0,0,0,-3,0,0,0,0,0,-1,0,0,0,0,0,-2,0,0,0,0,0,1 # subst k=6 g=(-3, -3, -1, -2, 1) r=2
-5,0,0,0,0,0,2,0,0,0,0,0,3,0,0,0,0,0,-2,0,0,0,0,0,1 # subst k=6 g=(-5, 2, 3, -2, 1) r=2
-1,0,0,0,0,0,-1,0,0,0,0,0,0,0,0,0,0,0,-3,0,0,0,0,0,1 # subst k=6 g=(-1, -1, 0, -3, 1) r=2
2,0,0,0,0,0,-2,0,0,0,0,0,0,0,0,0,0,0,1,0,0,0,0,0,1 # subst k=6 g=(2, -2, 0, 1, 1) r=0
-1,0,0,0,0,0,-3,0,0,0,0,0,2,0,0,0,0,0,2,0,0,0,0,0,1 # subst k=6 g=(-1, -3, 2, 2, 1) r=2
3,0,0,0,0,0,-1,0,0,0,0,0,1,0,0,0,0,0,-3,0,0,0,0,0,1 # subst k=6 g=(3, -1, 1, -3, 1) r=4
1,0,0,0,0,0,-3,0,0,0,0,0,0,0,0,0,0,0,-1,0,0,0,0,0,1 # subst k=6 g=(1, -3, 0, -1, 1) r=4
5,0,0,0,0,0,2,0,0,0,0,0,-1,0,0,0,0,0,2,0,0,0,0,0,1 # subst k=6 g=(5, 2, -1, 2, 1) r=0
-4,0,0,0,0,0,1,0,0,0,0,0,-3,0,0,0,0,0,-2,0,0,0,0,0,1 # subst k=6 g=(-4, 1, -3, -2, 1) r=2
4,0,0,0,0,0,1,0,0,0,0,0,-2,0,0,0,0,0,-2,0,0,0,0,0,1 # subst k=6 g=(4, 1, -2, -2, 1) r=4
2,0,0,0,0,0,-3,0,0,0,0,0,2,0,0,0,0,0,-1,0,0,0,0,0,1 # subst k=6 g=(2, -3, 2, -1, 1) r=0
4,0,0,0,0,0,3,0,0,0,0,0,2,0,0,0,0,0,0,0,0,0,0,0,1 # subst k=6 g=(4, 3, 2, 0, 1) r=0
3,0,0,0,0,0,0,0,1,0,0,0,0,0,0,0,1,0,0,0,0,0,0,0,1 # subst k=8 g=(3, 1, 1, 1) r=0
-5,0,0,0,0,0,0,0,3,0,0,0,0,0,0,0,-1,0,0,0,0,0,0,0,1 # subst k=8 g=(-5, 3, -1, 1) r=2
-2,0,0,0,0,0,0,0,2,0,0,0,0,0,0,0,-3,0,0,0,0,0,0,0,1 # subst k=8 g=(-2, 2, -3, 1) r=2
-3,0,0,0,0,0,0,0,-3,0,0,0,0,0,0,0,-3,0,0,0,0,0,0,0,1 # subst k=8 g=(-3, -3, -3, 1) r=2
5,0,0,0,0,0,0,0,0,0,0,0,0,0,0,0,0,0,0,0,0,0,0,0,1 # subst k=8 g=(5, 0, 0, 1) r=0
5,0,0,0,0,0,0,0,-2,0,0,0,0,0,0,0,3,0,0,0,0,0,0,0,1 # subst k=8 g=(5, -2, 3, 1) r=0
-2,0,0,0,0,0,0,0,-2,0,0,0,0,0,0,0,2,0,0,0,0,0,0,0,1 # subst k=8 g=(-2, -2, 2, 1) r=2
1,0,0,0,0,0,0,0,-1,0,0,0,0,0,0,0,1,0,0,0,0,0,0,0,1 # subst k=8 g=(1, -1, 1, 1) r=0
-3,0,0,0,0,0,0,0,3,0,0,0,0,0,0,0,2,0,0,0,0,0,0,0,1 # subst k=8 g=(-3, 3, 2, 1) r=2
-5,0,0,0,0,0,0,0,-1,0,0,0,0,0,0,0,3,0,0,0,0,0,0,0,1 # subst k=8 g=(-5, -1, 3, 1) r=2
5,0,0,0,0,0,0,0,1,0,0,0,0,0,0,0,-2,0,0,0,0,0,0,0,1 # subst k=8 g=(5, 1, -2, 1) r=0
5,0,0,0,0,0,0,0,-1,0,0,0,0,0,0,0,1,0,0,0,0,0,0,0,1 # subst k=8 g=(5, -1, 1, 1) r=0
1,0,0,0,0,0,0,0,-1,0,0,0,0,0,0,0,-2,0,0,0,0,0,0,0,1 # subst k=8 g=(1, -1, -2, 1) r=4
5,0,0,0,0,0,0,0,3,0,0,0,0,0,0,0,3,0,0,0,0,0,0,0,1 # subst k=8 g=(5, 3, 3, 1) r=0
4,0,0,0,0,0,0,0,-1,0,0,0,0,0,0,0,1,0,0,0,0,0,0,0,1 # subst k=8 g=(4, -1, 1, 1) r=0
1,0,0,0,0,0,0,0,-2,0,0,0,0,0,0,0,2,0,0,0,0,0,0,0,1 # subst k=8 g=(1, -2, 2, 1) r=0
-2,0,0,0,0,0,0,0,-1,0,0,0,0,0,0,0,-3,0,0,0,0,0,0,0,1 # subst k=8 g=(-2, -1, -3, 1) r=2
-2,0,0,0,0,0,0,0,3,0,0,0,0,0,0,0,1,0,0,0,0,0,0,0,1 # subst k=8 g=(-2, 3, 1, 1) r=2
4,0,0,0,0,0,0,0,2,0,0,0,0,0,0,0,-2,0,0,0,0,0,0,0,1 # subst k=8 g=(4, 2, -2, 1) r=0
5,0,0,0,0,0,0,0,-3,0,0,0,0,0,0,0,1,0,0,0,0,0,0,0,1 # subst k=8 g=(5, -3, 1, 1) r=0
3,0,0,0,0,0,0,0,2,0,0,0,0,0,0,0,2,0,0,0,0,0,0,0,1 # subst k=8 g=(3, 2, 2, 1) r=0
-5,0,0,0,0,0,0,0,1,0,0,0,0,0,0,0,-2,0,0,0,0,0,0,0,1 # subst k=8 g=(-5, 1, -2, 1) r=2
-1,0,0,0,0,0,0,0,3,0,0,0,0,0,0,0,-2,0,0,0,0,0,0,0,1 # subst k=8 g=(-1, 3, -2, 1) r=2
-4,0,0,0,0,0,0,0,1,0,0,0,0,0,0,0,3,0,0,0,0,0,0,0,1 # subst k=8 g=(-4, 1, 3, 1) r=2
-1,0,0,0,0,0,0,0,-1,0,0,0,0,0,0,0,-2,0,0,0,0,0,0,0,1 # subst k=8 g=(-1, -1, -2, 1) r=2
-1,0,0,0,0,0,0,0,-1,0,0,0,0,0,0,0,3,0,0,0,0,0,0,0,1 # subst k=8 g=(-1, -1, 3, 1) r=2
-5,0,0,0,0,0,0,0,3,0,0,0,0,0,0,0,-2,0,0,0,0,0,0,0,1 # subst k=8 g=(-5, 3, -2, 1) r=2
4,0,0,0,0,0,0,0,-1,0,0,0,0,0,0,0,-2,0,0,0,0,0,0,0,1 # subst k=8 g=(4, -1, -2, 1) r=0
-1,0,0,0,0,0,0,0,1,0,0,0,0,0,0,0,-3,0,0,0,0,0,0,0,1 # subst k=8 g=(-1, 1, -3, 1) r=2
-4,0,0,0,0,0,0,0,-2,0,0,0,0,0,0,0,-2,0,0,0,0,0,0,0,1 # subst k=8 g=(-4, -2, -2, 1) r=2
1,0,0,0,0,0,0,0,-2,0,0,0,0,0,0,0,3,0,0,0,0,0,0,0,1 # subst k=8 g=(1, -2, 3, 1) r=0
-4,0,0,0,0,0,0,0,2,0,0,0,0,0,0,0,3,0,0,0,0,0,0,0,1 # subst k=8 g=(-4, 2, 3, 1) r=2
-4,0,0,0,0,0,0,0,-3,0,0,0,0,0,0,0,-2,0,0,0,0,0,0,0,1 # subst k=8 g=(-4, -3, -2, 1) r=2
5,0,0,0,0,0,0,0,1,0,0,0,0,0,0,0,-1,0,0,0,0,0,0,0,1 # subst k=8 g=(5, 1, -1, 1) r=0
-2,0,0,0,0,0,0,0,-3,0,0,0,0,0,0,0,3,0,0,0,0,0,0,0,1 # subst k=8 g=(-2, -3, 3, 1) r=2
-4,0,0,0,0,0,0,0,3,0,0,0,0,0,0,0,-3,0,0,0,0,0,0,0,1 # subst k=8 g=(-4, 3, -3, 1) r=2
5,0,0,0,0,0,0,0,3,0,0,0,0,0,0,0,2,0,0,0,0,0,0,0,1 # subst k=8 g=(5, 3, 2, 1) r=0
-4,0,0,0,0,0,0,0,-3,0,0,0,0,0,0,0,-1,0,0,0,0,0,0,0,1 # subst k=8 g=(-4, -3, -1, 1) r=2
3,0,0,0,0,0,0,0,-2,0,0,0,0,0,0,0,-3,0,0,0,0,0,0,0,1 # subst k=8 g=(3, -2, -3, 1) r=4
1,0,0,0,0,0,0,0,1,0,0,0,0,0,0,0,-2,0,0,0,0,0,0,0,1 # subst k=8 g=(1, 1, -2, 1) r=0
5,0,0,0,0,0,0,0,3,0,0,0,0,0,0,0,-2,0,0,0,0,0,0,0,1 # subst k=8 g=(5, 3, -2, 1) r=0
2,0,0,0,0,0,0,0,0,0,0,0,0,0,0,0,0,0,0,0,0,0,0,0,1 # subst k=12 g=(2, 0, 1) r=0
3,0,0,0,0,0,0,0,0,0,0,0,0,0,0,0,0,0,0,0,0,0,0,0,1 # subst k=12 g=(3, 0, 1) r=0
-5,0,0,0,0,0,0,0,0,0,0,0,0,0,0,0,0,0,0,0,0,0,0,0,1 # subst k=12 g=(-5, 0, 1) r=2
-2,0,0,0,0,0,0,0,0,0,0,0,0,0,0,0,0,0,0,0,0,0,0,0,1 # subst k=12 g=(-2, 0, 1) r=2
-3,0,0,0,0,0,0,0,0,0,0,0,0,0,0,0,0,0,0,0,0,0,0,0,1 # subst k=12 g=(-3, 0, 1) r=2
2,-2,2,2,-1,0,-1,-1,1,0,1,0,0,-1,2,1,0,0,1,2,2,-1,1,-1,1 # rand_dense r=0
-1,2,0,2,-2,-2,1,-1,-2,1,1,-1,0,2,-1,-1,0,-2,1,1,1,0,-1,-2,1 # rand_dense r=4
2,1,2,-1,-1,2,1,-2,1,0,-2,0,2,2,-1,-2,0,1,-1,1,-2,-1,2,-1,1 # rand_dense r=0
1,0,1,2,0,-2,0,2,2,0,-2,-2,-2,1,1,2,0,-2,-2,0,1,-2,0,-1,1 # rand_dense r=2
2,0,-1,2,0,-1,-2,0,0,2,-2,1,-1,-2,1,0,0,1,-1,1,0,0,-1,-1,1 # rand_dense r=4
-1,0,1,2,0,0,-1,-1,1,-1,0,-2,-2,-2,-2,2,-1,-1,-2,0,2,-1,-2,-1,1 # rand_dense r=2
2,-2,-1,2,-1,-1,0,-1,1,2,2,-2,-2,0,2,-1,2,0,-1,0,-1,-1,1,-2,1 # rand_dense r=2
2,-1,0,-2,0,1,1,1,-1,-1,1,1,0,2,0,2,2,1,-1,1,2,-1,2,-2,1 # rand_dense r=0
1,-2,2,2,2,0,-2,-2,-2,1,2,0,-2,-2,-1,-1,-1,-2,0,-1,-2,-2,2,1,1 # rand_dense r=2
1,2,0,0,-1,2,-2,2,2,-2,0,2,-2,2,-1,2,-2,-1,-2,1,2,2,-1,-1,1 # rand_dense r=2
-2,0,-2,2,2,-1,2,-1,1,0,2,0,1,2,2,1,0,1,1,0,0,0,0,-2,1 # rand_dense r=4
-1,2,1,0,2,2,2,-2,-1,-1,1,-1,-1,-2,0,1,2,1,2,0,2,-2,-1,1,1 # rand_dense r=2
-1,0,2,0,-2,-1,1,1,-2,2,-1,0,-1,2,0,1,2,-1,0,0,0,1,2,0,1 # rand_dense r=2
-1,-1,0,1,-2,2,1,-2,2,-1,0,2,2,0,-1,-2,2,0,0,-2,-1,-1,2,0,1 # rand_dense r=2
2,1,-2,-1,1,0,2,0,0,2,1,-2,1,1,0,0,1,-1,-1,2,-2,-1,0,-2,1 # rand_dense r=2
1,1,-2,-2,-1,1,1,-1,-1,1,2,1,2,0,-1,1,-1,0,-1,0,2,-1,1,0,1 # rand_dense r=4
-1,-1,-2,2,1,1,2,-1,-2,1,2,1,1,0,-2,2,2,-1,-2,-1,2,2,-1,2,1 # rand_dense r=2
-2,-1,-1,-2,2,-2,-2,2,0,-2,-2,0,1,-2,2,-1,-1,1,0,-1,-1,0,-1,1,1 # rand_dense r=4
-1,-2,1,-2,1,-1,-1,0,2,-2,-1,1,-2,-1,2,0,0,2,1,1,-1,-2,0,-1,1 # rand_dense r=2
-2,0,0,2,-1,2,-1,-2,-1,-2,2,1,-1,-1,-2,-1,0,2,2,2,-2,2,0,2,1 # rand_dense r=2
2,0,-2,2,-2,-2,-2,-2,0,-2,-2,-1,1,2,1,-2,2,-2,-1,0,2,-2,-2,1,1 # rand_dense r=4
1,0,0,2,-1,-2,-1,1,-1,1,-2,-2,0,1,1,0,1,-1,2,-2,-2,1,-2,0,1 # rand_dense r=4
-2,-2,1,-2,1,-1,1,-1,-1,-1,-1,1,2,-1,2,-1,0,1,1,0,2,2,2,2,1 # rand_dense r=2
-1,0,2,2,-1,1,1,-1,2,0,2,2,0,0,-1,0,2,0,2,-1,2,2,-1,0,1 # rand_dense r=2
1,-2,2,0,-1,0,0,-1,0,0,-2,2,1,1,0,-1,-1,1,-1,1,2,-2,2,-1,1 # rand_dense r=0
-2,-2,1,2,-2,-1,1,2,0,-1,-2,-1,1,1,-1,1,0,1,-1,-2,2,-1,0,-2,1 # rand_dense r=2
-1,-2,2,0,-2,-2,2,2,-1,0,-1,1,-1,0,2,0,-2,1,-2,-2,1,-1,2,2,1 # rand_dense r=2
2,2,-2,-1,-1,-1,1,-2,-2,0,1,-1,-1,-1,-2,2,-1,-1,-1,2,2,1,0,0,1 # rand_dense r=4
-2,0,0,1,1,0,-1,-2,2,-1,-1,1,-1,2,1,0,2,0,-1,-1,-1,-2,1,-1,1 # rand_dense r=2
1,2,1,1,-1,-1,0,0,1,2,0,2,-1,1,-2,2,2,2,-2,-2,1,-1,0,2,1 # rand_dense r=2
1,2,1,-2,-2,2,-1,1,-1,2,1,2,-1,2,1,-2,1,-2,1,2,2,2,0,2,1 # rand_dense r=2
-1,-1,1,-1,0,2,1,1,1,-2,0,-1,-2,0,-1,-1,0,-1,-1,0,2,-2,-1,-1,1 # rand_dense r=2
2,0,-2,-1,1,2,1,-1,1,0,0,1,-2,1,2,2,0,-2,-1,-2,-2,0,0,0,1 # rand_dense r=2
-1,0,-2,1,0,0,1,1,-2,1,-2,-2,0,2,0,1,-2,2,-2,0,2,-1,-2,-2,1 # rand_dense r=2
1,1,0,2,1,0,-1,2,-2,-1,-2,-1,-1,1,1,0,-1,1,0,-2,1,2,2,-2,1 # rand_dense r=2
-2,-2,-2,1,-2,-2,-2,0,2,-2,0,-1,0,1,2,-1,2,1,1,1,0,-1,0,-2,1 # rand_dense r=4
1,-1,1,-1,0,-1,2,-2,1,-2,-1,-2,-2,2,0,1,0,1,0,-1,2,-1,2,2,1 # rand_dense r=2
-1,-2,-2,2,-2,2,-2,2,-2,-2,-2,0,-1,0,-1,1,1,-2,2,1,1,-2,-2,0,1 # rand_dense r=2
-1,2,0,-1,-2,0,2,-1,1,0,0,-1,2,-1,-2,2,1,0,2,0,-2,0,2,1,1 # rand_dense r=2
-2,1,-2,-2,-2,-1,1,-1,0,0,0,0,2,-2,0,-2,-1,-1,-1,-2,-1,-1,-2,-2,1 # rand_dense r=2
-2,0,1,1,-1,-2,0,-1,2,-1,-1,2,-2,1,2,-1,2,-1,-1,-2,-2,-2,0,1,1 # rand_dense r=2
-2,2,0,-1,-1,-2,-2,-1,2,-2,-2,0,-1,-1,0,0,1,0,-2,2,1,1,1,2,1 # rand_dense r=2
2,-2,2,1,-1,1,0,1,-1,-2,-1,0,0,1,0,-2,1,1,0,-1,1,1,0,1,1 # rand_dense r=0
1,2,1,-2,0,1,-1,1,1,2,-2,1,2,2,2,0,1,1,-2,1,1,-2,-1,-1,1 # rand_dense r=4
2,0,2,-2,-1,-1,1,0,1,2,-2,0,1,2,1,0,0,2,1,-2,2,-2,1,0,1 # rand_dense r=0
1,-1,0,-1,2,1,-1,2,0,-2,0,-2,1,-2,-2,-1,1,-2,0,2,-1,-2,-2,2,1 # rand_dense r=4
1,2,-2,-2,-2,-1,-2,-2,2,0,-1,-2,1,1,1,-2,-2,-1,-2,1,2,2,2,2,1 # rand_dense r=6
-2,-2,1,2,-1,2,-1,1,0,-1,2,0,2,0,0,1,-1,2,0,2,1,-2,2,1,1 # rand_dense r=2
-1,-2,0,2,-1,2,2,2,-2,-2,2,-1,2,-2,2,-1,1,-2,-1,1,-1,-1,2,-1,1 # rand_dense r=2
1,-2,-1,0,0,1,-1,2,0,1,0,0,-2,-1,-2,-1,1,1,1,-2,-1,1,0,-2,1 # rand_dense r=4
1,2,-2,-2,-2,1,1,-2,-1,0,2,-1,2,1,1,2,1,2,0,-2,-2,0,2,-1,1 # rand_dense r=4
2,1,-2,2,1,2,2,1,2,1,-2,-2,-1,-2,-1,2,-1,2,1,2,-2,-1,2,-1,1 # rand_dense r=2
1,2,-1,-2,-1,-2,-1,-2,1,0,-2,-1,-2,-1,0,0,-2,-2,1,2,-2,2,-1,-1,1 # rand_dense r=6
-2,1,1,1,-2,2,0,-2,-2,0,-1,-2,-1,-2,-1,1,-1,-1,0,1,2,2,2,0,1 # rand_dense r=2
-2,2,1,2,0,0,0,1,2,-2,-2,1,2,-1,0,1,2,0,-2,0,-2,2,1,0,1 # rand_dense r=2
-1,-1,2,2,0,1,0,2,1,-2,1,1,-2,1,0,1,-2,-2,1,-2,2,-1,-1,-1,1 # rand_dense r=4
-2,1,1,2,-2,1,2,2,-1,-1,1,-1,-1,-2,-2,-2,-2,0,0,-2,-2,-1,1,-1,1 # rand_dense r=4
-1,-2,-1,-2,2,1,-2,-1,0,-1,-2,0,-2,-1,1,0,-1,-2,-2,-2,1,1,1,0,1 # rand_dense r=2
1,0,-2,0,1,-2,1,-1,1,1,0,-2,-2,2,-2,1,2,0,1,2,-2,0,2,-2,1 # rand_dense r=2
2,0,2,1,0,1,-1,-1,0,-2,-2,1,1,-1,2,1,0,2,-1,2,-1,2,-2,2,1 # rand_dense r=2
2,-1,-1,2,0,-1,-1,-1,1,-1,2,-2,0,2,-2,0,2,-1,0,-1,0,-2,-1,1,1 # rand_dense r=2
2,-2,-1,-2,1,1,-1,1,1,0,1,1,1,-2,-2,-2,2,-1,0,-1,-2,2,1,0,1 # rand_dense r=2
-2,-2,-2,-2,1,-1,-2,2,1,-1,-1,2,0,-2,0,2,2,2,1,-2,1,-1,-2,-2,1 # rand_dense r=2
1,2,2,-1,-2,-2,2,2,-2,1,-2,1,1,-1,1,-1,0,-1,0,1,2,1,0,0,1 # rand_dense r=0
-1,0,2,1,-2,0,-2,1,0,-2,0,-1,0,-1,-2,-2,-2,2,2,1,-1,0,1,-1,1 # rand_dense r=2
1,1,0,2,-1,0,0,0,1,1,0,1,0,1,0,-1,0,0,1,1,-1,1,1,2,1 # rand_dense r=2
2,1,0,0,0,2,-2,2,-2,1,-1,-1,-1,0,1,-2,0,2,-1,0,-2,-1,2,2,1 # rand_dense r=2
2,2,-1,0,2,0,-1,2,2,1,1,0,1,2,1,-1,1,-2,2,1,1,0,-1,-2,1 # rand_dense r=2
-2,0,-2,-2,-1,2,0,1,0,2,-1,-1,-1,-1,0,-2,0,-2,-2,0,-1,2,-1,-2,1 # rand_dense r=2
-1,-1,-1,1,0,2,-2,0,1,0,-2,1,-2,-1,0,-1,2,1,2,-1,0,0,0,0,1 # rand_dense r=2
-1,0,1,-1,0,-1,2,0,0,-2,-1,-2,-1,1,0,-1,-2,0,-1,0,-1,-1,1,2,1 # rand_dense r=4
-1,1,0,-2,-2,2,-2,2,-1,1,1,2,2,1,2,2,2,1,1,-1,-1,-2,0,-1,1 # rand_dense r=4
-1,2,0,1,2,-2,0,0,-2,-1,-1,2,-1,-1,1,-2,-1,2,-2,2,2,2,-1,0,1 # rand_dense r=2
2,2,-1,-1,2,2,-2,-1,0,0,-1,0,-2,-1,-1,1,2,-1,0,-2,0,0,1,-1,1 # rand_dense r=4
2,0,0,1,-2,-2,-1,2,-2,0,0,2,0,-1,2,-1,-2,2,0,1,-1,1,1,0,1 # rand_dense r=2
-2,2,1,-2,-2,1,2,2,2,-1,2,2,0,0,-2,-2,-1,-1,1,-2,2,-1,2,0,1 # rand_dense r=2
2,-1,-1,0,0,-2,-2,2,-1,0,-1,2,-1,-1,-1,1,0,1,-2,2,1,1,0,1,1 # rand_dense r=4
2,1,0,1,-1,1,0,2,-2,-2,2,0,2,-1,-2,-2,1,0,1,2,2,-1,-1,0,1 # rand_dense r=2
1,1,0,-2,-1,-1,2,2,-2,2,1,-2,1,-1,-1,2,0,2,1,2,2,2,-1,0,1 # rand_dense r=2
1,-2,1,0,-1,1,-2,-2,0,0,-2,-1,0,-1,0,-2,-2,-2,2,-2,0,0,2,0,1 # rand_dense r=2
1,2,0,-1,-2,1,0,2,1,-1,-2,2,-1,-2,0,0,1,2,1,2,0,0,1,-1,1 # rand_dense r=2
-2,2,2,1,1,-2,-2,0,0,-1,2,2,2,-2,1,0,-2,0,0,0,0,0,-1,0,1 # rand_dense r=2
-2,2,0,2,1,0,-1,-1,2,-1,1,1,-2,1,-2,-2,0,0,-1,0,0,1,-2,-1,1 # rand_dense r=4
2,0,-1,-2,2,-1,0,1,-2,-2,-1,-1,0,-1,-1,0,-1,1,1,1,-1,-2,0,0,1 # rand_dense r=2
-2,0,-2,1,2,-1,-2,2,1,-1,2,0,-2,-1,1,2,0,-2,-1,0,-1,1,1,2,1 # rand_dense r=2
-2,-1,0,2,2,2,-2,0,-1,2,-1,0,2,0,0,-1,-2,-1,1,0,-2,2,0,-2,1 # rand_dense r=2
-1,-1,0,-1,2,-2,1,-1,1,0,2,-1,-1,2,2,2,1,2,-1,1,2,1,1,0,1 # rand_dense r=2
-2,0,0,-1,-2,2,1,-1,1,1,-1,1,0,-2,2,0,2,2,0,-1,1,1,-1,-2,1 # rand_dense r=4
-1,-2,1,0,2,0,-1,-1,0,-1,2,-1,0,0,-2,-2,0,2,2,2,0,2,-2,-2,1 # rand_dense r=6
1,-1,-2,-2,1,1,1,-2,-2,-1,1,-2,1,1,-2,1,0,-2,1,2,1,0,-2,-2,1 # rand_dense r=2
-1,0,-1,2,1,1,-2,2,-2,-1,2,1,-1,0,2,0,-1,2,-2,0,-1,2,1,-1,1 # rand_dense r=2
1,-1,0,0,-1,1,0,2,-2,-1,2,-1,-1,2,-1,0,2,-2,1,0,1,-2,-2,0,1 # rand_dense r=2
2,2,0,-2,0,0,-1,0,-2,2,1,-1,-2,-1,0,-1,0,-1,1,-2,1,1,-2,-2,1 # rand_dense r=2
-2,0,-1,-1,0,0,1,1,2,-2,-1,1,-1,-1,0,0,0,1,1,-2,-2,2,-1,-1,1 # rand_dense r=2
1,1,-1,-2,-1,-2,-2,-1,-2,1,-1,0,1,-2,-1,1,0,-2,1,2,-2,0,-1,2,1 # rand_dense r=4
-2,1,-2,0,0,0,1,0,0,0,-1,1,1,-2,2,-2,2,-2,1,-2,0,1,-1,-1,1 # rand_dense r=2
2,2,-1,-1,0,0,0,-1,-1,0,-1,0,1,-1,2,-1,1,-1,0,0,-2,1,-1,0,1 # rand_dense r=4
-2,-2,2,-2,-2,0,2,-1,2,-2,2,-1,2,0,-2,-2,-2,-2,-1,0,-2,1,0,0,1 # rand_dense r=2
-1,-1,-2,-2,1,-2,1,-1,-2,1,-1,0,2,1,-2,1,-1,-2,-1,-2,-2,1,0,-2,1 # rand_dense r=2
-1,-1,-1,2,0,2,-1,-2,1,-2,-2,2,-1,2,1,1,0,2,1,-1,0,0,-1,1,1 # rand_dense r=2
2,0,2,-2,2,-1,-1,-1,1,-1,1,0,1,-2,2,0,2,0,2,-1,1,-1,-1,0,1 # rand_dense r=0
-2,-2,-1,2,0,2,2,-1,2,-1,1,0,2,1,-2,1,1,-1,2,-1,1,1,0,0,1 # rand_dense r=2
-2,-2,0,1,2,-2,-1,0,-2,1,2,1,2,1,-1,-1,0,-2,0,0,1,1,0,-2,1 # rand_dense r=2
1,-1,-2,0,2,1,0,-2,-2,-1,-1,-2,1,0,-1,-2,-1,2,-1,-2,-2,0,0,0,1 # rand_dense r=2
-2,2,0,0,0,-2,-2,-1,-2,-1,-1,-1,0,-2,1,1,1,-2,1,0,-1,1,-1,-2,1 # rand_dense r=2
-1,1,1,-2,-2,1,-2,1,2,-2,0,-1,2,0,-1,0,0,2,2,0,-2,2,-1,1,1 # rand_dense r=2
2,-2,0,1,2,-2,1,-1,2,1,-1,2,-1,2,0,-1,0,1,2,-2,-1,-2,0,2,1 # rand_dense r=0
2,-1,-1,-2,2,-1,-1,2,2,-2,1,0,-1,1,1,-1,1,1,0,2,2,2,-2,1,1 # rand_dense r=2
2,-2,-1,0,1,-2,-2,2,1,0,-2,0,-1,-2,-1,-2,-1,2,-1,0,-1,-2,1,1,1 # rand_dense r=2
-2,0,1,0,-1,-2,2,1,-2,2,-2,2,-2,-1,2,1,-2,-1,1,0,-1,-1,1,0,1 # rand_dense r=2
-2,2,0,1,2,0,1,-1,1,1,2,-2,-1,-2,0,2,0,1,2,2,-2,0,-2,-1,1 # rand_dense r=4
-1,-2,-2,0,2,0,1,0,0,2,-2,1,2,-1,1,2,2,2,2,-1,2,1,1,-2,1 # rand_dense r=2
-1,-1,2,0,2,1,2,0,1,0,0,-2,-1,2,-2,-1,2,2,0,-2,0,-1,-1,1,1 # rand_dense r=2
1,1,1,1,0,0,2,-2,0,1,0,1,-2,0,-2,2,1,2,-2,-1,0,-1,-2,0,1 # rand_dense r=4
1,0,2,2,-1,2,0,-2,0,-1,0,1,-1,0,0,-2,-1,-1,0,1,1,1,-2,2,1 # rand_dense r=2
2,2,-1,0,0,-2,1,0,-2,0,-1,2,1,-2,2,0,1,1,0,2,0,2,-2,2,1 # rand_dense r=2
2,2,-1,0,0,2,0,-1,1,-1,-2,-2,2,2,-2,-1,0,2,-2,2,-2,-2,-2,0,1 # rand_dense r=4
-2,2,2,1,1,-1,-1,2,-2,2,1,-1,0,-1,-1,-2,-1,0,0,0,2,2,-2,0,1 # rand_dense r=2
-1,0,-2,-2,-1,1,1,0,0,-1,1,2,2,-1,-1,-2,1,2,2,-1,-2,0,2,1,1 # rand_dense r=2
1,-2,1,-1,-1,0,1,0,-2,0,0,2,-1,2,0,-2,2,-2,0,-1,2,-1,0,-2,1 # rand_dense r=2
-8,-6,0,0,0,0,0,0,0,0,0,0,0,0,0,0,0,0,0,0,0,0,0,0,1 # tri a=-6 k=1 b=-8 r=2
-6,-6,0,0,0,0,0,0,0,0,0,0,0,0,0,0,0,0,0,0,0,0,0,0,1 # tri a=-6 k=1 b=-6 r=2
-5,-6,0,0,0,0,0,0,0,0,0,0,0,0,0,0,0,0,0,0,0,0,0,0,1 # tri a=-6 k=1 b=-5 r=2
-4,-6,0,0,0,0,0,0,0,0,0,0,0,0,0,0,0,0,0,0,0,0,0,0,1 # tri a=-6 k=1 b=-4 r=2
-3,-6,0,0,0,0,0,0,0,0,0,0,0,0,0,0,0,0,0,0,0,0,0,0,1 # tri a=-6 k=1 b=-3 r=2
-2,-6,0,0,0,0,0,0,0,0,0,0,0,0,0,0,0,0,0,0,0,0,0,0,1 # tri a=-6 k=1 b=-2 r=2
-1,-6,0,0,0,0,0,0,0,0,0,0,0,0,0,0,0,0,0,0,0,0,0,0,1 # tri a=-6 k=1 b=-1 r=2
1,-6,0,0,0,0,0,0,0,0,0,0,0,0,0,0,0,0,0,0,0,0,0,0,1 # tri a=-6 k=1 b=1 r=2
2,-6,0,0,0,0,0,0,0,0,0,0,0,0,0,0,0,0,0,0,0,0,0,0,1 # tri a=-6 k=1 b=2 r=2
3,-6,0,0,0,0,0,0,0,0,0,0,0,0,0,0,0,0,0,0,0,0,0,0,1 # tri a=-6 k=1 b=3 r=2
4,-6,0,0,0,0,0,0,0,0,0,0,0,0,0,0,0,0,0,0,0,0,0,0,1 # tri a=-6 k=1 b=4 r=2
6,-6,0,0,0,0,0,0,0,0,0,0,0,0,0,0,0,0,0,0,0,0,0,0,1 # tri a=-6 k=1 b=6 r=0
7,-6,0,0,0,0,0,0,0,0,0,0,0,0,0,0,0,0,0,0,0,0,0,0,1 # tri a=-6 k=1 b=7 r=0
8,-6,0,0,0,0,0,0,0,0,0,0,0,0,0,0,0,0,0,0,0,0,0,0,1 # tri a=-6 k=1 b=8 r=0
-8,-5,0,0,0,0,0,0,0,0,0,0,0,0,0,0,0,0,0,0,0,0,0,0,1 # tri a=-5 k=1 b=-8 r=2
-7,-5,0,0,0,0,0,0,0,0,0,0,0,0,0,0,0,0,0,0,0,0,0,0,1 # tri a=-5 k=1 b=-7 r=2
-5,-5,0,0,0,0,0,0,0,0,0,0,0,0,0,0,0,0,0,0,0,0,0,0,1 # tri a=-5 k=1 b=-5 r=2
-4,-5,0,0,0,0,0,0,0,0,0,0,0,0,0,0,0,0,0,0,0,0,0,0,1 # tri a=-5 k=1 b=-4 r=2
-3,-5,0,0,0,0,0,0,0,0,0,0,0,0,0,0,0,0,0,0,0,0,0,0,1 # tri a=-5 k=1 b=-3 r=2
-2,-5,0,0,0,0,0,0,0,0,0,0,0,0,0,0,0,0,0,0,0,0,0,0,1 # tri a=-5 k=1 b=-2 r=2
-1,-5,0,0,0,0,0,0,0,0,0,0,0,0,0,0,0,0,0,0,0,0,0,0,1 # tri a=-5 k=1 b=-1 r=2
1,-5,0,0,0,0,0,0,0,0,0,0,0,0,0,0,0,0,0,0,0,0,0,0,1 # tri a=-5 k=1 b=1 r=2
2,-5,0,0,0,0,0,0,0,0,0,0,0,0,0,0,0,0,0,0,0,0,0,0,1 # tri a=-5 k=1 b=2 r=2
3,-5,0,0,0,0,0,0,0,0,0,0,0,0,0,0,0,0,0,0,0,0,0,0,1 # tri a=-5 k=1 b=3 r=2
5,-5,0,0,0,0,0,0,0,0,0,0,0,0,0,0,0,0,0,0,0,0,0,0,1 # tri a=-5 k=1 b=5 r=0
6,-5,0,0,0,0,0,0,0,0,0,0,0,0,0,0,0,0,0,0,0,0,0,0,1 # tri a=-5 k=1 b=6 r=0
7,-5,0,0,0,0,0,0,0,0,0,0,0,0,0,0,0,0,0,0,0,0,0,0,1 # tri a=-5 k=1 b=7 r=0
8,-5,0,0,0,0,0,0,0,0,0,0,0,0,0,0,0,0,0,0,0,0,0,0,1 # tri a=-5 k=1 b=8 r=0
-8,-4,0,0,0,0,0,0,0,0,0,0,0,0,0,0,0,0,0,0,0,0,0,0,1 # tri a=-4 k=1 b=-8 r=2
-7,-4,0,0,0,0,0,0,0,0,0,0,0,0,0,0,0,0,0,0,0,0,0,0,1 # tri a=-4 k=1 b=-7 r=2
-6,-4,0,0,0,0,0,0,0,0,0,0,0,0,0,0,0,0,0,0,0,0,0,0,1 # tri a=-4 k=1 b=-6 r=2
-4,-4,0,0,0,0,0,0,0,0,0,0,0,0,0,0,0,0,0,0,0,0,0,0,1 # tri a=-4 k=1 b=-4 r=2
-3,-4,0,0,0,0,0,0,0,0,0,0,0,0,0,0,0,0,0,0,0,0,0,0,1 # tri a=-4 k=1 b=-3 r=2
-2,-4,0,0,0,0,0,0,0,0,0,0,0,0,0,0,0,0,0,0,0,0,0,0,1 # tri a=-4 k=1 b=-2 r=2
-1,-4,0,0,0,0,0,0,0,0,0,0,0,0,0,0,0,0,0,0,0,0,0,0,1 # tri a=-4 k=1 b=-1 r=2
1,-4,0,0,0,0,0,0,0,0,0,0,0,0,0,0,0,0,0,0,0,0,0,0,1 # tri a=-4 k=1 b=1 r=2
2,-4,0,0,0,0,0,0,0,0,0,0,0,0,0,0,0,0,0,0,0,0,0,0,1 # tri a=-4 k=1 b=2 r=2
4,-4,0,0,0,0,0,0,0,0,0,0,0,0,0,0,0,0,0,0,0,0,0,0,1 # tri a=-4 k=1 b=4 r=0
5,-4,0,0,0,0,0,0,0,0,0,0,0,0,0,0,0,0,0,0,0,0,0,0,1 # tri a=-4 k=1 b=5 r=0
6,-4,0,0,0,0,0,0,0,0,0,0,0,0,0,0,0,0,0,0,0,0,0,0,1 # tri a=-4 k=1 b=6 r=0
7,-4,0,0,0,0,0,0,0,0,0,0,0,0,0,0,0,0,0,0,0,0,0,0,1 # tri a=-4 k=1 b=7 r=0
8,-4,0,0,0,0,0,0,0,0,0,0,0,0,0,0,0,0,0,0,0,0,0,0,1 # tri a=-4 k=1 b=8 r=0
-8,-3,0,0,0,0,0,0,0,0,0,0,0,0,0,0,0,0,0,0,0,0,0,0,1 # tri a=-3 k=1 b=-8 r=2
-7,-3,0,0,0,0,0,0,0,0,0,0,0,0,0,0,0,0,0,0,0,0,0,0,1 # tri a=-3 k=1 b=-7 r=2
-6,-3,0,0,0,0,0,0,0,0,0,0,0,0,0,0,0,0,0,0,0,0,0,0,1 # tri a=-3 k=1 b=-6 r=2
-5,-3,0,0,0,0,0,0,0,0,0,0,0,0,0,0,0,0,0,0,0,0,0,0,1 # tri a=-3 k=1 b=-5 r=2
-3,-3,0,0,0,0,0,0,0,0,0,0,0,0,0,0,0,0,0,0,0,0,0,0,1 # tri a=-3 k=1 b=-3 r=2
-2,-3,0,0,0,0,0,0,0,0,0,0,0,0,0,0,0,0,0,0,0,0,0,0,1 # tri a=-3 k=1 b=-2 r=2
-1,-3,0,0,0,0,0,0,0,0,0,0,0,0,0,0,0,0,0,0,0,0,0,0,1 # tri a=-3 k=1 b=-1 r=2
1,-3,0,0,0,0,0,0,0,0,0,0,0,0,0,0,0,0,0,0,0,0,0,0,1 # tri a=-3 k=1 b=1 r=2
3,-3,0,0,0,0,0,0,0,0,0,0,0,0,0,0,0,0,0,0,0,0,0,0,1 # tri a=-3 k=1 b=3 r=0
4,-3,0,0,0,0,0,0,0,0,0,0,0,0,0,0,0,0,0,0,0,0,0,0,1 # tri a=-3 k=1 b=4 r=0
5,-3,0,0,0,0,0,0,0,0,0,0,0,0,0,0,0,0,0,0,0,0,0,0,1 # tri a=-3 k=1 b=5 r=0
6,-3,0,0,0,0,0,0,0,0,0,0,0,0,0,0,0,0,0,0,0,0,0,0,1 # tri a=-3 k=1 b=6 r=0
7,-3,0,0,0,0,0,0,0,0,0,0,0,0,0,0,0,0,0,0,0,0,0,0,1 # tri a=-3 k=1 b=7 r=0
8,-3,0,0,0,0,0,0,0,0,0,0,0,0,0,0,0,0,0,0,0,0,0,0,1 # tri a=-3 k=1 b=8 r=0
-8,-2,0,0,0,0,0,0,0,0,0,0,0,0,0,0,0,0,0,0,0,0,0,0,1 # tri a=-2 k=1 b=-8 r=2
-7,-2,0,0,0,0,0,0,0,0,0,0,0,0,0,0,0,0,0,0,0,0,0,0,1 # tri a=-2 k=1 b=-7 r=2
-6,-2,0,0,0,0,0,0,0,0,0,0,0,0,0,0,0,0,0,0,0,0,0,0,1 # tri a=-2 k=1 b=-6 r=2
-5,-2,0,0,0,0,0,0,0,0,0,0,0,0,0,0,0,0,0,0,0,0,0,0,1 # tri a=-2 k=1 b=-5 r=2
-4,-2,0,0,0,0,0,0,0,0,0,0,0,0,0,0,0,0,0,0,0,0,0,0,1 # tri a=-2 k=1 b=-4 r=2
-2,-2,0,0,0,0,0,0,0,0,0,0,0,0,0,0,0,0,0,0,0,0,0,0,1 # tri a=-2 k=1 b=-2 r=2
-1,-2,0,0,0,0,0,0,0,0,0,0,0,0,0,0,0,0,0,0,0,0,0,0,1 # tri a=-2 k=1 b=-1 r=2
2,-2,0,0,0,0,0,0,0,0,0,0,0,0,0,0,0,0,0,0,0,0,0,0,1 # tri a=-2 k=1 b=2 r=0
3,-2,0,0,0,0,0,0,0,0,0,0,0,0,0,0,0,0,0,0,0,0,0,0,1 # tri a=-2 k=1 b=3 r=0
4,-2,0,0,0,0,0,0,0,0,0,0,0,0,0,0,0,0,0,0,0,0,0,0,1 # tri a=-2 k=1 b=4 r=0
5,-2,0,0,0,0,0,0,0,0,0,0,0,0,0,0,0,0,0,0,0,0,0,0,1 # tri a=-2 k=1 b=5 r=0
6,-2,0,0,0,0,0,0,0,0,0,0,0,0,0,0,0,0,0,0,0,0,0,0,1 # tri a=-2 k=1 b=6 r=0
7,-2,0,0,0,0,0,0,0,0,0,0,0,0,0,0,0,0,0,0,0,0,0,0,1 # tri a=-2 k=1 b=7 r=0
8,-2,0,0,0,0,0,0,0,0,0,0,0,0,0,0,0,0,0,0,0,0,0,0,1 # tri a=-2 k=1 b=8 r=0
-8,-1,0,0,0,0,0,0,0,0,0,0,0,0,0,0,0,0,0,0,0,0,0,0,1 # tri a=-1 k=1 b=-8 r=2
-7,-1,0,0,0,0,0,0,0,0,0,0,0,0,0,0,0,0,0,0,0,0,0,0,1 # tri a=-1 k=1 b=-7 r=2
-6,-1,0,0,0,0,0,0,0,0,0,0,0,0,0,0,0,0,0,0,0,0,0,0,1 # tri a=-1 k=1 b=-6 r=2
-5,-1,0,0,0,0,0,0,0,0,0,0,0,0,0,0,0,0,0,0,0,0,0,0,1 # tri a=-1 k=1 b=-5 r=2
-4,-1,0,0,0,0,0,0,0,0,0,0,0,0,0,0,0,0,0,0,0,0,0,0,1 # tri a=-1 k=1 b=-4 r=2
-3,-1,0,0,0,0,0,0,0,0,0,0,0,0,0,0,0,0,0,0,0,0,0,0,1 # tri a=-1 k=1 b=-3 r=2
-1,-1,0,0,0,0,0,0,0,0,0,0,0,0,0,0,0,0,0,0,0,0,0,0,1 # tri a=-1 k=1 b=-1 r=2
1,-1,0,0,0,0,0,0,0,0,0,0,0,0,0,0,0,0,0,0,0,0,0,0,1 # tri a=-1 k=1 b=1 r=0
2,-1,0,0,0,0,0,0,0,0,0,0,0,0,0,0,0,0,0,0,0,0,0,0,1 # tri a=-1 k=1 b=2 r=0
3,-1,0,0,0,0,0,0,0,0,0,0,0,0,0,0,0,0,0,0,0,0,0,0,1 # tri a=-1 k=1 b=3 r=0
4,-1,0,0,0,0,0,0,0,0,0,0,0,0,0,0,0,0,0,0,0,0,0,0,1 # tri a=-1 k=1 b=4 r=0
5,-1,0,0,0,0,0,0,0,0,0,0,0,0,0,0,0,0,0,0,0,0,0,0,1 # tri a=-1 k=1 b=5 r=0
6,-1,0,0,0,0,0,0,0,0,0,0,0,0,0,0,0,0,0,0,0,0,0,0,1 # tri a=-1 k=1 b=6 r=0
7,-1,0,0,0,0,0,0,0,0,0,0,0,0,0,0,0,0,0,0,0,0,0,0,1 # tri a=-1 k=1 b=7 r=0
8,-1,0,0,0,0,0,0,0,0,0,0,0,0,0,0,0,0,0,0,0,0,0,0,1 # tri a=-1 k=1 b=8 r=0
-8,1,0,0,0,0,0,0,0,0,0,0,0,0,0,0,0,0,0,0,0,0,0,0,1 # tri a=1 k=1 b=-8 r=2
-7,1,0,0,0,0,0,0,0,0,0,0,0,0,0,0,0,0,0,0,0,0,0,0,1 # tri a=1 k=1 b=-7 r=2
-6,1,0,0,0,0,0,0,0,0,0,0,0,0,0,0,0,0,0,0,0,0,0,0,1 # tri a=1 k=1 b=-6 r=2
-5,1,0,0,0,0,0,0,0,0,0,0,0,0,0,0,0,0,0,0,0,0,0,0,1 # tri a=1 k=1 b=-5 r=2
-4,1,0,0,0,0,0,0,0,0,0,0,0,0,0,0,0,0,0,0,0,0,0,0,1 # tri a=1 k=1 b=-4 r=2
-3,1,0,0,0,0,0,0,0,0,0,0,0,0,0,0,0,0,0,0,0,0,0,0,1 # tri a=1 k=1 b=-3 r=2
-1,1,0,0,0,0,0,0,0,0,0,0,0,0,0,0,0,0,0,0,0,0,0,0,1 # tri a=1 k=1 b=-1 r=2
1,1,0,0,0,0,0,0,0,0,0,0,0,0,0,0,0,0,0,0,0,0,0,0,1 # tri a=1 k=1 b=1 r=0
2,1,0,0,0,0,0,0,0,0,0,0,0,0,0,0,0,0,0,0,0,0,0,0,1 # tri a=1 k=1 b=2 r=0
3,1,0,0,0,0,0,0,0,0,0,0,0,0,0,0,0,0,0,0,0,0,0,0,1 # tri a=1 k=1 b=3 r=0
4,1,0,0,0,0,0,0,0,0,0,0,0,0,0,0,0,0,0,0,0,0,0,0,1 # tri a=1 k=1 b=4 r=0
5,1,0,0,0,0,0,0,0,0,0,0,0,0,0,0,0,0,0,0,0,0,0,0,1 # tri a=1 k=1 b=5 r=0
6,1,0,0,0,0,0,0,0,0,0,0,0,0,0,0,0,0,0,0,0,0,0,0,1 # tri a=1 k=1 b=6 r=0
7,1,0,0,0,0,0,0,0,0,0,0,0,0,0,0,0,0,0,0,0,0,0,0,1 # tri a=1 k=1 b=7 r=0
8,1,0,0,0,0,0,0,0,0,0,0,0,0,0,0,0,0,0,0,0,0,0,0,1 # tri a=1 k=1 b=8 r=0
-8,2,0,0,0,0,0,0,0,0,0,0,0,0,0,0,0,0,0,0,0,0,0,0,1 # tri a=2 k=1 b=-8 r=2
-7,2,0,0,0,0,0,0,0,0,0,0,0,0,0,0,0,0,0,0,0,0,0,0,1 # tri a=2 k=1 b=-7 r=2
-6,2,0,0,0,0,0,0,0,0,0,0,0,0,0,0,0,0,0,0,0,0,0,0,1 # tri a=2 k=1 b=-6 r=2
-5,2,0,0,0,0,0,0,0,0,0,0,0,0,0,0,0,0,0,0,0,0,0,0,1 # tri a=2 k=1 b=-5 r=2
-4,2,0,0,0,0,0,0,0,0,0,0,0,0,0,0,0,0,0,0,0,0,0,0,1 # tri a=2 k=1 b=-4 r=2
-2,2,0,0,0,0,0,0,0,0,0,0,0,0,0,0,0,0,0,0,0,0,0,0,1 # tri a=2 k=1 b=-2 r=2
-1,2,0,0,0,0,0,0,0,0,0,0,0,0,0,0,0,0,0,0,0,0,0,0,1 # tri a=2 k=1 b=-1 r=2
2,2,0,0,0,0,0,0,0,0,0,0,0,0,0,0,0,0,0,0,0,0,0,0,1 # tri a=2 k=1 b=2 r=0
3,2,0,0,0,0,0,0,0,0,0,0,0,0,0,0,0,0,0,0,0,0,0,0,1 # tri a=2 k=1 b=3 r=0
4,2,0,0,0,0,0,0,0,0,0,0,0,0,0,0,0,0,0,0,0,0,0,0,1 # tri a=2 k=1 b=4 r=0
5,2,0,0,0,0,0,0,0,0,0,0,0,0,0,0,0,0,0,0,0,0,0,0,1 # tri a=2 k=1 b=5 r=0
6,2,0,0,0,0,0,0,0,0,0,0,0,0,0,0,0,0,0,0,0,0,0,0,1 # tri a=2 k=1 b=6 r=0
7,2,0,0,0,0,0,0,0,0,0,0,0,0,0,0,0,0,0,0,0,0,0,0,1 # tri a=2 k=1 b=7 r=0
8,2,0,0,0,0,0,0,0,0,0,0,0,0,0,0,0,0,0,0,0,0,0,0,1 # tri a=2 k=1 b=8 r=0
-8,3,0,0,0,0,0,0,0,0,0,0,0,0,0,0,0,0,0,0,0,0,0,0,1 # tri a=3 k=1 b=-8 r=2
-7,3,0,0,0,0,0,0,0,0,0,0,0,0,0,0,0,0,0,0,0,0,0,0,1 # tri a=3 k=1 b=-7 r=2
-6,3,0,0,0,0,0,0,0,0,0,0,0,0,0,0,0,0,0,0,0,0,0,0,1 # tri a=3 k=1 b=-6 r=2
-5,3,0,0,0,0,0,0,0,0,0,0,0,0,0,0,0,0,0,0,0,0,0,0,1 # tri a=3 k=1 b=-5 r=2
-3,3,0,0,0,0,0,0,0,0,0,0,0,0,0,0,0,0,0,0,0,0,0,0,1 # tri a=3 k=1 b=-3 r=2
-2,3,0,0,0,0,0,0,0,0,0,0,0,0,0,0,0,0,0,0,0,0,0,0,1 # tri a=3 k=1 b=-2 r=2
-1,3,0,0,0,0,0,0,0,0,0,0,0,0,0,0,0,0,0,0,0,0,0,0,1 # tri a=3 k=1 b=-1 r=2
1,3,0,0,0,0,0,0,0,0,0,0,0,0,0,0,0,0,0,0,0,0,0,0,1 # tri a=3 k=1 b=1 r=2
3,3,0,0,0,0,0,0,0,0,0,0,0,0,0,0,0,0,0,0,0,0,0,0,1 # tri a=3 k=1 b=3 r=0
4,3,0,0,0,0,0,0,0,0,0,0,0,0,0,0,0,0,0,0,0,0,0,0,1 # tri a=3 k=1 b=4 r=0
5,3,0,0,0,0,0,0,0,0,0,0,0,0,0,0,0,0,0,0,0,0,0,0,1 # tri a=3 k=1 b=5 r=0
6,3,0,0,0,0,0,0,0,0,0,0,0,0,0,0,0,0,0,0,0,0,0,0,1 # tri a=3 k=1 b=6 r=0
7,3,0,0,0,0,0,0,0,0,0,0,0,0,0,0,0,0,0,0,0,0,0,0,1 # tri a=3 k=1 b=7 r=0
8,3,0,0,0,0,0,0,0,0,0,0,0,0,0,0,0,0,0,0,0,0,0,0,1 # tri a=3 k=1 b=8 r=0
-8,4,0,0,0,0,0,0,0,0,0,0,0,0,0,0,0,0,0,0,0,0,0,0,1 # tri a=4 k=1 b=-8 r=2
-7,4,0,0,0,0,0,0,0,0,0,0,0,0,0,0,0,0,0,0,0,0,0,0,1 # tri a=4 k=1 b=-7 r=2
-6,4,0,0,0,0,0,0,0,0,0,0,0,0,0,0,0,0,0,0,0,0,0,0,1 # tri a=4 k=1 b=-6 r=2
-4,4,0,0,0,0,0,0,0,0,0,0,0,0,0,0,0,0,0,0,0,0,0,0,1 # tri a=4 k=1 b=-4 r=2
-3,4,0,0,0,0,0,0,0,0,0,0,0,0,0,0,0,0,0,0,0,0,0,0,1 # tri a=4 k=1 b=-3 r=2
-2,4,0,0,0,0,0,0,0,0,0,0,0,0,0,0,0,0,0,0,0,0,0,0,1 # tri a=4 k=1 b=-2 r=2
-1,4,0,0,0,0,0,0,0,0,0,0,0,0,0,0,0,0,0,0,0,0,0,0,1 # tri a=4 k=1 b=-1 r=2
1,4,0,0,0,0,0,0,0,0,0,0,0,0,0,0,0,0,0,0,0,0,0,0,1 # tri a=4 k=1 b=1 r=2
2,4,0,0,0,0,0,0,0,0,0,0,0,0,0,0,0,0,0,0,0,0,0,0,1 # tri a=4 k=1 b=2 r=2
4,4,0,0,0,0,0,0,0,0,0,0,0,0,0,0,0,0,0,0,0,0,0,0,1 # tri a=4 k=1 b=4 r=0
5,4,0,0,0,0,0,0,0,0,0,0,0,0,0,0,0,0,0,0,0,0,0,0,1 # tri a=4 k=1 b=5 r=0
6,4,0,0,0,0,0,0,0,0,0,0,0,0,0,0,0,0,0,0,0,0,0,0,1 # tri a=4 k=1 b=6 r=0
7,4,0,0,0,0,0,0,0,0,0,0,0,0,0,0,0,0,0,0,0,0,0,0,1 # tri a=4 k=1 b=7 r=0
8,4,0,0,0,0,0,0,0,0,0,0,0,0,0,0,0,0,0,0,0,0,0,0,1 # tri a=4 k=1 b=8 r=0
-8,5,0,0,0,0,0,0,0,0,0,0,0,0,0,0,0,0,0,0,0,0,0,0,1 # tri a=5 k=1 b=-8 r=2
-7,5,0,0,0,0,0,0,0,0,0,0,0,0,0,0,0,0,0,0,0,0,0,0,1 # tri a=5 k=1 b=-7 r=2
-5,5,0,0,0,0,0,0,0,0,0,0,0,0,0,0,0,0,0,0,0,0,0,0,1 # tri a=5 k=1 b=-5 r=2
-4,5,0,0,0,0,0,0,0,0,0,0,0,0,0,0,0,0,0,0,0,0,0,0,1 # tri a=5 k=1 b=-4 r=2
-3,5,0,0,0,0,0,0,0,0,0,0,0,0,0,0,0,0,0,0,0,0,0,0,1 # tri a=5 k=1 b=-3 r=2
-2,5,0,0,0,0,0,0,0,0,0,0,0,0,0,0,0,0,0,0,0,0,0,0,1 # tri a=5 k=1 b=-2 r=2
-1,5,0,0,0,0,0,0,0,0,0,0,0,0,0,0,0,0,0,0,0,0,0,0,1 # tri a=5 k=1 b=-1 r=2
1,5,0,0,0,0,0,0,0,0,0,0,0,0,0,0,0,0,0,0,0,0,0,0,1 # tri a=5 k=1 b=1 r=2
2,5,0,0,0,0,0,0,0,0,0,0,0,0,0,0,0,0,0,0,0,0,0,0,1 # tri a=5 k=1 b=2 r=2
3,5,0,0,0,0,0,0,0,0,0,0,0,0,0,0,0,0,0,0,0,0,0,0,1 # tri a=5 k=1 b=3 r=2
5,5,0,0,0,0,0,0,0,0,0,0,0,0,0,0,0,0,0,0,0,0,0,0,1 # tri a=5 k=1 b=5 r=0
6,5,0,0,0,0,0,0,0,0,0,0,0,0,0,0,0,0,0,0,0,0,0,0,1 # tri a=5 k=1 b=6 r=0
7,5,0,0,0,0,0,0,0,0,0,0,0,0,0,0,0,0,0,0,0,0,0,0,1 # tri a=5 k=1 b=7 r=0
8,5,0,0,0,0,0,0,0,0,0,0,0,0,0,0,0,0,0,0,0,0,0,0,1 # tri a=5 k=1 b=8 r=0
-8,6,0,0,0,0,0,0,0,0,0,0,0,0,0,0,0,0,0,0,0,0,0,0,1 # tri a=6 k=1 b=-8 r=2
-6,6,0,0,0,0,0,0,0,0,0,0,0,0,0,0,0,0,0,0,0,0,0,0,1 # tri a=6 k=1 b=-6 r=2
-5,6,0,0,0,0,0,0,0,0,0,0,0,0,0,0,0,0,0,0,0,0,0,0,1 # tri a=6 k=1 b=-5 r=2
-4,6,0,0,0,0,0,0,0,0,0,0,0,0,0,0,0,0,0,0,0,0,0,0,1 # tri a=6 k=1 b=-4 r=2
-3,6,0,0,0,0,0,0,0,0,0,0,0,0,0,0,0,0,0,0,0,0,0,0,1 # tri a=6 k=1 b=-3 r=2
-2,6,0,0,0,0,0,0,0,0,0,0,0,0,0,0,0,0,0,0,0,0,0,0,1 # tri a=6 k=1 b=-2 r=2
-1,6,0,0,0,0,0,0,0,0,0,0,0,0,0,0,0,0,0,0,0,0,0,0,1 # tri a=6 k=1 b=-1 r=2
1,6,0,0,0,0,0,0,0,0,0,0,0,0,0,0,0,0,0,0,0,0,0,0,1 # tri a=6 k=1 b=1 r=2
2,6,0,0,0,0,0,0,0,0,0,0,0,0,0,0,0,0,0,0,0,0,0,0,1 # tri a=6 k=1 b=2 r=2
3,6,0,0,0,0,0,0,0,0,0,0,0,0,0,0,0,0,0,0,0,0,0,0,1 # tri a=6 k=1 b=3 r=2
4,6,0,0,0,0,0,0,0,0,0,0,0,0,0,0,0,0,0,0,0,0,0,0,1 # tri a=6 k=1 b=4 r=2
6,6,0,0,0,0,0,0,0,0,0,0,0,0,0,0,0,0,0,0,0,0,0,0,1 # tri a=6 k=1 b=6 r=0
7,6,0,0,0,0,0,0,0,0,0,0,0,0,0,0,0,0,0,0,0,0,0,0,1 # tri a=6 k=1 b=7 r=0
8,6,0,0,0,0,0,0,0,0,0,0,0,0,0,0,0,0,0,0,0,0,0,0,1 # tri a=6 k=1 b=8 r=0
-8,0,-6,0,0,0,0,0,0,0,0,0,0,0,0,0,0,0,0,0,0,0,0,0,1 # tri a=-6 k=2 b=-8 r=2
-6,0,-6,0,0,0,0,0,0,0,0,0,0,0,0,0,0,0,0,0,0,0,0,0,1 # tri a=-6 k=2 b=-6 r=2
-5,0,-6,0,0,0,0,0,0,0,0,0,0,0,0,0,0,0,0,0,0,0,0,0,1 # tri a=-6 k=2 b=-5 r=2
-4,0,-6,0,0,0,0,0,0,0,0,0,0,0,0,0,0,0,0,0,0,0,0,0,1 # tri a=-6 k=2 b=-4 r=2
-3,0,-6,0,0,0,0,0,0,0,0,0,0,0,0,0,0,0,0,0,0,0,0,0,1 # tri a=-6 k=2 b=-3 r=2
-2,0,-6,0,0,0,0,0,0,0,0,0,0,0,0,0,0,0,0,0,0,0,0,0,1 # tri a=-6 k=2 b=-2 r=2
-1,0,-6,0,0,0,0,0,0,0,0,0,0,0,0,0,0,0,0,0,0,0,0,0,1 # tri a=-6 k=2 b=-1 r=2
1,0,-6,0,0,0,0,0,0,0,0,0,0,0,0,0,0,0,0,0,0,0,0,0,1 # tri a=-6 k=2 b=1 r=4
2,0,-6,0,0,0,0,0,0,0,0,0,0,0,0,0,0,0,0,0,0,0,0,0,1 # tri a=-6 k=2 b=2 r=4
3,0,-6,0,0,0,0,0,0,0,0,0,0,0,0,0,0,0,0,0,0,0,0,0,1 # tri a=-6 k=2 b=3 r=4
4,0,-6,0,0,0,0,0,0,0,0,0,0,0,0,0,0,0,0,0,0,0,0,0,1 # tri a=-6 k=2 b=4 r=4
6,0,-6,0,0,0,0,0,0,0,0,0,0,0,0,0,0,0,0,0,0,0,0,0,1 # tri a=-6 k=2 b=6 r=0
7,0,-6,0,0,0,0,0,0,0,0,0,0,0,0,0,0,0,0,0,0,0,0,0,1 # tri a=-6 k=2 b=7 r=0
8,0,-6,0,0,0,0,0,0,0,0,0,0,0,0,0,0,0,0,0,0,0,0,0,1 # tri a=-6 k=2 b=8 r=0
-8,0,-5,0,0,0,0,0,0,0,0,0,0,0,0,0,0,0,0,0,0,0,0,0,1 # tri a=-5 k=2 b=-8 r=2
-7,0,-5,0,0,0,0,0,0,0,0,0,0,0,0,0,0,0,0,0,0,0,0,0,1 # tri a=-5 k=2 b=-7 r=2
-5,0,-5,0,0,0,0,0,0,0,0,0,0,0,0,0,0,0,0,0,0,0,0,0,1 # tri a=-5 k=2 b=-5 r=2
-4,0,-5,0,0,0,0,0,0,0,0,0,0,0,0,0,0,0,0,0,0,0,0,0,1 # tri a=-5 k=2 b=-4 r=2
-3,0,-5,0,0,0,0,0,0,0,0,0,0,0,0,0,0,0,0,0,0,0,0,0,1 # tri a=-5 k=2 b=-3 r=2
-2,0,-5,0,0,0,0,0,0,0,0,0,0,0,0,0,0,0,0,0,0,0,0,0,1 # tri a=-5 k=2 b=-2 r=2
-1,0,-5,0,0,0,0,0,0,0,0,0,0,0,0,0,0,0,0,0,0,0,0,0,1 # tri a=-5 k=2 b=-1 r=2
1,0,-5,0,0,0,0,0,0,0,0,0,0,0,0,0,0,0,0,0,0,0,0,0,1 # tri a=-5 k=2 b=1 r=4
2,0,-5,0,0,0,0,0,0,0,0,0,0,0,0,0,0,0,0,0,0,0,0,0,1 # tri a=-5 k=2 b=2 r=4
3,0,-5,0,0,0,0,0,0,0,0,0,0,0,0,0,0,0,0,0,0,0,0,0,1 # tri a=-5 k=2 b=3 r=4
5,0,-5,0,0,0,0,0,0,0,0,0,0,0,0,0,0,0,0,0,0,0,0,0,1 # tri a=-5 k=2 b=5 r=0
6,0,-5,0,0,0,0,0,0,0,0,0,0,0,0,0,0,0,0,0,0,0,0,0,1 # tri a=-5 k=2 b=6 r=0
7,0,-5,0,0,0,0,0,0,0,0,0,0,0,0,0,0,0,0,0,0,0,0,0,1 # tri a=-5 k=2 b=7 r=0
8,0,-5,0,0,0,0,0,0,0,0,0,0,0,0,0,0,0,0,0,0,0,0,0,1 # tri a=-5 k=2 b=8 r=0
-8,0,-4,0,0,0,0,0,0,0,0,0,0,0,0,0,0,0,0,0,0,0,0,0,1 # tri a=-4 k=2 b=-8 r=2
-7,0,-4,0,0,0,0,0,0,0,0,0,0,0,0,0,0,0,0,0,0,0,0,0,1 # tri a=-4 k=2 b=-7 r=2
-6,0,-4,0,0,0,0,0,0,0,0,0,0,0,0,0,0,0,0,0,0,0,0,0,1 # tri a=-4 k=2 b=-6 r=2
-4,0,-4,0,0,0,0,0,0,0,0,0,0,0,0,0,0,0,0,0,0,0,0,0,1 # tri a=-4 k=2 b=-4 r=2
-3,0,-4,0,0,0,0,0,0,0,0,0,0,0,0,0,0,0,0,0,0,0,0,0,1 # tri a=-4 k=2 b=-3 r=2
-2,0,-4,0,0,0,0,0,0,0,0,0,0,0,0,0,0,0,0,0,0,0,0,0,1 # tri a=-4 k=2 b=-2 r=2
-1,0,-4,0,0,0,0,0,0,0,0,0,0,0,0,0,0,0,0,0,0,0,0,0,1 # tri a=-4 k=2 b=-1 r=2
1,0,-4,0,0,0,0,0,0,0,0,0,0,0,0,0,0,0,0,0,0,0,0,0,1 # tri a=-4 k=2 b=1 r=4
2,0,-4,0,0,0,0,0,0,0,0,0,0,0,0,0,0,0,0,0,0,0,0,0,1 # tri a=-4 k=2 b=2 r=4
4,0,-4,0,0,0,0,0,0,0,0,0,0,0,0,0,0,0,0,0,0,0,0,0,1 # tri a=-4 k=2 b=4 r=0
5,0,-4,0,0,0,0,0,0,0,0,0,0,0,0,0,0,0,0,0,0,0,0,0,1 # tri a=-4 k=2 b=5 r=0
6,0,-4,0,0,0,0,0,0,0,0,0,0,0,0,0,0,0,0,0,0,0,0,0,1 # tri a=-4 k=2 b=6 r=0
7,0,-4,0,0,0,0,0,0,0,0,0,0,0,0,0,0,0,0,0,0,0,0,0,1 # tri a=-4 k=2 b=7 r=0
8,0,-4,0,0,0,0,0,0,0,0,0,0,0,0,0,0,0,0,0,0,0,0,0,1 # tri a=-4 k=2 b=8 r=0
-8,0,-3,0,0,0,0,0,0,0,0,0,0,0,0,0,0,0,0,0,0,0,0,0,1 # tri a=-3 k=2 b=-8 r=2
-7,0,-3,0,0,0,0,0,0,0,0,0,0,0,0,0,0,0,0,0,0,0,0,0,1 # tri a=-3 k=2 b=-7 r=2
-6,0,-3,0,0,0,0,0,0,0,0,0,0,0,0,0,0,0,0,0,0,0,0,0,1 # tri a=-3 k=2 b=-6 r=2
-5,0,-3,0,0,0,0,0,0,0,0,0,0,0,0,0,0,0,0,0,0,0,0,0,1 # tri a=-3 k=2 b=-5 r=2
-3,0,-3,0,0,0,0,0,0,0,0,0,0,0,0,0,0,0,0,0,0,0,0,0,1 # tri a=-3 k=2 b=-3 r=2
-2,0,-3,0,0,0,0,0,0,0,0,0,0,0,0,0,0,0,0,0,0,0,0,0,1 # tri a=-3 k=2 b=-2 r=2
-1,0,-3,0,0,0,0,0,0,0,0,0,0,0,0,0,0,0,0,0,0,0,0,0,1 # tri a=-3 k=2 b=-1 r=2
1,0,-3,0,0,0,0,0,0,0,0,0,0,0,0,0,0,0,0,0,0,0,0,0,1 # tri a=-3 k=2 b=1 r=4
3,0,-3,0,0,0,0,0,0,0,0,0,0,0,0,0,0,0,0,0,0,0,0,0,1 # tri a=-3 k=2 b=3 r=0
4,0,-3,0,0,0,0,0,0,0,0,0,0,0,0,0,0,0,0,0,0,0,0,0,1 # tri a=-3 k=2 b=4 r=0
5,0,-3,0,0,0,0,0,0,0,0,0,0,0,0,0,0,0,0,0,0,0,0,0,1 # tri a=-3 k=2 b=5 r=0
6,0,-3,0,0,0,0,0,0,0,0,0,0,0,0,0,0,0,0,0,0,0,0,0,1 # tri a=-3 k=2 b=6 r=0
7,0,-3,0,0,0,0,0,0,0,0,0,0,0,0,0,0,0,0,0,0,0,0,0,1 # tri a=-3 k=2 b=7 r=0
8,0,-3,0,0,0,0,0,0,0,0,0,0,0,0,0,0,0,0,0,0,0,0,0,1 # tri a=-3 k=2 b=8 r=0
-8,0,-2,0,0,0,0,0,0,0,0,0,0,0,0,0,0,0,0,0,0,0,0,0,1 # tri a=-2 k=2 b=-8 r=2
-7,0,-2,0,0,0,0,0,0,0,0,0,0,0,0,0,0,0,0,0,0,0,0,0,1 # tri a=-2 k=2 b=-7 r=2
-6,0,-2,0,0,0,0,0,0,0,0,0,0,0,0,0,0,0,0,0,0,0,0,0,1 # tri a=-2 k=2 b=-6 r=2
-5,0,-2,0,0,0,0,0,0,0,0,0,0,0,0,0,0,0,0,0,0,0,0,0,1 # tri a=-2 k=2 b=-5 r=2
-4,0,-2,0,0,0,0,0,0,0,0,0,0,0,0,0,0,0,0,0,0,0,0,0,1 # tri a=-2 k=2 b=-4 r=2
-2,0,-2,0,0,0,0,0,0,0,0,0,0,0,0,0,0,0,0,0,0,0,0,0,1 # tri a=-2 k=2 b=-2 r=2
-1,0,-2,0,0,0,0,0,0,0,0,0,0,0,0,0,0,0,0,0,0,0,0,0,1 # tri a=-2 k=2 b=-1 r=2
2,0,-2,0,0,0,0,0,0,0,0,0,0,0,0,0,0,0,0,0,0,0,0,0,1 # tri a=-2 k=2 b=2 r=0
3,0,-2,0,0,0,0,0,0,0,0,0,0,0,0,0,0,0,0,0,0,0,0,0,1 # tri a=-2 k=2 b=3 r=0
4,0,-2,0,0,0,0,0,0,0,0,0,0,0,0,0,0,0,0,0,0,0,0,0,1 # tri a=-2 k=2 b=4 r=0
5,0,-2,0,0,0,0,0,0,0,0,0,0,0,0,0,0,0,0,0,0,0,0,0,1 # tri a=-2 k=2 b=5 r=0
6,0,-2,0,0,0,0,0,0,0,0,0,0,0,0,0,0,0,0,0,0,0,0,0,1 # tri a=-2 k=2 b=6 r=0
7,0,-2,0,0,0,0,0,0,0,0,0,0,0,0,0,0,0,0,0,0,0,0,0,1 # tri a=-2 k=2 b=7 r=0
8,0,-2,0,0,0,0,0,0,0,0,0,0,0,0,0,0,0,0,0,0,0,0,0,1 # tri a=-2 k=2 b=8 r=0
-8,0,-1,0,0,0,0,0,0,0,0,0,0,0,0,0,0,0,0,0,0,0,0,0,1 # tri a=-1 k=2 b=-8 r=2
-7,0,-1,0,0,0,0,0,0,0,0,0,0,0,0,0,0,0,0,0,0,0,0,0,1 # tri a=-1 k=2 b=-7 r=2
-6,0,-1,0,0,0,0,0,0,0,0,0,0,0,0,0,0,0,0,0,0,0,0,0,1 # tri a=-1 k=2 b=-6 r=2
-5,0,-1,0,0,0,0,0,0,0,0,0,0,0,0,0,0,0,0,0,0,0,0,0,1 # tri a=-1 k=2 b=-5 r=2
-4,0,-1,0,0,0,0,0,0,0,0,0,0,0,0,0,0,0,0,0,0,0,0,0,1 # tri a=-1 k=2 b=-4 r=2
-3,0,-1,0,0,0,0,0,0,0,0,0,0,0,0,0,0,0,0,0,0,0,0,0,1 # tri a=-1 k=2 b=-3 r=2
-1,0,-1,0,0,0,0,0,0,0,0,0,0,0,0,0,0,0,0,0,0,0,0,0,1 # tri a=-1 k=2 b=-1 r=2
1,0,-1,0,0,0,0,0,0,0,0,0,0,0,0,0,0,0,0,0,0,0,0,0,1 # tri a=-1 k=2 b=1 r=0
2,0,-1,0,0,0,0,0,0,0,0,0,0,0,0,0,0,0,0,0,0,0,0,0,1 # tri a=-1 k=2 b=2 r=0
3,0,-1,0,0,0,0,0,0,0,0,0,0,0,0,0,0,0,0,0,0,0,0,0,1 # tri a=-1 k=2 b=3 r=0
4,0,-1,0,0,0,0,0,0,0,0,0,0,0,0,0,0,0,0,0,0,0,0,0,1 # tri a=-1 k=2 b=4 r=0
5,0,-1,0,0,0,0,0,0,0,0,0,0,0,0,0,0,0,0,0,0,0,0,0,1 # tri a=-1 k=2 b=5 r=0
6,0,-1,0,0,0,0,0,0,0,0,0,0,0,0,0,0,0,0,0,0,0,0,0,1 # tri a=-1 k=2 b=6 r=0
7,0,-1,0,0,0,0,0,0,0,0,0,0,0,0,0,0,0,0,0,0,0,0,0,1 # tri a=-1 k=2 b=7 r=0
8,0,-1,0,0,0,0,0,0,0,0,0,0,0,0,0,0,0,0,0,0,0,0,0,1 # tri a=-1 k=2 b=8 r=0
-8,0,1,0,0,0,0,0,0,0,0,0,0,0,0,0,0,0,0,0,0,0,0,0,1 # tri a=1 k=2 b=-8 r=2
-7,0,1,0,0,0,0,0,0,0,0,0,0,0,0,0,0,0,0,0,0,0,0,0,1 # tri a=1 k=2 b=-7 r=2
-6,0,1,0,0,0,0,0,0,0,0,0,0,0,0,0,0,0,0,0,0,0,0,0,1 # tri a=1 k=2 b=-6 r=2
-5,0,1,0,0,0,0,0,0,0,0,0,0,0,0,0,0,0,0,0,0,0,0,0,1 # tri a=1 k=2 b=-5 r=2
-4,0,1,0,0,0,0,0,0,0,0,0,0,0,0,0,0,0,0,0,0,0,0,0,1 # tri a=1 k=2 b=-4 r=2
-3,0,1,0,0,0,0,0,0,0,0,0,0,0,0,0,0,0,0,0,0,0,0,0,1 # tri a=1 k=2 b=-3 r=2
-1,0,1,0,0,0,0,0,0,0,0,0,0,0,0,0,0,0,0,0,0,0,0,0,1 # tri a=1 k=2 b=-1 r=2
1,0,1,0,0,0,0,0,0,0,0,0,0,0,0,0,0,0,0,0,0,0,0,0,1 # tri a=1 k=2 b=1 r=0
2,0,1,0,0,0,0,0,0,0,0,0,0,0,0,0,0,0,0,0,0,0,0,0,1 # tri a=1 k=2 b=2 r=0
3,0,1,0,0,0,0,0,0,0,0,0,0,0,0,0,0,0,0,0,0,0,0,0,1 # tri a=1 k=2 b=3 r=0
4,0,1,0,0,0,0,0,0,0,0,0,0,0,0,0,0,0,0,0,0,0,0,0,1 # tri a=1 k=2 b=4 r=0
5,0,1,0,0,0,0,0,0,0,0,0,0,0,0,0,0,0,0,0,0,0,0,0,1 # tri a=1 k=2 b=5 r=0
6,0,1,0,0,0,0,0,0,0,0,0,0,0,0,0,0,0,0,0,0,0,0,0,1 # tri a=1 k=2 b=6 r=0
7,0,1,0,0,0,0,0,0,0,0,0,0,0,0,0,0,0,0,0,0,0,0,0,1 # tri a=1 k=2 b=7 r=0
8,0,1,0,0,0,0,0,0,0,0,0,0,0,0,0,0,0,0,0,0,0,0,0,1 # tri a=1 k=2 b=8 r=0
-8,0,2,0,0,0,0,0,0,0,0,0,0,0,0,0,0,0,0,0,0,0,0,0,1 # tri a=2 k=2 b=-8 r=2
-7,0,2,0,0,0,0,0,0,0,0,0,0,0,0,0,0,0,0,0,0,0,0,0,1 # tri a=2 k=2 b=-7 r=2
-6,0,2,0,0,0,0,0,0,0,0,0,0,0,0,0,0,0,0,0,0,0,0,0,1 # tri a=2 k=2 b=-6 r=2
-5,0,2,0,0,0,0,0,0,0,0,0,0,0,0,0,0,0,0,0,0,0,0,0,1 # tri a=2 k=2 b=-5 r=2
-4,0,2,0,0,0,0,0,0,0,0,0,0,0,0,0,0,0,0,0,0,0,0,0,1 # tri a=2 k=2 b=-4 r=2
-2,0,2,0,0,0,0,0,0,0,0,0,0,0,0,0,0,0,0,0,0,0,0,0,1 # tri a=2 k=2 b=-2 r=2
-1,0,2,0,0,0,0,0,0,0,0,0,0,0,0,0,0,0,0,0,0,0,0,0,1 # tri a=2 k=2 b=-1 r=2
2,0,2,0,0,0,0,0,0,0,0,0,0,0,0,0,0,0,0,0,0,0,0,0,1 # tri a=2 k=2 b=2 r=0
3,0,2,0,0,0,0,0,0,0,0,0,0,0,0,0,0,0,0,0,0,0,0,0,1 # tri a=2 k=2 b=3 r=0
4,0,2,0,0,0,0,0,0,0,0,0,0,0,0,0,0,0,0,0,0,0,0,0,1 # tri a=2 k=2 b=4 r=0
5,0,2,0,0,0,0,0,0,0,0,0,0,0,0,0,0,0,0,0,0,0,0,0,1 # tri a=2 k=2 b=5 r=0
6,0,2,0,0,0,0,0,0,0,0,0,0,0,0,0,0,0,0,0,0,0,0,0,1 # tri a=2 k=2 b=6 r=0
7,0,2,0,0,0,0,0,0,0,0,0,0,0,0,0,0,0,0,0,0,0,0,0,1 # tri a=2 k=2 b=7 r=0
8,0,2,0,0,0,0,0,0,0,0,0,0,0,0,0,0,0,0,0,0,0,0,0,1 # tri a=2 k=2 b=8 r=0
-8,0,3,0,0,0,0,0,0,0,0,0,0,0,0,0,0,0,0,0,0,0,0,0,1 # tri a=3 k=2 b=-8 r=2
-7,0,3,0,0,0,0,0,0,0,0,0,0,0,0,0,0,0,0,0,0,0,0,0,1 # tri a=3 k=2 b=-7 r=2
-6,0,3,0,0,0,0,0,0,0,0,0,0,0,0,0,0,0,0,0,0,0,0,0,1 # tri a=3 k=2 b=-6 r=2
-5,0,3,0,0,0,0,0,0,0,0,0,0,0,0,0,0,0,0,0,0,0,0,0,1 # tri a=3 k=2 b=-5 r=2
-3,0,3,0,0,0,0,0,0,0,0,0,0,0,0,0,0,0,0,0,0,0,0,0,1 # tri a=3 k=2 b=-3 r=2
-2,0,3,0,0,0,0,0,0,0,0,0,0,0,0,0,0,0,0,0,0,0,0,0,1 # tri a=3 k=2 b=-2 r=2
-1,0,3,0,0,0,0,0,0,0,0,0,0,0,0,0,0,0,0,0,0,0,0,0,1 # tri a=3 k=2 b=-1 r=2
1,0,3,0,0,0,0,0,0,0,0,0,0,0,0,0,0,0,0,0,0,0,0,0,1 # tri a=3 k=2 b=1 r=0
3,0,3,0,0,0,0,0,0,0,0,0,0,0,0,0,0,0,0,0,0,0,0,0,1 # tri a=3 k=2 b=3 r=0
4,0,3,0,0,0,0,0,0,0,0,0,0,0,0,0,0,0,0,0,0,0,0,0,1 # tri a=3 k=2 b=4 r=0
5,0,3,0,0,0,0,0,0,0,0,0,0,0,0,0,0,0,0,0,0,0,0,0,1 # tri a=3 k=2 b=5 r=0
6,0,3,0,0,0,0,0,0,0,0,0,0,0,0,0,0,0,0,0,0,0,0,0,1 # tri a=3 k=2 b=6 r=0
7,0,3,0,0,0,0,0,0,0,0,0,0,0,0,0,0,0,0,0,0,0,0,0,1 # tri a=3 k=2 b=7 r=0
8,0,3,0,0,0,0,0,0,0,0,0,0,0,0,0,0,0,0,0,0,0,0,0,1 # tri a=3 k=2 b=8 r=0
-8,0,4,0,0,0,0,0,0,0,0,0,0,0,0,0,0,0,0,0,0,0,0,0,1 # tri a=4 k=2 b=-8 r=2
-7,0,4,0,0,0,0,0,0,0,0,0,0,0,0,0,0,0,0,0,0,0,0,0,1 # tri a=4 k=2 b=-7 r=2
-6,0,4,0,0,0,0,0,0,0,0,0,0,0,0,0,0,0,0,0,0,0,0,0,1 # tri a=4 k=2 b=-6 r=2
-4,0,4,0,0,0,0,0,0,0,0,0,0,0,0,0,0,0,0,0,0,0,0,0,1 # tri a=4 k=2 b=-4 r=2
-3,0,4,0,0,0,0,0,0,0,0,0,0,0,0,0,0,0,0,0,0,0,0,0,1 # tri a=4 k=2 b=-3 r=2
-2,0,4,0,0,0,0,0,0,0,0,0,0,0,0,0,0,0,0,0,0,0,0,0,1 # tri a=4 k=2 b=-2 r=2
-1,0,4,0,0,0,0,0,0,0,0,0,0,0,0,0,0,0,0,0,0,0,0,0,1 # tri a=4 k=2 b=-1 r=2
1,0,4,0,0,0,0,0,0,0,0,0,0,0,0,0,0,0,0,0,0,0,0,0,1 # tri a=4 k=2 b=1 r=0
2,0,4,0,0,0,0,0,0,0,0,0,0,0,0,0,0,0,0,0,0,0,0,0,1 # tri a=4 k=2 b=2 r=0
4,0,4,0,0,0,0,0,0,0,0,0,0,0,0,0,0,0,0,0,0,0,0,0,1 # tri a=4 k=2 b=4 r=0
5,0,4,0,0,0,0,0,0,0,0,0,0,0,0,0,0,0,0,0,0,0,0,0,1 # tri a=4 k=2 b=5 r=0
6,0,4,0,0,0,0,0,0,0,0,0,0,0,0,0,0,0,0,0,0,0,0,0,1 # tri a=4 k=2 b=6 r=0
7,0,4,0,0,0,0,0,0,0,0,0,0,0,0,0,0,0,0,0,0,0,0,0,1 # tri a=4 k=2 b=7 r=0
8,0,4,0,0,0,0,0,0,0,0,0,0,0,0,0,0,0,0,0,0,0,0,0,1 # tri a=4 k=2 b=8 r=0
-8,0,5,0,0,0,0,0,0,0,0,0,0,0,0,0,0,0,0,0,0,0,0,0,1 # tri a=5 k=2 b=-8 r=2
-7,0,5,0,0,0,0,0,0,0,0,0,0,0,0,0,0,0,0,0,0,0,0,0,1 # tri a=5 k=2 b=-7 r=2
-5,0,5,0,0,0,0,0,0,0,0,0,0,0,0,0,0,0,0,0,0,0,0,0,1 # tri a=5 k=2 b=-5 r=2
-4,0,5,0,0,0,0,0,0,0,0,0,0,0,0,0,0,0,0,0,0,0,0,0,1 # tri a=5 k=2 b=-4 r=2
-3,0,5,0,0,0,0,0,0,0,0,0,0,0,0,0,0,0,0,0,0,0,0,0,1 # tri a=5 k=2 b=-3 r=2
-2,0,5,0,0,0,0,0,0,0,0,0,0,0,0,0,0,0,0,0,0,0,0,0,1 # tri a=5 k=2 b=-2 r=2
-1,0,5,0,0,0,0,0,0,0,0,0,0,0,0,0,0,0,0,0,0,0,0,0,1 # tri a=5 k=2 b=-1 r=2
1,0,5,0,0,0,0,0,0,0,0,0,0,0,0,0,0,0,0,0,0,0,0,0,1 # tri a=5 k=2 b=1 r=0
2,0,5,0,0,0,0,0,0,0,0,0,0,0,0,0,0,0,0,0,0,0,0,0,1 # tri a=5 k=2 b=2 r=0
3,0,5,0,0,0,0,0,0,0,0,0,0,0,0,0,0,0,0,0,0,0,0,0,1 # tri a=5 k=2 b=3 r=0
5,0,5,0,0,0,0,0,0,0,0,0,0,0,0,0,0,0,0,0,0,0,0,0,1 # tri a=5 k=2 b=5 r=0
6,0,5,0,0,0,0,0,0,0,0,0,0,0,0,0,0,0,0,0,0,0,0,0,1 # tri a=5 k=2 b=6 r=0
7,0,5,0,0,0,0,0,0,0,0,0,0,0,0,0,0,0,0,0,0,0,0,0,1 # tri a=5 k=2 b=7 r=0
8,0,5,0,0,0,0,0,0,0,0,0,0,0,0,0,0,0,0,0,0,0,0,0,1 # tri a=5 k=2 b=8 r=0
-8,0,6,0,0,0,0,0,0,0,0,0,0,0,0,0,0,0,0,0,0,0,0,0,1 # tri a=6 k=2 b=-8 r=2
-6,0,6,0,0,0,0,0,0,0,0,0,0,0,0,0,0,0,0,0,0,0,0,0,1 # tri a=6 k=2 b=-6 r=2
-5,0,6,0,0,0,0,0,0,0,0,0,0,0,0,0,0,0,0,0,0,0,0,0,1 # tri a=6 k=2 b=-5 r=2
-4,0,6,0,0,0,0,0,0,0,0,0,0,0,0,0,0,0,0,0,0,0,0,0,1 # tri a=6 k=2 b=-4 r=2
-3,0,6,0,0,0,0,0,0,0,0,0,0,0,0,0,0,0,0,0,0,0,0,0,1 # tri a=6 k=2 b=-3 r=2
-2,0,6,0,0,0,0,0,0,0,0,0,0,0,0,0,0,0,0,0,0,0,0,0,1 # tri a=6 k=2 b=-2 r=2
-1,0,6,0,0,0,0,0,0,0,0,0,0,0,0,0,0,0,0,0,0,0,0,0,1 # tri a=6 k=2 b=-1 r=2
1,0,6,0,0,0,0,0,0,0,0,0,0,0,0,0,0,0,0,0,0,0,0,0,1 # tri a=6 k=2 b=1 r=0
2,0,6,0,0,0,0,0,0,0,0,0,0,0,0,0,0,0,0,0,0,0,0,0,1 # tri a=6 k=2 b=2 r=0
3,0,6,0,0,0,0,0,0,0,0,0,0,0,0,0,0,0,0,0,0,0,0,0,1 # tri a=6 k=2 b=3 r=0
4,0,6,0,0,0,0,0,0,0,0,0,0,0,0,0,0,0,0,0,0,0,0,0,1 # tri a=6 k=2 b=4 r=0
6,0,6,0,0,0,0,0,0,0,0,0,0,0,0,0,0,0,0,0,0,0,0,0,1 # tri a=6 k=2 b=6 r=0
7,0,6,0,0,0,0,0,0,0,0,0,0,0,0,0,0,0,0,0,0,0,0,0,1 # tri a=6 k=2 b=7 r=0
8,0,6,0,0,0,0,0,0,0,0,0,0,0,0,0,0,0,0,0,0,0,0,0,1 # tri a=6 k=2 b=8 r=0
-8,0,0,-6,0,0,0,0,0,0,0,0,0,0,0,0,0,0,0,0,0,0,0,0,1 # tri a=-6 k=3 b=-8 r=2
-6,0,0,-6,0,0,0,0,0,0,0,0,0,0,0,0,0,0,0,0,0,0,0,0,1 # tri a=-6 k=3 b=-6 r=2
-5,0,0,-6,0,0,0,0,0,0,0,0,0,0,0,0,0,0,0,0,0,0,0,0,1 # tri a=-6 k=3 b=-5 r=2
-4,0,0,-6,0,0,0,0,0,0,0,0,0,0,0,0,0,0,0,0,0,0,0,0,1 # tri a=-6 k=3 b=-4 r=2
-3,0,0,-6,0,0,0,0,0,0,0,0,0,0,0,0,0,0,0,0,0,0,0,0,1 # tri a=-6 k=3 b=-3 r=2
-2,0,0,-6,0,0,0,0,0,0,0,0,0,0,0,0,0,0,0,0,0,0,0,0,1 # tri a=-6 k=3 b=-2 r=2
-1,0,0,-6,0,0,0,0,0,0,0,0,0,0,0,0,0,0,0,0,0,0,0,0,1 # tri a=-6 k=3 b=-1 r=2
1,0,0,-6,0,0,0,0,0,0,0,0,0,0,0,0,0,0,0,0,0,0,0,0,1 # tri a=-6 k=3 b=1 r=2
2,0,0,-6,0,0,0,0,0,0,0,0,0,0,0,0,0,0,0,0,0,0,0,0,1 # tri a=-6 k=3 b=2 r=2
3,0,0,-6,0,0,0,0,0,0,0,0,0,0,0,0,0,0,0,0,0,0,0,0,1 # tri a=-6 k=3 b=3 r=2
4,0,0,-6,0,0,0,0,0,0,0,0,0,0,0,0,0,0,0,0,0,0,0,0,1 # tri a=-6 k=3 b=4 r=2
6,0,0,-6,0,0,0,0,0,0,0,0,0,0,0,0,0,0,0,0,0,0,0,0,1 # tri a=-6 k=3 b=6 r=0
7,0,0,-6,0,0,0,0,0,0,0,0,0,0,0,0,0,0,0,0,0,0,0,0,1 # tri a=-6 k=3 b=7 r=0
8,0,0,-6,0,0,0,0,0,0,0,0,0,0,0,0,0,0,0,0,0,0,0,0,1 # tri a=-6 k=3 b=8 r=0
-8,0,0,-5,0,0,0,0,0,0,0,0,0,0,0,0,0,0,0,0,0,0,0,0,1 # tri a=-5 k=3 b=-8 r=2
-7,0,0,-5,0,0,0,0,0,0,0,0,0,0,0,0,0,0,0,0,0,0,0,0,1 # tri a=-5 k=3 b=-7 r=2
-5,0,0,-5,0,0,0,0,0,0,0,0,0,0,0,0,0,0,0,0,0,0,0,0,1 # tri a=-5 k=3 b=-5 r=2
-4,0,0,-5,0,0,0,0,0,0,0,0,0,0,0,0,0,0,0,0,0,0,0,0,1 # tri a=-5 k=3 b=-4 r=2
-3,0,0,-5,0,0,0,0,0,0,0,0,0,0,0,0,0,0,0,0,0,0,0,0,1 # tri a=-5 k=3 b=-3 r=2
-2,0,0,-5,0,0,0,0,0,0,0,0,0,0,0,0,0,0,0,0,0,0,0,0,1 # tri a=-5 k=3 b=-2 r=2
-1,0,0,-5,0,0,0,0,0,0,0,0,0,0,0,0,0,0,0,0,0,0,0,0,1 # tri a=-5 k=3 b=-1 r=2
1,0,0,-5,0,0,0,0,0,0,0,0,0,0,0,0,0,0,0,0,0,0,0,0,1 # tri a=-5 k=3 b=1 r=2
2,0,0,-5,0,0,0,0,0,0,0,0,0,0,0,0,0,0,0,0,0,0,0,0,1 # tri a=-5 k=3 b=2 r=2
3,0,0,-5,0,0,0,0,0,0,0,0,0,0,0,0,0,0,0,0,0,0,0,0,1 # tri a=-5 k=3 b=3 r=2
5,0,0,-5,0,0,0,0,0,0,0,0,0,0,0,0,0,0,0,0,0,0,0,0,1 # tri a=-5 k=3 b=5 r=0
6,0,0,-5,0,0,0,0,0,0,0,0,0,0,0,0,0,0,0,0,0,0,0,0,1 # tri a=-5 k=3 b=6 r=0
7,0,0,-5,0,0,0,0,0,0,0,0,0,0,0,0,0,0,0,0,0,0,0,0,1 # tri a=-5 k=3 b=7 r=0
8,0,0,-5,0,0,0,0,0,0,0,0,0,0,0,0,0,0,0,0,0,0,0,0,1 # tri a=-5 k=3 b=8 r=0
-8,0,0,-4,0,0,0,0,0,0,0,0,0,0,0,0,0,0,0,0,0,0,0,0,1 # tri a=-4 k=3 b=-8 r=2
-7,0,0,-4,0,0,0,0,0,0,0,0,0,0,0,0,0,0,0,0,0,0,0,0,1 # tri a=-4 k=3 b=-7 r=2
-6,0,0,-4,0,0,0,0,0,0,0,0,0,0,0,0,0,0,0,0,0,0,0,0,1 # tri a=-4 k=3 b=-6 r=2
-4,0,0,-4,0,0,0,0,0,0,0,0,0,0,0,0,0,0,0,0,0,0,0,0,1 # tri a=-4 k=3 b=-4 r=2
-3,0,0,-4,0,0,0,0,0,0,0,0,0,0,0,0,0,0,0,0,0,0,0,0,1 # tri a=-4 k=3 b=-3 r=2
-2,0,0,-4,0,0,0,0,0,0,0,0,0,0,0,0,0,0,0,0,0,0,0,0,1 # tri a=-4 k=3 b=-2 r=2
-1,0,0,-4,0,0,0,0,0,0,0,0,0,0,0,0,0,0,0,0,0,0,0,0,1 # tri a=-4 k=3 b=-1 r=2
1,0,0,-4,0,0,0,0,0,0,0,0,0,0,0,0,0,0,0,0,0,0,0,0,1 # tri a=-4 k=3 b=1 r=2
2,0,0,-4,0,0,0,0,0,0,0,0,0,0,0,0,0,0,0,0,0,0,0,0,1 # tri a=-4 k=3 b=2 r=2
4,0,0,-4,0,0,0,0,0,0,0,0,0,0,0,0,0,0,0,0,0,0,0,0,1 # tri a=-4 k=3 b=4 r=0
5,0,0,-4,0,0,0,0,0,0,0,0,0,0,0,0,0,0,0,0,0,0,0,0,1 # tri a=-4 k=3 b=5 r=0
6,0,0,-4,0,0,0,0,0,0,0,0,0,0,0,0,0,0,0,0,0,0,0,0,1 # tri a=-4 k=3 b=6 r=0
7,0,0,-4,0,0,0,0,0,0,0,0,0,0,0,0,0,0,0,0,0,0,0,0,1 # tri a=-4 k=3 b=7 r=0
8,0,0,-4,0,0,0,0,0,0,0,0,0,0,0,0,0,0,0,0,0,0,0,0,1 # tri a=-4 k=3 b=8 r=0
-8,0,0,-3,0,0,0,0,0,0,0,0,0,0,0,0,0,0,0,0,0,0,0,0,1 # tri a=-3 k=3 b=-8 r=2
-7,0,0,-3,0,0,0,0,0,0,0,0,0,0,0,0,0,0,0,0,0,0,0,0,1 # tri a=-3 k=3 b=-7 r=2
-6,0,0,-3,0,0,0,0,0,0,0,0,0,0,0,0,0,0,0,0,0,0,0,0,1 # tri a=-3 k=3 b=-6 r=2
-5,0,0,-3,0,0,0,0,0,0,0,0,0,0,0,0,0,0,0,0,0,0,0,0,1 # tri a=-3 k=3 b=-5 r=2
-3,0,0,-3,0,0,0,0,0,0,0,0,0,0,0,0,0,0,0,0,0,0,0,0,1 # tri a=-3 k=3 b=-3 r=2
-2,0,0,-3,0,0,0,0,0,0,0,0,0,0,0,0,0,0,0,0,0,0,0,0,1 # tri a=-3 k=3 b=-2 r=2
-1,0,0,-3,0,0,0,0,0,0,0,0,0,0,0,0,0,0,0,0,0,0,0,0,1 # tri a=-3 k=3 b=-1 r=2
1,0,0,-3,0,0,0,0,0,0,0,0,0,0,0,0,0,0,0,0,0,0,0,0,1 # tri a=-3 k=3 b=1 r=2
3,0,0,-3,0,0,0,0,0,0,0,0,0,0,0,0,0,0,0,0,0,0,0,0,1 # tri a=-3 k=3 b=3 r=0
4,0,0,-3,0,0,0,0,0,0,0,0,0,0,0,0,0,0,0,0,0,0,0,0,1 # tri a=-3 k=3 b=4 r=0
5,0,0,-3,0,0,0,0,0,0,0,0,0,0,0,0,0,0,0,0,0,0,0,0,1 # tri a=-3 k=3 b=5 r=0
6,0,0,-3,0,0,0,0,0,0,0,0,0,0,0,0,0,0,0,0,0,0,0,0,1 # tri a=-3 k=3 b=6 r=0
7,0,0,-3,0,0,0,0,0,0,0,0,0,0,0,0,0,0,0,0,0,0,0,0,1 # tri a=-3 k=3 b=7 r=0
8,0,0,-3,0,0,0,0,0,0,0,0,0,0,0,0,0,0,0,0,0,0,0,0,1 # tri a=-3 k=3 b=8 r=0
-8,0,0,-2,0,0,0,0,0,0,0,0,0,0,0,0,0,0,0,0,0,0,0,0,1 # tri a=-2 k=3 b=-8 r=2
-7,0,0,-2,0,0,0,0,0,0,0,0,0,0,0,0,0,0,0,0,0,0,0,0,1 # tri a=-2 k=3 b=-7 r=2
-6,0,0,-2,0,0,0,0,0,0,0,0,0,0,0,0,0,0,0,0,0,0,0,0,1 # tri a=-2 k=3 b=-6 r=2
-5,0,0,-2,0,0,0,0,0,0,0,0,0,0,0,0,0,0,0,0,0,0,0,0,1 # tri a=-2 k=3 b=-5 r=2
-4,0,0,-2,0,0,0,0,0,0,0,0,0,0,0,0,0,0,0,0,0,0,0,0,1 # tri a=-2 k=3 b=-4 r=2
-2,0,0,-2,0,0,0,0,0,0,0,0,0,0,0,0,0,0,0,0,0,0,0,0,1 # tri a=-2 k=3 b=-2 r=2
-1,0,0,-2,0,0,0,0,0,0,0,0,0,0,0,0,0,0,0,0,0,0,0,0,1 # tri a=-2 k=3 b=-1 r=2
2,0,0,-2,0,0,0,0,0,0,0,0,0,0,0,0,0,0,0,0,0,0,0,0,1 # tri a=-2 k=3 b=2 r=0
3,0,0,-2,0,0,0,0,0,0,0,0,0,0,0,0,0,0,0,0,0,0,0,0,1 # tri a=-2 k=3 b=3 r=0
4,0,0,-2,0,0,0,0,0,0,0,0,0,0,0,0,0,0,0,0,0,0,0,0,1 # tri a=-2 k=3 b=4 r=0
5,0,0,-2,0,0,0,0,0,0,0,0,0,0,0,0,0,0,0,0,0,0,0,0,1 # tri a=-2 k=3 b=5 r=0
6,0,0,-2,0,0,0,0,0,0,0,0,0,0,0,0,0,0,0,0,0,0,0,0,1 # tri a=-2 k=3 b=6 r=0
7,0,0,-2,0,0,0,0,0,0,0,0,0,0,0,0,0,0,0,0,0,0,0,0,1 # tri a=-2 k=3 b=7 r=0
8,0,0,-2,0,0,0,0,0,0,0,0,0,0,0,0,0,0,0,0,0,0,0,0,1 # tri a=-2 k=3 b=8 r=0
-8,0,0,-1,0,0,0,0,0,0,0,0,0,0,0,0,0,0,0,0,0,0,0,0,1 # tri a=-1 k=3 b=-8 r=2
-7,0,0,-1,0,0,0,0,0,0,0,0,0,0,0,0,0,0,0,0,0,0,0,0,1 # tri a=-1 k=3 b=-7 r=2
-6,0,0,-1,0,0,0,0,0,0,0,0,0,0,0,0,0,0,0,0,0,0,0,0,1 # tri a=-1 k=3 b=-6 r=2
-5,0,0,-1,0,0,0,0,0,0,0,0,0,0,0,0,0,0,0,0,0,0,0,0,1 # tri a=-1 k=3 b=-5 r=2
-4,0,0,-1,0,0,0,0,0,0,0,0,0,0,0,0,0,0,0,0,0,0,0,0,1 # tri a=-1 k=3 b=-4 r=2
-3,0,0,-1,0,0,0,0,0,0,0,0,0,0,0,0,0,0,0,0,0,0,0,0,1 # tri a=-1 k=3 b=-3 r=2
-1,0,0,-1,0,0,0,0,0,0,0,0,0,0,0,0,0,0,0,0,0,0,0,0,1 # tri a=-1 k=3 b=-1 r=2
2,0,0,-1,0,0,0,0,0,0,0,0,0,0,0,0,0,0,0,0,0,0,0,0,1 # tri a=-1 k=3 b=2 r=0
3,0,0,-1,0,0,0,0,0,0,0,0,0,0,0,0,0,0,0,0,0,0,0,0,1 # tri a=-1 k=3 b=3 r=0
4,0,0,-1,0,0,0,0,0,0,0,0,0,0,0,0,0,0,0,0,0,0,0,0,1 # tri a=-1 k=3 b=4 r=0
5,0,0,-1,0,0,0,0,0,0,0,0,0,0,0,0,0,0,0,0,0,0,0,0,1 # tri a=-1 k=3 b=5 r=0
6,0,0,-1,0,0,0,0,0,0,0,0,0,0,0,0,0,0,0,0,0,0,0,0,1 # tri a=-1 k=3 b=6 r=0
7,0,0,-1,0,0,0,0,0,0,0,0,0,0,0,0,0,0,0,0,0,0,0,0,1 # tri a=-1 k=3 b=7 r=0
8,0,0,-1,0,0,0,0,0,0,0,0,0,0,0,0,0,0,0,0,0,0,0,0,1 # tri a=-1 k=3 b=8 r=0
-8,0,0,1,0,0,0,0,0,0,0,0,0,0,0,0,0,0,0,0,0,0,0,0,1 # tri a=1 k=3 b=-8 r=2
-7,0,0,1,0,0,0,0,0,0,0,0,0,0,0,0,0,0,0,0,0,0,0,0,1 # tri a=1 k=3 b=-7 r=2
-6,0,0,1,0,0,0,0,0,0,0,0,0,0,0,0,0,0,0,0,0,0,0,0,1 # tri a=1 k=3 b=-6 r=2
-5,0,0,1,0,0,0,0,0,0,0,0,0,0,0,0,0,0,0,0,0,0,0,0,1 # tri a=1 k=3 b=-5 r=2
-4,0,0,1,0,0,0,0,0,0,0,0,0,0,0,0,0,0,0,0,0,0,0,0,1 # tri a=1 k=3 b=-4 r=2
-3,0,0,1,0,0,0,0,0,0,0,0,0,0,0,0,0,0,0,0,0,0,0,0,1 # tri a=1 k=3 b=-3 r=2
-1,0,0,1,0,0,0,0,0,0,0,0,0,0,0,0,0,0,0,0,0,0,0,0,1 # tri a=1 k=3 b=-1 r=2
2,0,0,1,0,0,0,0,0,0,0,0,0,0,0,0,0,0,0,0,0,0,0,0,1 # tri a=1 k=3 b=2 r=0
3,0,0,1,0,0,0,0,0,0,0,0,0,0,0,0,0,0,0,0,0,0,0,0,1 # tri a=1 k=3 b=3 r=0
4,0,0,1,0,0,0,0,0,0,0,0,0,0,0,0,0,0,0,0,0,0,0,0,1 # tri a=1 k=3 b=4 r=0
5,0,0,1,0,0,0,0,0,0,0,0,0,0,0,0,0,0,0,0,0,0,0,0,1 # tri a=1 k=3 b=5 r=0
6,0,0,1,0,0,0,0,0,0,0,0,0,0,0,0,0,0,0,0,0,0,0,0,1 # tri a=1 k=3 b=6 r=0
7,0,0,1,0,0,0,0,0,0,0,0,0,0,0,0,0,0,0,0,0,0,0,0,1 # tri a=1 k=3 b=7 r=0
8,0,0,1,0,0,0,0,0,0,0,0,0,0,0,0,0,0,0,0,0,0,0,0,1 # tri a=1 k=3 b=8 r=0
-8,0,0,2,0,0,0,0,0,0,0,0,0,0,0,0,0,0,0,0,0,0,0,0,1 # tri a=2 k=3 b=-8 r=2
-7,0,0,2,0,0,0,0,0,0,0,0,0,0,0,0,0,0,0,0,0,0,0,0,1 # tri a=2 k=3 b=-7 r=2
-6,0,0,2,0,0,0,0,0,0,0,0,0,0,0,0,0,0,0,0,0,0,0,0,1 # tri a=2 k=3 b=-6 r=2
-5,0,0,2,0,0,0,0,0,0,0,0,0,0,0,0,0,0,0,0,0,0,0,0,1 # tri a=2 k=3 b=-5 r=2
-4,0,0,2,0,0,0,0,0,0,0,0,0,0,0,0,0,0,0,0,0,0,0,0,1 # tri a=2 k=3 b=-4 r=2
-2,0,0,2,0,0,0,0,0,0,0,0,0,0,0,0,0,0,0,0,0,0,0,0,1 # tri a=2 k=3 b=-2 r=2
-1,0,0,2,0,0,0,0,0,0,0,0,0,0,0,0,0,0,0,0,0,0,0,0,1 # tri a=2 k=3 b=-1 r=2
2,0,0,2,0,0,0,0,0,0,0,0,0,0,0,0,0,0,0,0,0,0,0,0,1 # tri a=2 k=3 b=2 r=0
3,0,0,2,0,0,0,0,0,0,0,0,0,0,0,0,0,0,0,0,0,0,0,0,1 # tri a=2 k=3 b=3 r=0
4,0,0,2,0,0,0,0,0,0,0,0,0,0,0,0,0,0,0,0,0,0,0,0,1 # tri a=2 k=3 b=4 r=0
5,0,0,2,0,0,0,0,0,0,0,0,0,0,0,0,0,0,0,0,0,0,0,0,1 # tri a=2 k=3 b=5 r=0
6,0,0,2,0,0,0,0,0,0,0,0,0,0,0,0,0,0,0,0,0,0,0,0,1 # tri a=2 k=3 b=6 r=0
7,0,0,2,0,0,0,0,0,0,0,0,0,0,0,0,0,0,0,0,0,0,0,0,1 # tri a=2 k=3 b=7 r=0
8,0,0,2,0,0,0,0,0,0,0,0,0,0,0,0,0,0,0,0,0,0,0,0,1 # tri a=2 k=3 b=8 r=0
-8,0,0,3,0,0,0,0,0,0,0,0,0,0,0,0,0,0,0,0,0,0,0,0,1 # tri a=3 k=3 b=-8 r=2
-7,0,0,3,0,0,0,0,0,0,0,0,0,0,0,0,0,0,0,0,0,0,0,0,1 # tri a=3 k=3 b=-7 r=2
-6,0,0,3,0,0,0,0,0,0,0,0,0,0,0,0,0,0,0,0,0,0,0,0,1 # tri a=3 k=3 b=-6 r=2
-5,0,0,3,0,0,0,0,0,0,0,0,0,0,0,0,0,0,0,0,0,0,0,0,1 # tri a=3 k=3 b=-5 r=2
-3,0,0,3,0,0,0,0,0,0,0,0,0,0,0,0,0,0,0,0,0,0,0,0,1 # tri a=3 k=3 b=-3 r=2
-2,0,0,3,0,0,0,0,0,0,0,0,0,0,0,0,0,0,0,0,0,0,0,0,1 # tri a=3 k=3 b=-2 r=2
-1,0,0,3,0,0,0,0,0,0,0,0,0,0,0,0,0,0,0,0,0,0,0,0,1 # tri a=3 k=3 b=-1 r=2
1,0,0,3,0,0,0,0,0,0,0,0,0,0,0,0,0,0,0,0,0,0,0,0,1 # tri a=3 k=3 b=1 r=2
3,0,0,3,0,0,0,0,0,0,0,0,0,0,0,0,0,0,0,0,0,0,0,0,1 # tri a=3 k=3 b=3 r=0
4,0,0,3,0,0,0,0,0,0,0,0,0,0,0,0,0,0,0,0,0,0,0,0,1 # tri a=3 k=3 b=4 r=0
5,0,0,3,0,0,0,0,0,0,0,0,0,0,0,0,0,0,0,0,0,0,0,0,1 # tri a=3 k=3 b=5 r=0
6,0,0,3,0,0,0,0,0,0,0,0,0,0,0,0,0,0,0,0,0,0,0,0,1 # tri a=3 k=3 b=6 r=0
7,0,0,3,0,0,0,0,0,0,0,0,0,0,0,0,0,0,0,0,0,0,0,0,1 # tri a=3 k=3 b=7 r=0
8,0,0,3,0,0,0,0,0,0,0,0,0,0,0,0,0,0,0,0,0,0,0,0,1 # tri a=3 k=3 b=8 r=0
-8,0,0,4,0,0,0,0,0,0,0,0,0,0,0,0,0,0,0,0,0,0,0,0,1 # tri a=4 k=3 b=-8 r=2
-7,0,0,4,0,0,0,0,0,0,0,0,0,0,0,0,0,0,0,0,0,0,0,0,1 # tri a=4 k=3 b=-7 r=2
-6,0,0,4,0,0,0,0,0,0,0,0,0,0,0,0,0,0,0,0,0,0,0,0,1 # tri a=4 k=3 b=-6 r=2
-4,0,0,4,0,0,0,0,0,0,0,0,0,0,0,0,0,0,0,0,0,0,0,0,1 # tri a=4 k=3 b=-4 r=2
-3,0,0,4,0,0,0,0,0,0,0,0,0,0,0,0,0,0,0,0,0,0,0,0,1 # tri a=4 k=3 b=-3 r=2
-2,0,0,4,0,0,0,0,0,0,0,0,0,0,0,0,0,0,0,0,0,0,0,0,1 # tri a=4 k=3 b=-2 r=2
-1,0,0,4,0,0,0,0,0,0,0,0,0,0,0,0,0,0,0,0,0,0,0,0,1 # tri a=4 k=3 b=-1 r=2
1,0,0,4,0,0,0,0,0,0,0,0,0,0,0,0,0,0,0,0,0,0,0,0,1 # tri a=4 k=3 b=1 r=2
2,0,0,4,0,0,0,0,0,0,0,0,0,0,0,0,0,0,0,0,0,0,0,0,1 # tri a=4 k=3 b=2 r=2
4,0,0,4,0,0,0,0,0,0,0,0,0,0,0,0,0,0,0,0,0,0,0,0,1 # tri a=4 k=3 b=4 r=0
5,0,0,4,0,0,0,0,0,0,0,0,0,0,0,0,0,0,0,0,0,0,0,0,1 # tri a=4 k=3 b=5 r=0
6,0,0,4,0,0,0,0,0,0,0,0,0,0,0,0,0,0,0,0,0,0,0,0,1 # tri a=4 k=3 b=6 r=0
7,0,0,4,0,0,0,0,0,0,0,0,0,0,0,0,0,0,0,0,0,0,0,0,1 # tri a=4 k=3 b=7 r=0
8,0,0,4,0,0,0,0,0,0,0,0,0,0,0,0,0,0,0,0,0,0,0,0,1 # tri a=4 k=3 b=8 r=0
-8,0,0,5,0,0,0,0,0,0,0,0,0,0,0,0,0,0,0,0,0,0,0,0,1 # tri a=5 k=3 b=-8 r=2
-7,0,0,5,0,0,0,0,0,0,0,0,0,0,0,0,0,0,0,0,0,0,0,0,1 # tri a=5 k=3 b=-7 r=2
-5,0,0,5,0,0,0,0,0,0,0,0,0,0,0,0,0,0,0,0,0,0,0,0,1 # tri a=5 k=3 b=-5 r=2
-4,0,0,5,0,0,0,0,0,0,0,0,0,0,0,0,0,0,0,0,0,0,0,0,1 # tri a=5 k=3 b=-4 r=2
-3,0,0,5,0,0,0,0,0,0,0,0,0,0,0,0,0,0,0,0,0,0,0,0,1 # tri a=5 k=3 b=-3 r=2
-2,0,0,5,0,0,0,0,0,0,0,0,0,0,0,0,0,0,0,0,0,0,0,0,1 # tri a=5 k=3 b=-2 r=2
-1,0,0,5,0,0,0,0,0,0,0,0,0,0,0,0,0,0,0,0,0,0,0,0,1 # tri a=5 k=3 b=-1 r=2
1,0,0,5,0,0,0,0,0,0,0,0,0,0,0,0,0,0,0,0,0,0,0,0,1 # tri a=5 k=3 b=1 r=2
2,0,0,5,0,0,0,0,0,0,0,0,0,0,0,0,0,0,0,0,0,0,0,0,1 # tri a=5 k=3 b=2 r=2
3,0,0,5,0,0,0,0,0,0,0,0,0,0,0,0,0,0,0,0,0,0,0,0,1 # tri a=5 k=3 b=3 r=2
5,0,0,5,0,0,0,0,0,0,0,0,0,0,0,0,0,0,0,0,0,0,0,0,1 # tri a=5 k=3 b=5 r=0
6,0,0,5,0,0,0,0,0,0,0,0,0,0,0,0,0,0,0,0,0,0,0,0,1 # tri a=5 k=3 b=6 r=0
7,0,0,5,0,0,0,0,0,0,0,0,0,0,0,0,0,0,0,0,0,0,0,0,1 # tri a=5 k=3 b=7 r=0
8,0,0,5,0,0,0,0,0,0,0,0,0,0,0,0,0,0,0,0,0,0,0,0,1 # tri a=5 k=3 b=8 r=0
-8,0,0,6,0,0,0,0,0,0,0,0,0,0,0,0,0,0,0,0,0,0,0,0,1 # tri a=6 k=3 b=-8 r=2
-6,0,0,6,0,0,0,0,0,0,0,0,0,0,0,0,0,0,0,0,0,0,0,0,1 # tri a=6 k=3 b=-6 r=2
-5,0,0,6,0,0,0,0,0,0,0,0,0,0,0,0,0,0,0,0,0,0,0,0,1 # tri a=6 k=3 b=-5 r=2
-4,0,0,6,0,0,0,0,0,0,0,0,0,0,0,0,0,0,0,0,0,0,0,0,1 # tri a=6 k=3 b=-4 r=2
-3,0,0,6,0,0,0,0,0,0,0,0,0,0,0,0,0,0,0,0,0,0,0,0,1 # tri a=6 k=3 b=-3 r=2
-2,0,0,6,0,0,0,0,0,0,0,0,0,0,0,0,0,0,0,0,0,0,0,0,1 # tri a=6 k=3 b=-2 r=2
-1,0,0,6,0,0,0,0,0,0,0,0,0,0,0,0,0,0,0,0,0,0,0,0,1 # tri a=6 k=3 b=-1 r=2
1,0,0,6,0,0,0,0,0,0,0,0,0,0,0,0,0,0,0,0,0,0,0,0,1 # tri a=6 k=3 b=1 r=2
2,0,0,6,0,0,0,0,0,0,0,0,0,0,0,0,0,0,0,0,0,0,0,0,1 # tri a=6 k=3 b=2 r=2
3,0,0,6,0,0,0,0,0,0,0,0,0,0,0,0,0,0,0,0,0,0,0,0,1 # tri a=6 k=3 b=3 r=2
4,0,0,6,0,0,0,0,0,0,0,0,0,0,0,0,0,0,0,0,0,0,0,0,1 # tri a=6 k=3 b=4 r=2
6,0,0,6,0,0,0,0,0,0,0,0,0,0,0,0,0,0,0,0,0,0,0,0,1 # tri a=6 k=3 b=6 r=0
7,0,0,6,0,0,0,0,0,0,0,0,0,0,0,0,0,0,0,0,0,0,0,0,1 # tri a=6 k=3 b=7 r=0
8,0,0,6,0,0,0,0,0,0,0,0,0,0,0,0,0,0,0,0,0,0,0,0,1 # tri a=6 k=3 b=8 r=0
-8,0,0,0,-6,0,0,0,0,0,0,0,0,0,0,0,0,0,0,0,0,0,0,0,1 # tri a=-6 k=4 b=-8 r=2
-6,0,0,0,-6,0,0,0,0,0,0,0,0,0,0,0,0,0,0,0,0,0,0,0,1 # tri a=-6 k=4 b=-6 r=2
-5,0,0,0,-6,0,0,0,0,0,0,0,0,0,0,0,0,0,0,0,0,0,0,0,1 # tri a=-6 k=4 b=-5 r=2
-4,0,0,0,-6,0,0,0,0,0,0,0,0,0,0,0,0,0,0,0,0,0,0,0,1 # tri a=-6 k=4 b=-4 r=2
-3,0,0,0,-6,0,0,0,0,0,0,0,0,0,0,0,0,0,0,0,0,0,0,0,1 # tri a=-6 k=4 b=-3 r=2
-2,0,0,0,-6,0,0,0,0,0,0,0,0,0,0,0,0,0,0,0,0,0,0,0,1 # tri a=-6 k=4 b=-2 r=2
-1,0,0,0,-6,0,0,0,0,0,0,0,0,0,0,0,0,0,0,0,0,0,0,0,1 # tri a=-6 k=4 b=-1 r=2
1,0,0,0,-6,0,0,0,0,0,0,0,0,0,0,0,0,0,0,0,0,0,0,0,1 # tri a=-6 k=4 b=1 r=4
2,0,0,0,-6,0,0,0,0,0,0,0,0,0,0,0,0,0,0,0,0,0,0,0,1 # tri a=-6 k=4 b=2 r=4
3,0,0,0,-6,0,0,0,0,0,0,0,0,0,0,0,0,0,0,0,0,0,0,0,1 # tri a=-6 k=4 b=3 r=4
4,0,0,0,-6,0,0,0,0,0,0,0,0,0,0,0,0,0,0,0,0,0,0,0,1 # tri a=-6 k=4 b=4 r=4
6,0,0,0,-6,0,0,0,0,0,0,0,0,0,0,0,0,0,0,0,0,0,0,0,1 # tri a=-6 k=4 b=6 r=0
7,0,0,0,-6,0,0,0,0,0,0,0,0,0,0,0,0,0,0,0,0,0,0,0,1 # tri a=-6 k=4 b=7 r=0
8,0,0,0,-6,0,0,0,0,0,0,0,0,0,0,0,0,0,0,0,0,0,0,0,1 # tri a=-6 k=4 b=8 r=0
-8,0,0,0,-5,0,0,0,0,0,0,0,0,0,0,0,0,0,0,0,0,0,0,0,1 # tri a=-5 k=4 b=-8 r=2
-7,0,0,0,-5,0,0,0,0,0,0,0,0,0,0,0,0,0,0,0,0,0,0,0,1 # tri a=-5 k=4 b=-7 r=2
-5,0,0,0,-5,0,0,0,0,0,0,0,0,0,0,0,0,0,0,0,0,0,0,0,1 # tri a=-5 k=4 b=-5 r=2
-4,0,0,0,-5,0,0,0,0,0,0,0,0,0,0,0,0,0,0,0,0,0,0,0,1 # tri a=-5 k=4 b=-4 r=2
-3,0,0,0,-5,0,0,0,0,0,0,0,0,0,0,0,0,0,0,0,0,0,0,0,1 # tri a=-5 k=4 b=-3 r=2
-1,0,0,0,-5,0,0,0,0,0,0,0,0,0,0,0,0,0,0,0,0,0,0,0,1 # tri a=-5 k=4 b=-1 r=2
1,0,0,0,-5,0,0,0,0,0,0,0,0,0,0,0,0,0,0,0,0,0,0,0,1 # tri a=-5 k=4 b=1 r=4
2,0,0,0,-5,0,0,0,0,0,0,0,0,0,0,0,0,0,0,0,0,0,0,0,1 # tri a=-5 k=4 b=2 r=4
3,0,0,0,-5,0,0,0,0,0,0,0,0,0,0,0,0,0,0,0,0,0,0,0,1 # tri a=-5 k=4 b=3 r=4
5,0,0,0,-5,0,0,0,0,0,0,0,0,0,0,0,0,0,0,0,0,0,0,0,1 # tri a=-5 k=4 b=5 r=0
6,0,0,0,-5,0,0,0,0,0,0,0,0,0,0,0,0,0,0,0,0,0,0,0,1 # tri a=-5 k=4 b=6 r=0
7,0,0,0,-5,0,0,0,0,0,0,0,0,0,0,0,0,0,0,0,0,0,0,0,1 # tri a=-5 k=4 b=7 r=0
8,0,0,0,-5,0,0,0,0,0,0,0,0,0,0,0,0,0,0,0,0,0,0,0,1 # tri a=-5 k=4 b=8 r=0
-8,0,0,0,-4,0,0,0,0,0,0,0,0,0,0,0,0,0,0,0,0,0,0,0,1 # tri a=-4 k=4 b=-8 r=2
-7,0,0,0,-4,0,0,0,0,0,0,0,0,0,0,0,0,0,0,0,0,0,0,0,1 # tri a=-4 k=4 b=-7 r=2
-6,0,0,0,-4,0,0,0,0,0,0,0,0,0,0,0,0,0,0,0,0,0,0,0,1 # tri a=-4 k=4 b=-6 r=2
-4,0,0,0,-4,0,0,0,0,0,0,0,0,0,0,0,0,0,0,0,0,0,0,0,1 # tri a=-4 k=4 b=-4 r=2
-3,0,0,0,-4,0,0,0,0,0,0,0,0,0,0,0,0,0,0,0,0,0,0,0,1 # tri a=-4 k=4 b=-3 r=2
-2,0,0,0,-4,0,0,0,0,0,0,0,0,0,0,0,0,0,0,0,0,0,0,0,1 # tri a=-4 k=4 b=-2 r=2
-1,0,0,0,-4,0,0,0,0,0,0,0,0,0,0,0,0,0,0,0,0,0,0,0,1 # tri a=-4 k=4 b=-1 r=2
1,0,0,0,-4,0,0,0,0,0,0,0,0,0,0,0,0,0,0,0,0,0,0,0,1 # tri a=-4 k=4 b=1 r=4
2,0,0,0,-4,0,0,0,0,0,0,0,0,0,0,0,0,0,0,0,0,0,0,0,1 # tri a=-4 k=4 b=2 r=4
4,0,0,0,-4,0,0,0,0,0,0,0,0,0,0,0,0,0,0,0,0,0,0,0,1 # tri a=-4 k=4 b=4 r=0
5,0,0,0,-4,0,0,0,0,0,0,0,0,0,0,0,0,0,0,0,0,0,0,0,1 # tri a=-4 k=4 b=5 r=0
6,0,0,0,-4,0,0,0,0,0,0,0,0,0,0,0,0,0,0,0,0,0,0,0,1 # tri a=-4 k=4 b=6 r=0
7,0,0,0,-4,0,0,0,0,0,0,0,0,0,0,0,0,0,0,0,0,0,0,0,1 # tri a=-4 k=4 b=7 r=0
8,0,0,0,-4,0,0,0,0,0,0,0,0,0,0,0,0,0,0,0,0,0,0,0,1 # tri a=-4 k=4 b=8 r=0
-8,0,0,0,-3,0,0,0,0,0,0,0,0,0,0,0,0,0,0,0,0,0,0,0,1 # tri a=-3 k=4 b=-8 r=2
-7,0,0,0,-3,0,0,0,0,0,0,0,0,0,0,0,0,0,0,0,0,0,0,0,1 # tri a=-3 k=4 b=-7 r=2
-6,0,0,0,-3,0,0,0,0,0,0,0,0,0,0,0,0,0,0,0,0,0,0,0,1 # tri a=-3 k=4 b=-6 r=2
-5,0,0,0,-3,0,0,0,0,0,0,0,0,0,0,0,0,0,0,0,0,0,0,0,1 # tri a=-3 k=4 b=-5 r=2
-3,0,0,0,-3,0,0,0,0,0,0,0,0,0,0,0,0,0,0,0,0,0,0,0,1 # tri a=-3 k=4 b=-3 r=2
-2,0,0,0,-3,0,0,0,0,0,0,0,0,0,0,0,0,0,0,0,0,0,0,0,1 # tri a=-3 k=4 b=-2 r=2
-1,0,0,0,-3,0,0,0,0,0,0,0,0,0,0,0,0,0,0,0,0,0,0,0,1 # tri a=-3 k=4 b=-1 r=2
1,0,0,0,-3,0,0,0,0,0,0,0,0,0,0,0,0,0,0,0,0,0,0,0,1 # tri a=-3 k=4 b=1 r=4
3,0,0,0,-3,0,0,0,0,0,0,0,0,0,0,0,0,0,0,0,0,0,0,0,1 # tri a=-3 k=4 b=3 r=0
4,0,0,0,-3,0,0,0,0,0,0,0,0,0,0,0,0,0,0,0,0,0,0,0,1 # tri a=-3 k=4 b=4 r=0
5,0,0,0,-3,0,0,0,0,0,0,0,0,0,0,0,0,0,0,0,0,0,0,0,1 # tri a=-3 k=4 b=5 r=0
6,0,0,0,-3,0,0,0,0,0,0,0,0,0,0,0,0,0,0,0,0,0,0,0,1 # tri a=-3 k=4 b=6 r=0
7,0,0,0,-3,0,0,0,0,0,0,0,0,0,0,0,0,0,0,0,0,0,0,0,1 # tri a=-3 k=4 b=7 r=0
8,0,0,0,-3,0,0,0,0,0,0,0,0,0,0,0,0,0,0,0,0,0,0,0,1 # tri a=-3 k=4 b=8 r=0
-8,0,0,0,-2,0,0,0,0,0,0,0,0,0,0,0,0,0,0,0,0,0,0,0,1 # tri a=-2 k=4 b=-8 r=2
-7,0,0,0,-2,0,0,0,0,0,0,0,0,0,0,0,0,0,0,0,0,0,0,0,1 # tri a=-2 k=4 b=-7 r=2
-6,0,0,0,-2,0,0,0,0,0,0,0,0,0,0,0,0,0,0,0,0,0,0,0,1 # tri a=-2 k=4 b=-6 r=2
-5,0,0,0,-2,0,0,0,0,0,0,0,0,0,0,0,0,0,0,0,0,0,0,0,1 # tri a=-2 k=4 b=-5 r=2
-4,0,0,0,-2,0,0,0,0,0,0,0,0,0,0,0,0,0,0,0,0,0,0,0,1 # tri a=-2 k=4 b=-4 r=2
-2,0,0,0,-2,0,0,0,0,0,0,0,0,0,0,0,0,0,0,0,0,0,0,0,1 # tri a=-2 k=4 b=-2 r=2
-1,0,0,0,-2,0,0,0,0,0,0,0,0,0,0,0,0,0,0,0,0,0,0,0,1 # tri a=-2 k=4 b=-1 r=2
2,0,0,0,-2,0,0,0,0,0,0,0,0,0,0,0,0,0,0,0,0,0,0,0,1 # tri a=-2 k=4 b=2 r=0
3,0,0,0,-2,0,0,0,0,0,0,0,0,0,0,0,0,0,0,0,0,0,0,0,1 # tri a=-2 k=4 b=3 r=0
4,0,0,0,-2,0,0,0,0,0,0,0,0,0,0,0,0,0,0,0,0,0,0,0,1 # tri a=-2 k=4 b=4 r=0
5,0,0,0,-2,0,0,0,0,0,0,0,0,0,0,0,0,0,0,0,0,0,0,0,1 # tri a=-2 k=4 b=5 r=0
6,0,0,0,-2,0,0,0,0,0,0,0,0,0,0,0,0,0,0,0,0,0,0,0,1 # tri a=-2 k=4 b=6 r=0
7,0,0,0,-2,0,0,0,0,0,0,0,0,0,0,0,0,0,0,0,0,0,0,0,1 # tri a=-2 k=4 b=7 r=0
8,0,0,0,-2,0,0,0,0,0,0,0,0,0,0,0,0,0,0,0,0,0,0,0,1 # tri a=-2 k=4 b=8 r=0
-8,0,0,0,-1,0,0,0,0,0,0,0,0,0,0,0,0,0,0,0,0,0,0,0,1 # tri a=-1 k=4 b=-8 r=2
-7,0,0,0,-1,0,0,0,0,0,0,0,0,0,0,0,0,0,0,0,0,0,0,0,1 # tri a=-1 k=4 b=-7 r=2
-6,0,0,0,-1,0,0,0,0,0,0,0,0,0,0,0,0,0,0,0,0,0,0,0,1 # tri a=-1 k=4 b=-6 r=2
-5,0,0,0,-1,0,0,0,0,0,0,0,0,0,0,0,0,0,0,0,0,0,0,0,1 # tri a=-1 k=4 b=-5 r=2
-4,0,0,0,-1,0,0,0,0,0,0,0,0,0,0,0,0,0,0,0,0,0,0,0,1 # tri a=-1 k=4 b=-4 r=2
-3,0,0,0,-1,0,0,0,0,0,0,0,0,0,0,0,0,0,0,0,0,0,0,0,1 # tri a=-1 k=4 b=-3 r=2
-1,0,0,0,-1,0,0,0,0,0,0,0,0,0,0,0,0,0,0,0,0,0,0,0,1 # tri a=-1 k=4 b=-1 r=2
1,0,0,0,-1,0,0,0,0,0,0,0,0,0,0,0,0,0,0,0,0,0,0,0,1 # tri a=-1 k=4 b=1 r=0
2,0,0,0,-1,0,0,0,0,0,0,0,0,0,0,0,0,0,0,0,0,0,0,0,1 # tri a=-1 k=4 b=2 r=0
3,0,0,0,-1,0,0,0,0,0,0,0,0,0,0,0,0,0,0,0,0,0,0,0,1 # tri a=-1 k=4 b=3 r=0
4,0,0,0,-1,0,0,0,0,0,0,0,0,0,0,0,0,0,0,0,0,0,0,0,1 # tri a=-1 k=4 b=4 r=0
5,0,0,0,-1,0,0,0,0,0,0,0,0,0,0,0,0,0,0,0,0,0,0,0,1 # tri a=-1 k=4 b=5 r=0
6,0,0,0,-1,0,0,0,0,0,0,0,0,0,0,0,0,0,0,0,0,0,0,0,1 # tri a=-1 k=4 b=6 r=0
7,0,0,0,-1,0,0,0,0,0,0,0,0,0,0,0,0,0,0,0,0,0,0,0,1 # tri a=-1 k=4 b=7 r=0
8,0,0,0,-1,0,0,0,0,0,0,0,0,0,0,0,0,0,0,0,0,0,0,0,1 # tri a=-1 k=4 b=8 r=0
-8,0,0,0,1,0,0,0,0,0,0,0,0,0,0,0,0,0,0,0,0,0,0,0,1 # tri a=1 k=4 b=-8 r=2
-7,0,0,0,1,0,0,0,0,0,0,0,0,0,0,0,0,0,0,0,0,0,0,0,1 # tri a=1 k=4 b=-7 r=2
-6,0,0,0,1,0,0,0,0,0,0,0,0,0,0,0,0,0,0,0,0,0,0,0,1 # tri a=1 k=4 b=-6 r=2
-5,0,0,0,1,0,0,0,0,0,0,0,0,0,0,0,0,0,0,0,0,0,0,0,1 # tri a=1 k=4 b=-5 r=2
-4,0,0,0,1,0,0,0,0,0,0,0,0,0,0,0,0,0,0,0,0,0,0,0,1 # tri a=1 k=4 b=-4 r=2
-3,0,0,0,1,0,0,0,0,0,0,0,0,0,0,0,0,0,0,0,0,0,0,0,1 # tri a=1 k=4 b=-3 r=2
-1,0,0,0,1,0,0,0,0,0,0,0,0,0,0,0,0,0,0,0,0,0,0,0,1 # tri a=1 k=4 b=-1 r=2
1,0,0,0,1,0,0,0,0,0,0,0,0,0,0,0,0,0,0,0,0,0,0,0,1 # tri a=1 k=4 b=1 r=0
