3413579734233,0,-4015959585408,0,2133872526384,0,-676948839696,0,142770846555,0,-21085809840,0,2236042854,0,-171562752,0,9454248,0,-365040,0,9378,0,-144,0,1 # liftE_full r=24
827517942811701,0,-583506622829160,0,187600491718956,0,-36365821231164,0,4733973048888,0,-435989638476,0,29130155574,0,-1422695352,0,50409033,0,-1263704,0,21276,0,-216,0,1 # liftE_full r=24
3957098943141,0,-4539396349008,0,2357215399278,0,-732519853488,0,151696303497,0,-22052514960,0,2307546242,0,-175129920,0,9569166,0,-367200,0,9396,0,-144,0,1 # liftE_full r=24
776636904706541,0,-568651517328474,0,188777767709736,0,-37568087669306,0,4991178501600,0,-466350566100,0,31421242530,0,-1538196756,0,54300543,0,-1348108,0,22344,0,-222,0,1 # liftE_full r=24
459614807857,0,-595728965010,0,353155945923,0,-126612938870,0,30574688352,0,-5238873294,0,653094025,0,-59680236,0,3967278,0,-187084,0,5940,0,-114,0,1 # liftE_full r=12
127414236441,0,-194160844584,0,134022803760,0,-55394906508,0,15265618791,0,-2954402532,0,411704726,0,-41624064,0,3030468,0,-154980,0,5286,0,-108,0,1 # liftE_full r=24
1169663253193,0,-1509630731664,0,879209452740,0,-305478101588,0,70512079995,0,-11390709132,0,1320526086,0,-110712096,0,6663888,0,-280940,0,7878,0,-132,0,1 # liftE_full r=24
24566100441,0,-43808294592,0,35268943980,0,-16941936896,0,5406018696,0,-1206818016,0,193232154,0,-22360128,0,1856193,0,-107840,0,4164,0,-96,0,1 # liftE_full r=24
566017509401,0,-747210434160,0,448273522908,0,-161584020120,0,38971270503,0,-6624911400,0,813912790,0,-72815040,0,4708188,0,-214600,0,6546,0,-120,0,1 # liftE_full r=24
490893984706819149,0,-205464975508432404,0,39143128780119726,0,-4488123930195736,0,344938701235977,0,-18720087679944,0,735593986630,0,-21086142888,0,437611242,0,-6412164,0,62964,0,-372,0,1 # liftE_full r=24
2077548575853,0,-2428585202736,0,1293112632948,0,-414669593492,0,89189545131,0,-13554689676,0,1492492710,0,-119967936,0,6986868,0,-287540,0,7938,0,-132,0,1 # liftE_full r=24
229391186257,0,113650592796,0,-181499739708,0,72716986528,0,-14098975305,0,1295539500,0,6938252,0,-16198716,0,2013438,0,-131452,0,5046,0,-108,0,1 # liftE_full r=12
815606190793,0,-1015956161760,0,577419594888,0,-198055538680,0,45674038467,0,-7462546200,0,886001370,0,-77034240,0,4868928,0,-218200,0,6582,0,-120,0,1 # liftE_full r=16
72069033437,0,-108048237888,0,74053199700,0,-30703520352,0,8583017811,0,-1705308384,0,247059034,0,-26309376,0,2044620,0,-113120,0,4230,0,-96,0,1 # liftE_full r=12
6044484842349,0,-6450634494144,0,3136857782472,0,-919049732496,0,180674983155,0,-25106666832,0,2528679386,0,-185991552,0,9915588,0,-373680,0,9450,0,-144,0,1 # liftE_full r=24
3097361466621,0,-3393715895064,0,1702278274896,0,-516999222388,0,105908419227,0,-15419327220,0,1636262042,0,-127535232,0,7247100,0,-292820,0,7986,0,-132,0,1 # liftE_full r=12
5677758028417897,0,-3387841827058344,0,922831922301048,0,-151746256694092,0,16776584778456,0,-1313766549000,0,74723143678,0,-3110259360,0,94029573,0,-2013584,0,28992,0,-252,0,1 # liftE_full r=24
218197356609,0,-305289025272,0,194575993740,0,-74733952320,0,19274318340,0,-3517931196,0,466116962,0,-45187848,0,3182025,0,-158760,0,5328,0,-108,0,1 # liftE_full r=16
21952055897,0,-39890042688,0,32676201204,0,-15945450720,0,5159848743,0,-1165991904,0,188629162,0,-22011648,0,1839228,0,-107360,0,4158,0,-96,0,1 # liftE_full r=24
409103042251569,0,-306361609478496,0,104578977187008,0,-21518572686444,0,2972638905852,0,-290451863928,0,20582880278,0,-1065914880,0,40035585,0,-1063624,0,18972,0,-204,0,1 # liftE_full r=24
27433710809,0,-48027787584,0,38014639380,0,-17981714400,0,5659652223,0,-1248446496,0,197887702,0,-22710528,0,1873188,0,-108320,0,4170,0,-96,0,1 # liftE_full r=24
295067762369,0,-436180973520,0,289905738276,0,-114514164960,0,29932316124,0,-5453463720,0,710159062,0,-66613200,0,4468665,0,-209200,0,6492,0,-120,0,1 # liftE_full r=24
3029259701621409,0,-1911688226599176,0,550363611714600,0,-95582973374980,0,11153401241292,0,-921239109732,0,55229624830,0,-2421540408,0,77064753,0,-1736112,0,26280,0,-240,0,1 # liftE_full r=24
-5345822179,0,4119684168,0,1070720424,0,-1307955064,0,134238999,0,77085312,0,-17827578,0,133320,0,345444,0,-46796,0,2826,0,-84,0,1 # liftE_full r=10
-149939,0,2208288,0,-3428880,0,1109164,0,690963,0,-497052,0,53422,0,30696,0,-9204,0,392,0,162,0,-24,0,1 # liftE_full r=18
162785781,0,601691166,0,-173504592,0,-168302160,0,76721931,0,-2599056,0,-3703470,0,699840,0,-14808,0,-8662,0,1092,0,-54,0,1 # liftE_full r=16
1969578953553,0,-2322955338264,0,1246980785172,0,-402827590528,0,87211080420,0,-13329908196,0,1474904762,0,-119032056,0,6954453,0,-286880,0,7932,0,-132,0,1 # liftE_full r=24
17471723466149061,0,-9466617436519896,0,2342807469676956,0,-350186543393560,0,35210656014903,0,-2508976005096,0,129914433406,0,-4925349624,0,135692472,0,-2649252,0,34794,0,-276,0,1 # liftE_full r=24
2077554355577,0,-2428588575336,0,1293113442552,0,-414669695748,0,89189552295,0,-13554689940,0,1492492714,0,-119967936,0,6986868,0,-287540,0,7938,0,-132,0,1 # liftE_full r=24
9276009,0,-44546616,0,41310180,0,-8286228,0,-6242397,0,3830556,0,-653602,0,-78888,0,52824,0,-9896,0,954,0,-48,0,1 # liftE_full r=20
49411710793,0,-78910316640,0,57261984006,0,-24991832416,0,7312547787,0,-1512159264,0,226727894,0,-24845952,0,1975674,0,-111200,0,4206,0,-96,0,1 # liftE_full r=16
21951456573,0,-39889502208,0,32676004608,0,-15945413984,0,5159845035,0,-1165991712,0,188629158,0,-22011648,0,1839228,0,-107360,0,4158,0,-96,0,1 # liftE_full r=24
27434380269,0,-48028369536,0,38014844712,0,-17981751904,0,5659655955,0,-1248446688,0,197887706,0,-22710528,0,1873188,0,-108320,0,4170,0,-96,0,1 # liftE_full r=24
1866320423277,0,-2221029662544,0,1202109344292,0,-391227929972,0,85261408731,0,-13107291252,0,1457417370,0,-118098816,0,6922068,0,-286220,0,7926,0,-132,0,1 # liftE_full r=24
77845769966913517,0,-38470272203959056,0,8636101822165416,0,-1164439343558088,0,105019678101975,0,-6673651123680,0,306355091834,0,-10234456272,0,246899940,0,-4193820,0,47598,0,-324,0,1 # liftE_full r=24
9889112974821417,0,-5636315073510072,0,1466378792177148,0,-230279420180260,0,24311902085067,0,-1817938090020,0,98725988430,0,-3923387160,0,113238168,0,-2314944,0,31818,0,-264,0,1 # liftE_full r=24
462787483377,0,-631807799760,0,390906068388,0,-144891071840,0,35823494796,0,-6223052280,0,778739138,0,-70730640,0,4628133,0,-212800,0,6528,0,-120,0,1 # liftE_full r=24
123792465313125009,0,-58753206855261432,0,12669915804995916,0,-1641476037280284,0,142289296852212,0,-8693243269452,0,383799568834,0,-12335633616,0,286420389,0,-4684480,0,51216,0,-336,0,1 # liftE_full r=24
43762348053,0,-80568158544,0,65953966824,0,-31729406832,0,9986474520,0,-2165669460,0,331811910,0,-36205704,0,2794833,0,-149040,0,5220,0,-108,0,1 # liftE_full r=24
64924323099456,0,-57883681094976,0,23530542675648,0,-5763290747440,0,946476611820,0,-109689792240,0,9187978777,0,-559650300,0,24556563,0,-755130,0,15396,0,-186,0,1 # liftE_full r=12
6318279982961,0,-6693204173472,0,3232918646556,0,-941439795264,0,184076283756,0,-25458529392,0,2553782814,0,-187211232,0,9954213,0,-374400,0,9456,0,-144,0,1 # liftE_full r=24
2117276511093,0,-2469997517310,0,1312195131783,0,-419794171462,0,90078568275,0,-13658876268,0,1500851541,0,-120421554,0,7002813,0,-287868,0,7941,0,-132,0,1 # liftE_full r=24
400247726917193,0,-300856305227784,0,103047443984328,0,-21267472683376,0,2945766710667,0,-288490288032,0,20483962670,0,-1062512088,0,39959160,0,-1062612,0,18966,0,-204,0,1 # liftE_full r=24
138588534897,0,-208245353976,0,141903939276,0,-57971924640,0,15810748068,0,-3032336628,0,419330518,0,-42128424,0,3052053,0,-155520,0,5292,0,-108,0,1 # liftE_full r=24
1673288099837,0,-2027905810656,0,1116053979228,0,-368743682868,0,81447601635,0,-12668519820,0,1422743782,0,-116240256,0,6857388,0,-284900,0,7914,0,-132,0,1 # liftE_full r=24
-35098587,0,-240490224,0,715879818,0,-553460084,0,115863657,0,18973380,0,-9819674,0,853464,0,106698,0,-25892,0,2016,0,-72,0,1 # liftE_full r=10
-6803523,0,6520824,0,5292036,0,-8960520,0,3622779,0,-9072,0,-374610,0,95880,0,-2748,0,-2596,0,486,0,-36,0,1 # liftE_full r=18
283509,0,-1257048,0,794772,0,669124,0,-724728,0,98448,0,78414,0,-22848,0,-1527,0,1032,0,-48,0,-12,0,1 # liftE_full r=16
3588613541081,0,-4185529709472,0,2206648505724,0,-695155959936,0,145709543832,0,-21405429360,0,2259763038,0,-172749024,0,9492525,0,-365760,0,9384,0,-144,0,1 # liftE_full r=24
169233,0,-730584,0,574344,0,614448,0,-753945,0,121512,0,85118,0,-26904,0,-1212,0,1084,0,-54,0,-12,0,1 # liftE_full r=16
816103228509,0,-1016469755280,0,577638829764,0,-198106638200,0,45681203955,0,-7463168280,0,886034138,0,-77035200,0,4868940,0,-218200,0,6582,0,-120,0,1 # liftE_full r=16
6159871629,0,5139319536,0,-1418595768,0,-2574882288,0,-827733177,0,-16643160,0,47236410,0,12502224,0,1584108,0,114660,0,4806,0,108,0,1 # liftE_full r=4
-112419,0,-214632,0,135108,0,267688,0,-48165,0,-106656,0,3726,0,14856,0,276,0,-756,0,-42,0,12,0,1 # liftE_full r=10
59893542297,0,-92567385216,0,65234094408,0,-27736696000,0,7929806886,0,-1606888800,0,236776178,0,-25573440,0,2010081,0,-112160,0,4218,0,-96,0,1 # liftE_full r=16
819862882129,0,-1019799189720,0,578902082286,0,-198375772280,0,45716504307,0,-7466092200,0,886183670,0,-77039520,0,4868994,0,-218200,0,6582,0,-120,0,1 # liftE_full r=16
5199002013,0,-20580096420,0,-2606505876,0,14215423284,0,9714391206,0,3029788320,0,554037914,0,64448016,0,4902681,0,242704,0,7518,0,132,0,1 # liftE_full r=4
8117243606053,0,-8258496872832,0,3842842943760,0,-1081592254656,0,205108325700,0,-27612280656,0,2706204314,0,-194572512,0,10186413,0,-378720,0,9492,0,-144,0,1 # liftE_full r=16
604420499937,0,-789215419440,0,468747921372,0,-167439291040,0,40059084276,0,-6762085320,0,825803022,0,-73514640,0,4734933,0,-215200,0,6552,0,-120,0,1 # liftE_full r=24
46106459293883661,0,-24009672678166656,0,5669048054309400,0,-802494790847092,0,75848789533488,0,-5042490122508,0,241771728814,0,-8423580456,0,211654821,0,-3740256,0,44124,0,-312,0,1 # liftE_full r=24
235384824221,0,-361458539760,0,248824307388,0,-101465714040,0,27282664851,0,-5094169320,0,677206822,0,-64593600,0,4389420,0,-207400,0,6474,0,-120,0,1 # liftE_full r=24
7515883952488,0,-7735273375104,0,3639022448784,0,-1034776595520,0,198086307564,0,-26893550592,0,2655361664,0,-192117888,0,10109004,0,-377280,0,9480,0,-144,0,1 # liftE_full r=20
12061588880296,0,-12471314866656,0,5845884459312,0,-1642409570672,0,308042033892,0,-40638522624,0,3867691728,0,-267634752,0,13367364,0,-470096,0,11052,0,-156,0,1 # liftE_full r=20
5286210278952,0,-5768099175168,0,2862682382880,0,-854336306880,0,170737621668,0,-24069394944,0,2454147648,0,-182351232,0,9799908,0,-371520,0,9432,0,-144,0,1 # liftE_full r=24
6049459989201,0,-6454174031280,0,3137949511506,0,-919240366608,0,180695592459,0,-25108079328,0,2528739324,0,-185992992,0,9915603,0,-373680,0,9450,0,-144,0,1 # liftE_full r=24
644349595609,0,-832543106040,0,489718273302,0,-173399607800,0,41160642195,0,-6900396720,0,837751412,0,-74215920,0,4761699,0,-215800,0,6558,0,-120,0,1 # liftE_full r=24
5906017100381889,0,-3500908595539164,0,947969877055482,0,-155049541965852,0,17060693332419,0,-1330477633080,0,75403890636,0,-3129222744,0,94375275,0,-2017308,0,29010,0,-252,0,1 # liftE_full r=24
46203644008,0,-74163200256,0,54205511184,0,-23855881600,0,7041392364,0,-1468581888,0,221942144,0,-24490752,0,1958604,0,-110720,0,4200,0,-96,0,1 # liftE_full r=20
5531146681897,0,-5989964600592,0,2952310510326,0,-875596213008,0,174016144059,0,-24412812192,0,2478891860,0,-183562272,0,9838443,0,-372240,0,9438,0,-144,0,1 # liftE_full r=24
-564632,0,1444896,0,2185488,0,-834752,0,-2000532,0,-665088,0,202752,0,201792,0,62556,0,10288,0,960,0,48,0,1 # liftE_full r=6
150993639217,0,-223555715964,0,150310910010,0,-60675746220,0,16374671403,0,-3112023672,0,427056812,0,-42636024,0,3073683,0,-156060,0,5298,0,-108,0,1 # liftE_full r=24
32374027508601,0,-30550864121640,0,13091778022266,0,-3368473396008,0,579614559723,0,-70275665232,0,6157303164,0,-392875632,0,18121803,0,-589416,0,12834,0,-168,0,1 # liftE_full r=20
25848,0,23328,0,-209376,0,-244896,0,29052,0,105216,0,18304,0,-12096,0,-3912,0,128,0,180,0,24,0,1 # liftE_full r=8
5991423393907576,0,-3542890126962720,0,957223338898224,0,-156253942473264,0,17163204563196,0,-1336439471616,0,75643825088,0,-3135820800,0,94493928,0,-2018568,0,29016,0,-252,0,1 # liftE_full r=24
30723078376,0,-52735441920,0,41002636224,0,-19088786560,0,5924716068,0,-1291290624,0,202622336,0,-23063808,0,1890228,0,-108800,0,4176,0,-96,0,1 # liftE_full r=24
27570942001,0,-48187587360,0,38094376626,0,-18003958112,0,5663443659,0,-1248850752,0,197914044,0,-22711488,0,1873203,0,-108320,0,4170,0,-96,0,1 # liftE_full r=24
1769804515576,0,-2124467838240,0,1159081676544,0,-379985807344,0,83354505204,0,-12887905536,0,1440080576,0,-117169536,0,6889728,0,-285560,0,7920,0,-132,0,1 # liftE_full r=24
567046650601,0,-748115277000,0,448617051450,0,-161657544760,0,38980970619,0,-6625719120,0,813954252,0,-72816240,0,4708203,0,-214600,0,6546,0,-120,0,1 # liftE_full r=24
-2173848,0,2328192,0,1382112,0,-2353296,0,519084,0,379008,0,-213600,0,23904,0,9276,0,-3552,0,516,0,-36,0,1 # liftE_full r=18
1971934913512,0,-2324807595264,0,1247611011984,0,-402948763184,0,87225476964,0,-13330990464,0,1474955040,0,-119033376,0,6954468,0,-286880,0,7932,0,-132,0,1 # liftE_full r=24
1495934335209,0,-1847439499356,0,1034405610678,0,-347123237604,0,77738004915,0,-12237671160,0,1388440948,0,-114391464,0,6792819,0,-283580,0,7902,0,-132,0,1 # liftE_full r=24
496228669201,0,-669410491800,0,409695860190,0,-150383397560,0,36863172939,0,-6356202480,0,790422308,0,-71424240,0,4654803,0,-213400,0,6534,0,-120,0,1 # liftE_full r=24
28017755438478264,0,-14635997098693344,0,3490597282500432,0,-502569097788000,0,48651157581588,0,-3335953533792,0,166134202288,0,-6054556704,0,160251216,0,-3004112,0,37860,0,-288,0,1 # liftE_full r=24
-305432,0,-2290272,0,-4555632,0,-1149424,0,1388868,0,600000,0,-74640,0,-69312,0,-7068,0,1712,0,444,0,36,0,1 # liftE_full r=6
127795525201,0,-194547626820,0,134191386366,0,-55436106348,0,15271790091,0,-2954982600,0,411738148,0,-41625144,0,3030483,0,-154980,0,5286,0,-108,0,1 # liftE_full r=24
1868593311201,0,-2222832722220,0,1202727623886,0,-391347580932,0,85275698091,0,-13108369560,0,1457467588,0,-118100136,0,6922083,0,-286220,0,7926,0,-132,0,1 # liftE_full r=24
4388250404712,0,-4940479737216,0,2523083136912,0,-772667380800,0,157993906284,0,-22721416704,0,2356269504,0,-177533568,0,9646044,0,-368640,0,9408,0,-144,0,1 # liftE_full r=24
2079995643937,0,-2430490916436,0,1293755744010,0,-414792398020,0,89204056203,0,-13555776168,0,1492543052,0,-119969256,0,6986883,0,-287540,0,7938,0,-132,0,1 # liftE_full r=24
-7064,0,22944,0,4080,0,-63360,0,31212,0,25344,0,-15424,0,-2112,0,1740,0,48,0,-72,0,0,0,1 # liftE_full r=14
32376,0,790560,0,-1559520,0,641952,0,302460,0,-257280,0,23680,0,20928,0,-5640,0,-32,0,180,0,-24,0,1 # liftE_full r=16
10805816673094008,0,-6067009549037088,0,1557167486501664,0,-241586711583264,0,25233328694652,0,-1869272599296,0,100706126464,0,-3975605184,0,114139128,0,-2324128,0,31860,0,-264,0,1 # liftE_full r=24
74759176333432,0,-65846804106432,0,26315372652384,0,-6312011758544,0,1012351701780,0,-114408458112,0,9344402096,0,-555899232,0,23911584,0,-725416,0,14736,0,-180,0,1 # liftE_full r=24
-9224,0,-121440,0,92784,0,201584,0,-70404,0,-82944,0,10688,0,11520,0,-312,0,-632,0,-24,0,12,0,1 # liftE_full r=10
37674140664,0,-62571244032,0,47182910112,0,-21358653312,0,6464174460,0,-1377960960,0,212155072,0,-23772672,0,1924344,0,-109760,0,4188,0,-96,0,1 # liftE_full r=20
46218167536778488,0,-23138046829665600,0,5289217295667264,0,-730024734742320,0,67756140323508,0,-4455060238272,0,212782648016,0,-7438233120,0,188871840,0,-3397272,0,41088,0,-300,0,1 # liftE_full r=24
908579492916321,0,-630617804736408,0,199874878637634,0,-38253733147608,0,4923808694307,0,-449028983088,0,29749743420,0,-1442805552,0,50835723,0,-1269048,0,21306,0,-216,0,1 # liftE_full r=24
463684731112,0,-632624213760,0,391225413888,0,-144961148320,0,35832924708,0,-6223848960,0,778780416,0,-70731840,0,4628148,0,-212800,0,6528,0,-120,0,1 # liftE_full r=24
7199284521801,0,-7462801885680,0,3533882665770,0,-1010821840272,0,194517602163,0,-26530302816,0,2629777548,0,-190886688,0,10070259,0,-376560,0,9474,0,-144,0,1 # liftE_full r=20
89832,0,291744,0,-345456,0,-250752,0,223596,0,50688,0,-44544,0,-2880,0,3228,0,48,0,-96,0,0,0,1 # liftE_full r=12
779757746536,0,-975934998720,0,557615839536,0,-192329588960,0,44601839724,0,-7326585600,0,874170560,0,-76336320,0,4842204,0,-217600,0,6576,0,-120,0,1 # liftE_full r=20
138991769832,0,-208648711296,0,142077614544,0,-58013937936,0,15816990564,0,-3032919936,0,419364000,0,-42129504,0,3052068,0,-155520,0,5292,0,-108,0,1 # liftE_full r=24
80041602176488,0,-69549521277024,0,27478781372976,0,-6527650897552,0,1038448624164,0,-116562272448,0,9467127696,0,-560665344,0,24032292,0,-727216,0,14748,0,-180,0,1 # liftE_full r=20
22312,0,-177984,0,93600,0,214736,0,-205140,0,16512,0,33696,0,-8544,0,-1380,0,608,0,-12,0,-12,0,1 # liftE_full r=16
402306349520424,0,-302447024034912,0,103587905204208,0,-21373653438384,0,2959139551716,0,-289620579456,0,20549021904,0,-1065034944,0,40022340,0,-1063536,0,18972,0,-204,0,1 # liftE_full r=20
1581897216232,0,-1935473541408,0,1074461669856,0,-357782497424,0,79574551980,0,-12451705728,0,1405527264,0,-115314144,0,6825084,0,-284240,0,7908,0,-132,0,1 # liftE_full r=24
107646329001,0,-168631643340,0,119419579746,0,-50525880300,0,14218261083,0,-2802581208,0,396686844,0,-40622904,0,2987403,0,-153900,0,5274,0,-108,0,1 # liftE_full r=24
6323414329576,0,-6696828311040,0,3234028885824,0,-941632562880,0,184097029668,0,-25459946496,0,2553842816,0,-187212672,0,9954228,0,-374400,0,9456,0,-144,0,1 # liftE_full r=24
117361056376,0,-181219338720,0,126642045504,0,-52940624976,0,14738927604,0,-2878205184,0,404179136,0,-41122944,0,3008928,0,-154440,0,5280,0,-108,0,1 # liftE_full r=24
24692979576,0,-43958972160,0,35345432304,0,-16963583616,0,5409750516,0,-1207219200,0,193258432,0,-22361088,0,1856208,0,-107840,0,4164,0,-96,0,1 # liftE_full r=24
1558343471064841,0,-1045353054233076,0,319464322878738,0,-58821891947108,0,7268711887563,0,-635130475656,0,40243119852,0,-1863227400,0,62566971,0,-1486196,0,23706,0,-228,0,1 # liftE_full r=24
18260908125656689,0,-9821743882980084,0,2414540508518826,0,-358751603078132,0,35880120229155,0,-2544767536488,0,131239929132,0,-4958925000,0,136249179,0,-2654708,0,34818,0,-276,0,1 # liftE_full r=24
-4931288,0,-5621472,0,8157696,0,1457376,0,-4726524,0,1976928,0,-95920,0,-165024,0,60180,0,-10224,0,960,0,-48,0,1 # liftE_full r=14
5278778055784,0,-5762720218752,0,2860998486768,0,-854038596672,0,170705116908,0,-24067150848,0,2454051968,0,-182348928,0,9799884,0,-371520,0,9432,0,-144,0,1 # liftE_full r=24
31609,0,109032,0,-183930,0,-363752,0,-23661,0,126288,0,30932,0,-11856,0,-4605,0,8,0,174,0,24,0,1 # liftE_full r=8
19682967592,0,-36391660032,0,30301253280,0,-15011730560,0,4924655268,0,-1126358016,0,184104768,0,-21666048,0,1822308,0,-106880,0,4152,0,-96,0,1 # liftE_full r=24
188151810162045672,0,-83492391397221792,0,16928541030250944,0,-2073752903467680,0,170939688106788,0,-9988641579168,0,424259868720,0,-13197556512,0,298404420,0,-4782672,0,51576,0,-336,0,1 # liftE_full r=24
605495634472,0,-790150419840,0,469099548192,0,-167513954720,0,40068872868,0,-6762896640,0,825844544,0,-73515840,0,4734948,0,-215200,0,6552,0,-120,0,1 # liftE_full r=24
-119871,0,-1726596,0,-5735682,0,-2057820,0,1472571,0,762648,0,-49772,0,-74424,0,-8877,0,1532,0,438,0,36,0,1 # liftE_full r=6
1814371454055529,0,-1184420185976436,0,353322145782642,0,-63687546373124,0,7725790429779,0,-664458855336,0,41544887612,0,-1902694824,0,63349203,0,-1495348,0,23754,0,-228,0,1 # liftE_full r=24
207186717817,0,-291170142828,0,186609788178,0,-72122791500,0,18722577459,0,-3439276632,0,458446076,0,-44681976,0,3160419,0,-158220,0,5322,0,-108,0,1 # liftE_full r=20
3370596697339273,0,-2089059732758304,0,591697705569498,0,-101271548596208,0,11665417099443,0,-952732674816,0,56570263020,0,-2460539616,0,77806707,0,-1744448,0,26322,0,-240,0,1 # liftE_full r=24
464044339261,0,-632951225280,0,391353267264,0,-144989194600,0,35836697865,0,-6224167680,0,778796928,0,-70732320,0,4628154,0,-212800,0,6528,0,-120,0,1 # liftE_full r=24
6330847396262397,0,-3709138136665536,0,993771198069732,0,-161002930824372,0,17567115172101,0,-1359935060760,0,76590490530,0,-3161907504,0,94964448,0,-2023584,0,29040,0,-252,0,1 # liftE_full r=24
127947859201,0,-194702175360,0,134258761872,0,-55452576240,0,15274257684,0,-2955214584,0,411751516,0,-41625576,0,3030489,0,-154980,0,5286,0,-108,0,1 # liftE_full r=24
19680926721,0,-36389798208,0,30300570900,0,-15011602464,0,4924642305,0,-1126357344,0,184104754,0,-21666048,0,1822308,0,-106880,0,4152,0,-96,0,1 # liftE_full r=24
27573188941,0,-48189572448,0,38095085142,0,-18004088512,0,5663456694,0,-1248851424,0,197914058,0,-22711488,0,1873203,0,-108320,0,4170,0,-96,0,1 # liftE_full r=24
151163884801,0,-223723700352,0,150382391184,0,-60692869296,0,16377196020,0,-3112258248,0,427070228,0,-42636456,0,3073689,0,-156060,0,5298,0,-108,0,1 # liftE_full r=24
1869503820801,0,-2223554699520,0,1202975109072,0,-391395462480,0,85281415284,0,-13108800936,0,1457487676,0,-118100664,0,6922089,0,-286220,0,7926,0,-132,0,1 # liftE_full r=24
37935655741,0,-62862680832,0,47322882864,0,-21396474784,0,6470460765,0,-1378619040,0,212197454,0,-23774208,0,1924368,0,-109760,0,4188,0,-96,0,1 # liftE_full r=24
17513272297,0,-33018815136,0,27993560106,0,-14097921088,0,4693017762,0,-1087116192,0,179606462,0,-21321408,0,1805403,0,-106400,0,4146,0,-96,0,1 # liftE_full r=24
10281376990998901,0,-5820337556284572,0,1505131385828238,0,-235103305579460,0,24704956322733,0,-1839841707360,0,99571366608,0,-3945698652,0,113623500,0,-2318876,0,31836,0,-264,0,1 # liftE_full r=24
2192966728957,0,-2539994791488,0,1341188822004,0,-426881903756,0,91211675637,0,-13782735516,0,1510231758,0,-120907776,0,7019328,0,-288200,0,7944,0,-132,0,1 # liftE_full r=24
5286177610561,0,-5768081440992,0,2862678435060,0,-854335845936,0,170737591905,0,-24069393936,0,2454147634,0,-182351232,0,9799908,0,-371520,0,9432,0,-144,0,1 # liftE_full r=24
605506306497,0,-790157430000,0,469101433500,0,-167514220200,0,40068893505,0,-6762897480,0,825844558,0,-73515840,0,4734948,0,-215200,0,6552,0,-120,0,1 # liftE_full r=24
10790392499918461,0,-6060065302343040,0,1555787814460656,0,-241427890074088,0,25221651058101,0,-1868703720324,0,100687760994,0,-3975226224,0,114134592,0,-2324104,0,31860,0,-264,0,1 # liftE_full r=24
-10371,0,85140,0,-230454,0,216048,0,-3456,0,-71676,0,9324,0,9612,0,-609,0,-600,0,-18,0,12,0,1 # liftE_full r=14
210788374997521,0,-166012177959444,0,59647247213190,0,-12928808543748,0,1883016657177,0,-194146862496,0,14530935772,0,-795497604,0,31615572,0,-889620,0,16824,0,-192,0,1 # liftE_full r=24
30949626894431253,0,-15905559350656188,0,3737294365299282,0,-530897482395516,0,50780002277109,0,-3445351231512,0,170027456296,0,-6149304156,0,161760264,0,-3018316,0,37920,0,-288,0,1 # liftE_full r=24
1770682648897,0,-2125170475560,0,1159324431936,0,-380033083276,0,83360179593,0,-12888335328,0,1440100640,0,-117170064,0,6889734,0,-285560,0,7920,0,-132,0,1 # liftE_full r=24
6059161417734829,0,-3577071835532580,0,964947246358026,0,-157283499475568,0,17252879332944,0,-1341773756004,0,75863334204,0,-3141992172,0,94607391,0,-2019800,0,29022,0,-252,0,1 # liftE_full r=24
25489,0,57804,0,-321582,0,171640,0,134994,0,-100524,0,-3786,0,15072,0,-2805,0,-416,0,198,0,-24,0,1 # liftE_full r=16
-3231,0,43200,0,20124,0,-169176,0,-1575,0,73524,0,8770,0,-10896,0,-2700,0,344,0,192,0,24,0,1 # liftE_full r=10
177604784101,0,-255928839084,0,167861509854,0,-66258057672,0,17528062230,0,-3273757020,0,442643810,0,-43655544,0,3117003,0,-157140,0,5310,0,-108,0,1 # liftE_full r=24
98606546497,0,-156749682600,0,112513011960,0,-48190086324,0,13709632377,0,-2728103436,0,389261138,0,-40125024,0,2965908,0,-153360,0,5268,0,-108,0,1 # liftE_full r=24
30782000701,0,-52802830080,0,41035742448,0,-19097903392,0,5926254345,0,-1291453440,0,202632896,0,-23064192,0,1890234,0,-108800,0,4176,0,-96,0,1 # liftE_full r=24
24743919201,0,-44019391680,0,35376075468,0,-16972250400,0,5411244009,0,-1207379712,0,193268944,0,-22361472,0,1856214,0,-107840,0,4164,0,-96,0,1 # liftE_full r=24
5288031383181,0,-5769423785664,0,2863098863496,0,-854410208688,0,170745713865,0,-24069954816,0,2454171552,0,-182351808,0,9799914,0,-371520,0,9432,0,-144,0,1 # liftE_full r=24
496604908801,0,-669748780800,0,409826826240,0,-150411890720,0,36866981268,0,-6356522640,0,790438844,0,-71424720,0,4654809,0,-213400,0,6534,0,-120,0,1 # liftE_full r=24
5533023608641,0,-5991319547136,0,2952733749984,0,-875670904512,0,174024287268,0,-24413373792,0,2478915788,0,-183562848,0,9838449,0,-372240,0,9438,0,-144,0,1 # liftE_full r=24
5787402112801,0,-6219990635040,0,3044484913068,0,-897305062320,0,177343576809,0,-24759600768,0,2503779664,0,-184776768,0,9877014,0,-372960,0,9444,0,-144,0,1 # liftE_full r=24
19726764301,0,-36445608576,0,30329538216,0,-15019956512,0,4926104265,0,-1126516224,0,184115232,0,-21666432,0,1822314,0,-106880,0,4152,0,-96,0,1 # liftE_full r=24
1810022335628361,0,-1182171717287424,0,352808674689402,0,-63619554516768,0,7720036462578,0,-664136084040,0,41532884686,0,-1902409464,0,63345267,0,-1495324,0,23754,0,-228,0,1 # liftE_full r=24
127790379217,0,-194543747028,0,134190195906,0,-55435916376,0,15271773474,0,-2954981844,0,411738134,0,-41625144,0,3030483,0,-154980,0,5286,0,-108,0,1 # liftE_full r=24
2080973583361,0,-2431252631808,0,1294012841424,0,-414841500304,0,89209859220,0,-13556210712,0,1492563188,0,-119969784,0,6986889,0,-287540,0,7938,0,-132,0,1 # liftE_full r=24
84561,0,71604,0,-144846,0,-57624,0,77922,0,13212,0,-16890,0,-1008,0,1587,0,24,0,-66,0,0,0,1 # liftE_full r=12
117504984097,0,-181367446680,0,126707418576,0,-52956772164,0,14741366793,0,-2878435872,0,404192480,0,-41123376,0,3008934,0,-154440,0,5280,0,-108,0,1 # liftE_full r=24
960700845337741,0,-660585524325792,0,207605611879992,0,-39432041817912,0,5041320007053,0,-457041207060,0,30127984994,0,-1455013104,0,51093504,0,-1272264,0,21324,0,-216,0,1 # liftE_full r=24
6146651341502317,0,-3619864646668392,0,974338446041814,0,-158501219357608,0,17356193001765,0,-1347766438272,0,76104007376,0,-3148600308,0,94726104,0,-2021060,0,29028,0,-252,0,1 # liftE_full r=24
107782203201,0,-168773492160,0,119482983792,0,-50541707376,0,14220671940,0,-2802810600,0,396700164,0,-40623336,0,2987409,0,-153900,0,5274,0,-108,0,1 # liftE_full r=24
922213524513537,0,-638715986317692,0,202027199983542,0,-38590949024268,0,4958311497417,0,-451438587840,0,29866097236,0,-1446642180,0,50918412,0,-1270100,0,21312,0,-216,0,1 # liftE_full r=24
942271023908769,0,-650034058570524,0,204896204042418,0,-39021134315160,0,5000560326594,0,-454278049956,0,29998338294,0,-1450855872,0,51006315,0,-1271184,0,21318,0,-216,0,1 # liftE_full r=24
152497,0,-446388,0,-471738,0,430908,0,129417,0,-144480,0,6436,0,16260,0,-3588,0,-300,0,192,0,-24,0,1 # liftE_full r=16
17868597669761001,0,-9644555256776532,0,2378649154132170,0,-354457636294656,0,35544087408024,0,-2526792818508,0,130574309208,0,-4942074420,0,135970059,0,-2651976,0,34806,0,-276,0,1 # liftE_full r=24
567457876801,0,-748476892800,0,448754367840,0,-161686940320,0,38984849508,0,-6626042160,0,813970836,0,-72816720,0,4708209,0,-214600,0,6546,0,-120,0,1 # liftE_full r=24
472901892688261,0,-345619371699864,0,115409744662074,0,-23282782729552,0,3160528935294,0,-304122366672,0,21271020374,0,-1089578184,0,40567563,0,-1070684,0,19014,0,-204,0,1 # liftE_full r=24
18515832448237809,0,-9934046252097840,0,2436733363306374,0,-361342110358632,0,36077893761897,0,-2555085211416,0,131612370252,0,-4968108972,0,136397208,0,-2656116,0,34824,0,-276,0,1 # liftE_full r=24
150998940721,0,-223559673516,0,150312114510,0,-60675937272,0,16374688050,0,-3112024428,0,427056826,0,-42636024,0,3073683,0,-156060,0,5298,0,-108,0,1 # liftE_full r=24
27625764097,0,-48251427840,0,38126238144,0,-18012848768,0,5664959508,0,-1249012416,0,197924580,0,-22711872,0,1873209,0,-108320,0,4170,0,-96,0,1 # liftE_full r=24
12097,0,355176,0,384360,0,-210788,0,-180807,0,69360,0,24194,0,-9840,0,-972,0,584,0,-12,0,-12,0,1 # liftE_full r=12
531047412897,0,-708238112400,0,428955269220,0,-155977056360,0,37916306409,0,-6490478400,0,802163440,0,-72119520,0,4681494,0,-214000,0,6540,0,-120,0,1 # liftE_full r=24
1841708760706621,0,-1199354066884608,0,356987667405444,0,-64219868569612,0,7776440766093,0,-667758048576,0,41693863170,0,-1907299248,0,63442416,0,-1496464,0,23760,0,-228,0,1 # liftE_full r=24
3470758228506241,0,-2140697596232964,0,603650790770514,0,-102907526224136,0,11812029019122,0,-961721935212,0,56952144390,0,-2471638512,0,78017907,0,-1746824,0,26334,0,-240,0,1 # liftE_full r=24
139152873021,0,-208809884448,0,142147026036,0,-58030733124,0,15819486633,0,-3033153216,0,419377392,0,-42129936,0,3052074,0,-155520,0,5292,0,-108,0,1 # liftE_full r=24
530663957821,0,-707894996160,0,428822985408,0,-155948375560,0,37912483389,0,-6490157640,0,802146894,0,-72119040,0,4681488,0,-214000,0,6540,0,-120,0,1 # liftE_full r=24
-23319,0,136944,0,270522,0,-89472,0,-145422,0,43320,0,22126,0,-7656,0,-1053,0,524,0,-6,0,-12,0,1 # liftE_full r=14
6049493940781,0,-6454192226832,0,3137953520022,0,-919240831008,0,180695622294,0,-25108080336,0,2528739338,0,-185992992,0,9915603,0,-373680,0,9450,0,-144,0,1 # liftE_full r=24
605925241741,0,-790524090720,0,469240102536,0,-167543805800,0,40072787145,0,-6763221120,0,825861152,0,-73516320,0,4734954,0,-215200,0,6552,0,-120,0,1 # liftE_full r=24
28477,0,-109344,0,49812,0,96292,0,-43899,0,-33240,0,9570,0,5424,0,-672,0,-416,0,0,0,12,0,1 # liftE_full r=12
2080015498401,0,-2430502580484,0,1293758558190,0,-414792754728,0,89204081250,0,-13555777092,0,1492543066,0,-119969256,0,6986883,0,-287540,0,7938,0,-132,0,1 # liftE_full r=24
238141,0,-210816,0,-2022816,0,2458144,0,-67155,0,-1369524,0,1024130,0,-378768,0,83952,0,-11656,0,996,0,-48,0,1 # liftE_full r=20
30725451681,0,-52737500736,0,41003360100,0,-19088918304,0,5924729145,0,-1291291296,0,202622350,0,-23063808,0,1890228,0,-108800,0,4176,0,-96,0,1 # liftE_full r=24
566017509401,0,-747210434160,0,448273522908,0,-161584020120,0,38971270503,0,-6624911400,0,813912790,0,-72815040,0,4708188,0,-214600,0,6546,0,-120,0,1 # liftE_full r=24
-761451,0,-2249280,0,-970020,0,1595268,0,1495860,0,222432,0,-166858,0,-64800,0,-2811,0,2272,0,468,0,36,0,1 # liftE_full r=6
3584362859029,0,-4182532088256,0,2205734682984,0,-694998425088,0,145692718944,0,-21404287728,0,2259714926,0,-172747872,0,9492513,0,-365760,0,9384,0,-144,0,1 # liftE_full r=24
76668816507611589,0,-38085372090854856,0,8585859599385480,0,-1161457282296424,0,104997937873419,0,-6682350891384,0,306986719606,0,-10256866872,0,247354680,0,-4198876,0,47622,0,-324,0,1 # liftE_full r=24
43762348053,0,-80568158544,0,65953966824,0,-31729406832,0,9986474520,0,-2165669460,0,331811910,0,-36205704,0,2794833,0,-149040,0,5220,0,-108,0,1 # liftE_full r=24
19573334657,0,-36256615872,0,30230463708,0,-14991149184,0,4921030980,0,-1125962400,0,184078606,0,-21665088,0,1822293,0,-106880,0,4152,0,-96,0,1 # liftE_full r=24
3116015389,0,-2346856368,0,-1087616868,0,1617778444,0,-588928761,0,58665420,0,17582586,0,-6585408,0,980532,0,-80744,0,3810,0,-96,0,1 # liftE_full r=12
107307552921,0,-168277666536,0,119261256624,0,-50486341068,0,14212236351,0,-2802007836,0,396653546,0,-40621824,0,2987388,0,-153900,0,5274,0,-108,0,1 # liftE_full r=24
493767009,0,26159922,0,-285605676,0,61585498,0,30753024,0,-11792868,0,258474,0,383556,0,-52041,0,-492,0,564,0,-42,0,1 # liftE_full r=16
604420499937,0,-789215419440,0,468747921372,0,-167439291040,0,40059084276,0,-6762085320,0,825803022,0,-73514640,0,4734933,0,-215200,0,6552,0,-120,0,1 # liftE_full r=24
8842429243701,0,-8866771233552,0,4072108510134,0,-1132738952688,0,212589103797,0,-28361978352,0,2758347982,0,-197058240,0,10264146,0,-380160,0,9504,0,-144,0,1 # liftE_full r=16
3588613541081,0,-4185529709472,0,2206648505724,0,-695155959936,0,145709543832,0,-21405429360,0,2259763038,0,-172749024,0,9492525,0,-365760,0,9384,0,-144,0,1 # liftE_full r=24
8479349361177,0,-8562479143104,0,3957476060808,0,-1107172334880,0,208849994886,0,-27987244560,0,2732281778,0,-195815520,0,10225281,0,-379440,0,9498,0,-144,0,1 # liftE_full r=16
400247726917193,0,-300856305227784,0,103047443984328,0,-21267472683376,0,2945766710667,0,-288490288032,0,20483962670,0,-1062512088,0,39959160,0,-1062612,0,18966,0,-204,0,1 # liftE_full r=24
1171835875709,0,-1511296473192,0,879760982856,0,-305581326996,0,70524051819,0,-11391591948,0,1320566566,0,-110713152,0,6663900,0,-280940,0,7878,0,-132,0,1 # liftE_full r=24
-18518443523,0,-42670027344,0,-14901156816,0,8230225352,0,7646433903,0,2583265824,0,494543130,0,59568336,0,4663548,0,236300,0,7446,0,132,0,1 # liftE_full r=2
21952055897,0,-39890042688,0,32676201204,0,-15945450720,0,5159848743,0,-1165991904,0,188629162,0,-22011648,0,1839228,0,-107360,0,4158,0,-96,0,1 # liftE_full r=24
255232889781,0,-347616138060,0,216241111818,0,-81277913700,0,20566719741,0,-3692392884,0,482425022,0,-46230480,0,3225666,0,-159840,0,5340,0,-108,0,1 # liftE_full r=16
1767612483449,0,-2122713097032,0,1158475217100,0,-379867670160,0,83340322848,0,-12886831188,0,1440030418,0,-117168216,0,6889713,0,-285560,0,7920,0,-132,0,1 # liftE_full r=24
3179384523509289,0,-1989731282354568,0,568544972446404,0,-98082671850252,0,11378017970499,0,-935022980604,0,55814648990,0,-2438497752,0,77386008,0,-1739704,0,26298,0,-240,0,1 # liftE_full r=24
-105783,0,232992,0,94032,0,-386028,0,112848,0,101508,0,-43306,0,-6408,0,3669,0,112,0,-108,0,0,0,1 # liftE_full r=14
604423621313,0,-789217452240,0,468748464612,0,-167439367200,0,40059090180,0,-6762085560,0,825803026,0,-73514640,0,4734933,0,-215200,0,6552,0,-120,0,1 # liftE_full r=24
117998228889,0,-83818135584,0,34336690812,0,-8214643692,0,944625564,0,-48841812,0,17914886,0,-6348840,0,987429,0,-82024,0,3840,0,-96,0,1 # liftE_full r=12
150569085657,0,-223136469144,0,150132405672,0,-60632967852,0,16368362295,0,-3111437340,0,427023274,0,-42634944,0,3073668,0,-156060,0,5298,0,-108,0,1 # liftE_full r=24
64989710389,0,-111836648592,0,86039191464,0,-39131003664,0,11717945952,0,-2434236084,0,359791958,0,-38141064,0,2880033,0,-151200,0,5244,0,-108,0,1 # liftE_full r=24
3761110012941,0,-2440391761080,0,595815732792,0,-56414946276,0,-662035104,0,133559964,0,130676482,0,-29479008,0,3008301,0,-176776,0,6180,0,-120,0,1 # liftE_full r=16
-2142279,0,1971288,0,7256268,0,2637676,0,-2420565,0,-1991652,0,-417474,0,59928,0,44880,0,9144,0,930,0,48,0,1 # liftE_full r=6
8588632049,0,-18537327168,0,17708672676,0,-9894177408,0,3599247444,0,-897944352,0,157580518,0,-19615296,0,1721145,0,-104000,0,4116,0,-96,0,1 # liftE_full r=24
424133166144,0,-561883526208,0,338821185840,0,-123074624848,0,30013725816,0,-5179633788,0,648926869,0,-59491944,0,3962319,0,-187026,0,5940,0,-114,0,1 # liftE_full r=12
649439033664,0,-841675504320,0,495595666656,0,-175412057136,0,41584049628,0,-6958729068,0,843138377,0,-74547336,0,4774752,0,-216098,0,6561,0,-120,0,1 # liftE_full r=24
19573900833,0,-36257136192,0,30230655972,0,-14991185536,0,4921034676,0,-1125962592,0,184078610,0,-21665088,0,1822293,0,-106880,0,4152,0,-96,0,1 # liftE_full r=24
3127614971332373,0,-1962949752323880,0,562333639356468,0,-97232188145948,0,11301882038136,0,-930366846708,0,55617651126,0,-2432804040,0,77278425,0,-1738504,0,26292,0,-240,0,1 # liftE_full r=24
283509,0,-1257048,0,794772,0,669124,0,-724728,0,98448,0,78414,0,-22848,0,-1527,0,1032,0,-48,0,-12,0,1 # liftE_full r=16
17259762936388949,0,-9371477772791520,0,2323658908170060,0,-347910774512068,0,35033785791060,0,-2499583271472,0,129569261942,0,-4916682240,0,135550149,0,-2647872,0,34788,0,-276,0,1 # liftE_full r=24
127415673197,0,-194161934736,0,134023140372,0,-55394960508,0,15265623531,0,-2954402748,0,411704730,0,-41624064,0,3030468,0,-154980,0,5286,0,-108,0,1 # liftE_full r=24
868262074289,0,-1070253311280,0,602482363164,0,-204878873760,0,46888109844,0,-7610144280,0,898423738,0,-77749200,0,4895865,0,-218800,0,6588,0,-120,0,1 # liftE_full r=12
1038951562933,0,-1367886765432,0,811373900112,0,-286620344164,0,67141142439,0,-10985909484,0,1287451382,0,-108895776,0,6599688,0,-279620,0,7866,0,-132,0,1 # liftE_full r=24
238156187305177,0,-185570651789334,0,66133598140431,0,-14248779688980,0,2066141656137,0,-212297326830,0,15837833167,0,-863555238,0,34115481,0,-951012,0,17727,0,-198,0,1 # liftE_full r=16
1612150579163349,0,-1073622365386632,0,326101161435012,0,-59738527522884,0,7351162164072,0,-640175408928,0,40455681294,0,-1869313632,0,62680233,0,-1487432,0,23712,0,-228,0,1 # liftE_full r=24
1866314944761,0,-2221026408216,0,1202108551680,0,-391227828772,0,85261401591,0,-13107290988,0,1457417366,0,-118098816,0,6922068,0,-286220,0,7926,0,-132,0,1 # liftE_full r=24
529672254729,0,-707014894320,0,428486143116,0,-155875795840,0,37902856896,0,-6489352920,0,802105482,0,-72117840,0,4681473,0,-214000,0,6540,0,-120,0,1 # liftE_full r=24
138681,0,-487656,0,255168,0,620812,0,-623472,0,77136,0,80494,0,-23376,0,-1419,0,1024,0,-48,0,-12,0,1 # liftE_full r=16
980256623417,0,-1302658246824,0,779504367900,0,-277607005104,0,65507181216,0,-10787503452,0,1271103286,0,-107992632,0,6567645,0,-278960,0,7860,0,-132,0,1 # liftE_full r=24
10022988268725749,0,-5699326079420928,0,1479672747711972,0,-231935051390476,0,24446693421972,0,-1825434025644,0,99014358686,0,-3930964920,0,113368341,0,-2316264,0,31824,0,-264,0,1 # liftE_full r=24
5526450583613,0,-5986575021312,0,2951251889568,0,-875409420816,0,173995781835,0,-24411408048,0,2478832038,0,-183560832,0,9838428,0,-372240,0,9438,0,-144,0,1 # liftE_full r=24
54335403501,0,-85370493600,0,61067200170,0,-26314890272,0,7612937697,0,-1558660512,0,231696414,0,-25207680,0,1992846,0,-111680,0,4212,0,-96,0,1 # liftE_full r=16
5682657651775253,0,-3390013242281544,0,923259250210044,0,-151795259205188,0,16780192581456,0,-1313943393288,0,74728914750,0,-3110380272,0,94031049,0,-2013592,0,28992,0,-252,0,1 # liftE_full r=24
17460297335737041,0,-9462013203853224,0,2341983427461000,0,-350100583336656,0,35204897106471,0,-2508719059848,0,129906798782,0,-4925203944,0,135690852,0,-2649244,0,34794,0,-276,0,1 # liftE_full r=24
9813806109,0,-20699833536,0,19360258380,0,-10611951200,0,3795634995,0,-933281568,0,161818278,0,-19950336,0,1737900,0,-104480,0,4122,0,-96,0,1 # liftE_full r=24
117002182809,0,-180849730968,0,126478802700,0,-52900285680,0,14732832048,0,-2877628572,0,404145778,0,-41121864,0,3008913,0,-154440,0,5280,0,-108,0,1 # liftE_full r=24
5281663037793,0,-5764790491488,0,2861641786212,0,-854151620544,0,170717395476,0,-24067995408,0,2454087890,0,-182349792,0,9799893,0,-371520,0,9432,0,-144,0,1 # liftE_full r=24
27434380269,0,-48028369536,0,38014844712,0,-17981751904,0,5659655955,0,-1248446688,0,197887706,0,-22710528,0,1873188,0,-108320,0,4170,0,-96,0,1 # liftE_full r=24
2221939395201,0,-2574158849262,0,1358244983934,0,-431713541496,0,92080206780,0,-13886878386,0,1518700103,0,-121370064,0,7035570,0,-288532,0,7947,0,-132,0,1 # liftE_full r=24
116361864768,0,-169620587712,0,113024261760,0,-45522699440,0,12343271148,0,-2373554112,0,331896757,0,-34001064,0,2532507,0,-133734,0,4752,0,-102,0,1 # liftE_full r=12
37333,0,-132216,0,-28428,0,309424,0,-9201,0,-153648,0,142,0,19896,0,696,0,-868,0,-54,0,12,0,1 # liftE_full r=12
27433710809,0,-48027787584,0,38014639380,0,-17981714400,0,5659652223,0,-1248446496,0,197887702,0,-22710528,0,1873188,0,-108320,0,4170,0,-96,0,1 # liftE_full r=24
1292786496,0,-320132736,0,-900966960,0,462607728,0,-26756928,0,-27512592,0,6731893,0,-349104,0,-66141,0,9822,0,-300,0,-18,0,1 # liftE_full r=16
59893542297,0,-92567385216,0,65234094408,0,-27736696000,0,7929806886,0,-1606888800,0,236776178,0,-25573440,0,2010081,0,-112160,0,4218,0,-96,0,1 # liftE_full r=16
2950583015781,0,-3258478806660,0,1646331748218,0,-503310849580,0,103714363341,0,-15178545756,0,1617937022,0,-126580080,0,7214466,0,-292160,0,7980,0,-132,0,1 # liftE_full r=16
2946264919977,0,-3255299968536,0,1645310748516,0,-503123877872,0,103693002648,0,-15176986308,0,1617865962,0,-126578232,0,7214445,0,-292160,0,7980,0,-132,0,1 # liftE_full r=12
117241727398,0,-181096405740,0,126587726242,0,-52927195212,0,14736897295,0,-2878013052,0,404168018,0,-41122584,0,3008923,0,-154440,0,5280,0,-108,0,1 # liftE_full r=24
1673913371729974,0,-1107812261878956,0,334584700570914,0,-60981102908616,0,7470137022565,0,-647956654320,0,40807722640,0,-1880192508,0,62899984,0,-1490052,0,23726,0,-228,0,1 # liftE_full r=24
51162307951222081,0,-25818670911164252,0,5932905644372308,0,-820831855643876,0,76146485366579,0,-4989473223880,0,236767824168,0,-8197768216,0,205519603,0,-3637996,0,43156,0,-308,0,1 # liftE_full r=24
232710761344,0,-279371481472,0,172150716896,0,-68825207200,0,19028564436,0,-3725870048,0,522229260,0,-52477416,0,3745414,0,-185184,0,6026,0,-116,0,1 # liftE_full r=16
8836,0,194488,0,-129152,0,-177776,0,115948,0,40372,0,-27600,0,-3100,0,2509,0,64,0,-88,0,0,0,1 # liftE_full r=12
1430112162502,0,-1781740800268,0,1005220176118,0,-339524021100,0,76453523249,0,-12090375616,0,1376833472,0,-113770624,0,6771244,0,-283140,0,7898,0,-132,0,1 # liftE_full r=24
7066756192372,0,-7353154303104,0,3493131102512,0,-1001855365440,0,193223169884,0,-26402096448,0,2620948968,0,-190469088,0,10057269,0,-376320,0,9472,0,-144,0,1 # liftE_full r=20
566705341837,0,-747814868000,0,448502880200,0,-161633085680,0,38977741142,0,-6625450040,0,813940434,0,-72815840,0,4708198,0,-214600,0,6546,0,-120,0,1 # liftE_full r=24
135838,0,173896,0,-566942,0,5516,0,442877,0,-224320,0,-88,0,25332,0,-5840,0,-56,0,182,0,-24,0,1 # liftE_full r=16
757027812214,0,-953514807720,0,547694390386,0,-189732425000,0,44155870625,0,-7274027200,0,869859920,0,-76093120,0,4833164,0,-217400,0,6574,0,-120,0,1 # liftE_full r=16
10590026654962246,0,-5965881117761168,0,1535886493589242,0,-238938660542868,0,25017561179897,0,-1857243248960,0,100241410724,0,-3963321548,0,113926516,0,-2321952,0,31850,0,-264,0,1 # liftE_full r=24
1971145430686,0,-2324187805412,0,1247400378978,0,-402908303028,0,87220673315,0,-13330629532,0,1474938278,0,-119032936,0,6954463,0,-286880,0,7932,0,-132,0,1 # liftE_full r=24
665852368294,0,-856982493160,0,502028320258,0,-177018879560,0,41848611989,0,-6988761200,0,845520420,0,-74677760,0,4779472,0,-216200,0,6562,0,-120,0,1 # liftE_full r=20
880225103941684,0,-614273463516472,0,195647874018496,0,-37607871737296,0,4859245838260,0,-444617118340,0,29541034776,0,-1436056628,0,50692957,0,-1267264,0,21296,0,-216,0,1 # liftE_full r=24
37894877974,0,-62979705884,0,47490994984,0,-21487819286,0,6498088797,0,-1383845800,0,212842794,0,-23826348,0,1927030,0,-109838,0,4189,0,-96,0,1 # liftE_full r=24
4430755793086,0,-4985528046576,0,2543749850986,0,-778101863280,0,158904261437,0,-22823182944,0,2363972844,0,-177924096,0,9658752,0,-368880,0,9410,0,-144,0,1 # liftE_full r=24
150850906573,0,-223415112528,0,150251161184,0,-60661449000,0,16372565158,0,-3111828084,0,427045630,0,-42635664,0,3073678,0,-156060,0,5298,0,-108,0,1 # liftE_full r=24
605135938966,0,-789837954520,0,468982138926,0,-167489040120,0,40065608003,0,-6762626120,0,825830702,0,-73515440,0,4734943,0,-215200,0,6552,0,-120,0,1 # liftE_full r=24
2253278876404,0,-2601404213408,0,1368925635040,0,-434204088208,0,92463366476,0,-13927572208,0,1521725184,0,-121525624,0,7040869,0,-288640,0,7948,0,-132,0,1 # liftE_full r=20
108610359793,0,-159979406776,0,107663664992,0,-43768128822,0,11968925363,0,-2319164586,0,326448231,0,-33629598,0,2516019,0,-133304,0,4747,0,-102,0,1 # liftE_full r=16
463386301486,0,-632352579080,0,391119118154,0,-144937812920,0,35829783323,0,-6223583480,0,778766658,0,-70731440,0,4628143,0,-212800,0,6528,0,-120,0,1 # liftE_full r=24
82834444342,0,-136162492452,0,100633427718,0,-44201294820,0,12846873649,0,-2602511424,0,376798912,0,-39292416,0,2930044,0,-152460,0,5258,0,-108,0,1 # liftE_full r=24
24502,0,78784,0,-22706,0,-145620,0,71849,0,35848,0,-20980,0,-2900,0,2116,0,72,0,-82,0,0,0,1 # liftE_full r=12
75769179841,0,-126365261184,0,94667635696,0,-42102169632,0,12374511732,0,-2531499156,0,369574974,0,-38801088,0,2908640,0,-151920,0,5252,0,-108,0,1 # liftE_full r=24
10582452563927278,0,-5962686587392624,0,1535288091291646,0,-238873325099644,0,25012979373973,0,-1857029245096,0,100234753704,0,-3963188564,0,113924968,0,-2321944,0,31850,0,-264,0,1 # liftE_full r=24
80523133990782121,0,-39103521284017876,0,8649056020914632,0,-1152048644507872,0,102911577343411,0,-6494317096296,0,296834496560,0,-9899825952,0,239071627,0,-4076180,0,46568,0,-320,0,1 # liftE_full r=24
1764328073106532,0,-1157226030226408,0,346688998656520,0,-62731215090320,0,7635541329116,0,-658633971956,0,41284495388,0,-1894733868,0,63189901,0,-1493464,0,23744,0,-228,0,1 # liftE_full r=24
117240353998,0,-181095346980,0,126587395262,0,-52927141644,0,14736892567,0,-2878012836,0,404168014,0,-41122584,0,3008923,0,-154440,0,5280,0,-108,0,1 # liftE_full r=24
194525022352,0,-276236079696,0,178731475432,0,-69675018008,0,18226574144,0,-3370785052,0,451918910,0,-44258074,0,3142463,0,-157772,0,5317,0,-108,0,1 # liftE_full r=24
10315344864814006,0,-5837260329128200,0,1508873390610646,0,-235587748179204,0,24745673582729,0,-1842165847768,0,99662691812,0,-3948139948,0,113666020,0,-2319312,0,31838,0,-264,0,1 # liftE_full r=24
169514578996,0,-246945116880,0,163416645624,0,-64965099312,0,17282551444,0,-3241863432,0,439764020,0,-43476552,0,3109657,0,-156960,0,5308,0,-108,0,1 # liftE_full r=20
406474053454,0,-568590067640,0,359369498982,0,-135687759560,0,34083933989,0,-6000557200,0,759237020,0,-69573760,0,4583672,0,-211800,0,6518,0,-120,0,1 # liftE_full r=24
242644,0,11832,0,-795264,0,276496,0,420260,0,-275580,0,17256,0,25108,0,-6563,0,64,0,176,0,-24,0,1 # liftE_full r=16
30674279662,0,-52679558560,0,40975146842,0,-19081207648,0,5923436027,0,-1291155040,0,202613538,0,-23063488,0,1890223,0,-108800,0,4176,0,-96,0,1 # liftE_full r=24
48337981204,0,-77267826176,0,56194435936,0,-24596076160,0,7218850484,0,-1497253120,0,225106800,0,-24726592,0,1969969,0,-111040,0,4204,0,-96,0,1 # liftE_full r=16
88516,0,286888,0,20032,0,-379472,0,-93404,0,133132,0,42240,0,-12076,0,-5615,0,-176,0,164,0,24,0,1 # liftE_full r=8
-156362,0,847988,0,1624750,0,-2361408,0,377405,0,585320,0,-323944,0,53468,0,4984,0,-3228,0,506,0,-36,0,1 # liftE_full r=18
-589449011,0,7686937820,0,-2271375151,0,-2129466062,0,1713699325,0,-581199686,0,118613919,0,-16033112,0,1479925,0,-92832,0,3802,0,-92,0,1 # liftE_full r=14
177974043021,0,-256797026838,0,168532543701,0,-66527069346,0,17593525440,0,-3284109912,0,443735428,0,-43731908,0,3120412,0,-157228,0,5311,0,-108,0,1 # liftE_full r=24
63697134218644,0,-55970630421392,0,22442682436488,0,-5427715991176,0,881394314429,0,-101189690358,0,8416713471,0,-510707876,0,22418821,0,-693744,0,14351,0,-178,0,1 # liftE_full r=16
150852464101,0,-223416263952,0,150251508976,0,-60661503864,0,16372569922,0,-3111828300,0,427045634,0,-42635664,0,3073678,0,-156060,0,5298,0,-108,0,1 # liftE_full r=24
53372358454,0,-83905023968,0,60102705662,0,-25950326304,0,7524799601,0,-1544361984,0,230115456,0,-25089792,0,1987164,0,-111520,0,4210,0,-96,0,1 # liftE_full r=16
-365507759,0,492285612,0,-157596312,0,-54258344,0,38041795,0,-2465944,0,-2138944,0,424160,0,9779,0,-10308,0,1176,0,-56,0,1 # liftE_full r=10
4059928,0,-21218600,0,24850160,0,10261676,0,-10948843,0,-528468,0,1014456,0,-30540,0,-28966,0,2300,0,224,0,-32,0,1 # liftE_full r=8
19646146726,0,-36346417376,0,30277580814,0,-15004856928,0,4923445907,0,-1126226080,0,184096046,0,-21665728,0,1822303,0,-106880,0,4152,0,-96,0,1 # liftE_full r=24
29487661,0,112659092,0,-86420876,0,-18213080,0,23655387,0,-2539608,0,-1502360,0,368112,0,2607,0,-9196,0,1140,0,-56,0,1 # liftE_full r=12
5284697023318,0,-5766997744176,0,2862335863426,0,-854274786960,0,170730882403,0,-24068928528,0,2454127730,0,-182350752,0,9799903,0,-371520,0,9432,0,-144,0,1 # liftE_full r=24
495913602637,0,-669127578400,0,409586451720,0,-150359615280,0,36859996382,0,-6355935560,0,790408526,0,-71423840,0,4654798,0,-213400,0,6534,0,-120,0,1 # liftE_full r=24
466835838004,0,-602855418660,0,356330901286,0,-127455794650,0,30722750747,0,-5256912956,0,654642671,0,-59772986,0,3970994,0,-187174,0,5941,0,-114,0,1 # liftE_full r=16
39361226164,0,-65143134848,0,48901900712,0,-22022786688,0,6628585076,0,-1405235520,0,215228508,0,-24005184,0,1935657,0,-110080,0,4192,0,-96,0,1 # liftE_full r=20
5853927965993614,0,-3475372177865340,0,942340254761142,0,-154314674240680,0,16997797638137,0,-1326790023168,0,75253911252,0,-3125044996,0,94299004,0,-2016484,0,29006,0,-252,0,1 # liftE_full r=24
82504141414,0,-135832748796,0,100492010658,0,-44167251924,0,12841839781,0,-2602042920,0,376772092,0,-39291552,0,2930032,0,-152460,0,5258,0,-108,0,1 # liftE_full r=24
666538963702,0,-857616124120,0,502278790606,0,-177074262440,0,41856104561,0,-6989396480,0,845553408,0,-74678720,0,4779484,0,-216200,0,6562,0,-120,0,1 # liftE_full r=20
50091485138608696,0,-25328673530834560,0,5832866540412824,0,-808828983865808,0,75209050964164,0,-4939666262432,0,234944361600,0,-8152339808,0,204782446,0,-3630960,0,43126,0,-308,0,1 # liftE_full r=24
138856689646,0,-208513800108,0,142019593298,0,-57999914172,0,15814908115,0,-3032725428,0,419352838,0,-42129144,0,3052063,0,-155520,0,5292,0,-108,0,1 # liftE_full r=24
27525543373,0,-48134650240,0,38067922328,0,-17996567488,0,5662182302,0,-1248716128,0,197905266,0,-22711168,0,1873198,0,-108320,0,4170,0,-96,0,1 # liftE_full r=24
24650800198,0,-43908875872,0,35319991142,0,-16956379360,0,5408507783,0,-1207085536,0,193249674,0,-22360768,0,1856203,0,-107840,0,4164,0,-96,0,1 # liftE_full r=24
1674698341837,0,-2029044894800,0,1116450725328,0,-368821469016,0,81456987662,0,-12669233500,0,1422777182,0,-116241136,0,6857398,0,-284900,0,7914,0,-132,0,1 # liftE_full r=24
232656884212,0,-321355687968,0,202584569600,0,-77094766512,0,19730553356,0,-3578379120,0,471681648,0,-45539496,0,3196629,0,-159120,0,5332,0,-108,0,1 # liftE_full r=16
1769075213398,0,-2123883829540,0,1158879761522,0,-379946460388,0,83349780095,0,-12887547508,0,1440063858,0,-117169096,0,6889723,0,-285560,0,7920,0,-132,0,1 # liftE_full r=24
2079672333326,0,-2430238612384,0,1293670437572,0,-414776080972,0,89202125429,0,-13555631452,0,1492536342,0,-119969080,0,6986881,0,-287540,0,7938,0,-132,0,1 # liftE_full r=24
63932467574392,0,-59129797687680,0,24718214097248,0,-6162581113920,0,1019690433836,0,-117960250592,0,9785988160,0,-586947600,0,25277018,0,-762768,0,15320,0,-184,0,1 # liftE_full r=20
-602798,0,363344,0,1804460,0,-2133176,0,360285,0,462988,0,-251212,0,34196,0,7708,0,-3428,0,512,0,-36,0,1 # liftE_full r=18
-92095048,0,-272897664,0,-49521152,0,168237344,0,-24310740,0,-32145248,0,17583360,0,-4273360,0,601994,0,-52112,0,2736,0,-80,0,1 # liftE_full r=14
30671159969786638,0,-15789115288061744,0,3715436023920740,0,-528472218125812,0,50603889448245,0,-3436607152228,0,169726889120,0,-6142242788,0,161651776,0,-3017332,0,37916,0,-288,0,1 # liftE_full r=24
496104531662,0,-669298618880,0,409652456144,0,-150373936520,0,36861906413,0,-6356095880,0,790416798,0,-71424080,0,4654801,0,-213400,0,6534,0,-120,0,1 # liftE_full r=24
33287821777694408,0,-17355078664538624,0,4122076794627408,0,-589757189197248,0,56607033517804,0,-3839943967296,0,188759160240,0,-6774528016,0,176171158,0,-3237120,0,39892,0,-296,0,1 # liftE_full r=24
57170412536493704,0,-28332999722458976,0,6403715136206400,0,-872774795226864,0,79885461553612,0,-5172944683328,0,242982754880,0,-8341259904,0,207680470,0,-3657160,0,43232,0,-308,0,1 # liftE_full r=24
107601613982,0,-168584832432,0,119398599916,0,-50520630564,0,14217459805,0,-2802504852,0,396682406,0,-40622760,0,2987401,0,-153900,0,5274,0,-108,0,1 # liftE_full r=24
2364872,0,6008384,0,1182160,0,-5641568,0,-3247956,0,379392,0,436048,0,10736,0,-18506,0,-1520,0,228,0,32,0,1 # liftE_full r=8
144047112434613911,0,-65992783225012964,0,13791231947550174,0,-1738378641346860,0,147194937180919,0,-8819947735080,0,383473635804,0,-12188817304,0,281088433,0,-4586340,0,50254,0,-332,0,1 # liftE_full r=24
3993593476,0,2504052552,0,-3013367920,0,333303492,0,467833453,0,-247901292,0,62618014,0,-9791272,0,1015135,0,-70468,0,3170,0,-84,0,1 # liftE_full r=12
669137355236,0,-859858369280,0,503115896064,0,-177250857760,0,41879131444,0,-6991297200,0,845650420,0,-74681520,0,4779519,0,-216200,0,6562,0,-120,0,1 # liftE_full r=20
10581724798608356,0,-5962191764874256,0,1535161951371976,0,-238856110083368,0,25011546568356,0,-1856952576240,0,100232091432,0,-3963130380,0,113924239,0,-2321940,0,31850,0,-264,0,1 # liftE_full r=24
2378394677116,0,-2720323847472,0,1419523157736,0,-446895684576,0,94541920696,0,-14159830784,0,1539659064,0,-122470568,0,7073387,0,-289300,0,7954,0,-132,0,1 # liftE_full r=20
1868292334274,0,-2222593606552,0,1202645513096,0,-391331670268,0,85273795913,0,-13108225900,0,1457460894,0,-118099960,0,6922081,0,-286220,0,7926,0,-132,0,1 # liftE_full r=24
22053675074,0,-40013151296,0,32739790020,0,-15963709728,0,5163032585,0,-1166336992,0,188651882,0,-22012480,0,1839241,0,-107360,0,4158,0,-96,0,1 # liftE_full r=24
5784818297729,0,-6218140283616,0,3043910915444,0,-897204349056,0,177332646808,0,-24758849520,0,2503747726,0,-184776000,0,9877006,0,-372960,0,9444,0,-144,0,1 # liftE_full r=24
130945515625,0,-200727262500,0,138798828750,0,-57287181500,0,15729373375,0,-3028872040,0,419707036,0,-42195544,0,3056535,0,-155668,0,5294,0,-108,0,1 # liftE_full r=24
225351224721404,0,-178624647506392,0,64487375278050,0,-14019870903644,0,2044026103877,0,-210515762114,0,15702761223,0,-854647596,0,33680846,0,-937166,0,17474,0,-196,0,1 # liftE_full r=24
7795685653768,0,-7897010974048,0,4020071205072,0,-1261643059008,0,262147978780,0,-37538441312,0,3792507664,0,-272943520,0,13929742,0,-493112,0,11524,0,-160,0,1 # liftE_full r=20
-2832056,0,16972192,0,5075184,0,-12244896,0,695644,0,2775200,0,-860432,0,-42176,0,63838,0,-13048,0,1228,0,-56,0,1 # liftE_full r=14
5993864,0,-20146912,0,-33302400,0,-9717552,0,4677772,0,2480064,0,-29472,0,-164000,0,-18890,0,2520,0,640,0,44,0,1 # liftE_full r=8
-199280008,0,169349760,0,21108448,0,-54424960,0,10334636,0,4327392,0,-1770240,0,83920,0,58778,0,-13232,0,1240,0,-56,0,1 # liftE_full r=14
520308196,0,335307808,0,-256185268,0,-101070744,0,38525917,0,6464180,0,-2441182,0,-49636,0,49251,0,-852,0,-382,0,8,0,1 # liftE_full r=12
-21879304,0,9030688,0,55849360,0,-3943568,0,-22610548,0,7894944,0,660208,0,-897712,0,222394,0,-27608,0,1892,0,-68,0,1 # liftE_full r=14
1769508936353,0,-2124231946232,0,1159000354068,0,-379969997616,0,83352610160,0,-12887762140,0,1440073886,0,-117169360,0,6889726,0,-285560,0,7920,0,-132,0,1 # liftE_full r=24
7046282977774,0,-7345019455228,0,3493772577914,0,-1002890174168,0,193513769795,0,-26445971500,0,2625074300,0,-190718752,0,10066775,0,-376528,0,9474,0,-144,0,1 # liftE_full r=20
200310488338,0,-283446140184,0,182722781088,0,-70967660436,0,18497862765,0,-3409347024,0,455679768,0,-44506656,0,3153124,0,-158040,0,5320,0,-108,0,1 # liftE_full r=20
29425995758,0,-50941163688,0,39877682240,0,-18667281200,0,5820233377,0,-1273424732,0,200495418,0,-22890448,0,1881007,0,-108512,0,4172,0,-96,0,1 # liftE_full r=24
254,0,246304,0,-567124,0,81068,0,325981,0,-167452,0,-7256,0,22692,0,-4808,0,-188,0,188,0,-24,0,1 # liftE_full r=16
24676265297,0,-43939082944,0,35335312172,0,-16960712704,0,5409254528,0,-1207165792,0,193254930,0,-22360960,0,1856206,0,-107840,0,4164,0,-96,0,1 # liftE_full r=24
4877254183396,0,-5397702741504,0,2713082716224,0,-818860639680,0,165268459764,0,-23496674400,0,2412891564,0,-180332448,0,9735679,0,-370320,0,9422,0,-144,0,1 # liftE_full r=24
1675126819742,0,-2029389847408,0,1116570538076,0,-368844905836,0,81459810605,0,-12669447868,0,1422787206,0,-116241400,0,6857401,0,-284900,0,7914,0,-132,0,1 # liftE_full r=24
49390337273,0,-77972266160,0,56215562288,0,-24470439008,0,7161355630,0,-1484085492,0,223268608,0,-24563200,0,1960896,0,-110752,0,4200,0,-96,0,1 # liftE_full r=16
150937578446,0,-223500252096,0,150287248852,0,-60670065348,0,16373832229,0,-3111945588,0,427052342,0,-42635880,0,3073681,0,-156060,0,5298,0,-108,0,1 # liftE_full r=24
76622311,0,-40745168,0,-47637534,0,10965144,0,11787063,0,13024,0,-1184556,0,-188208,0,26113,0,10352,0,1154,0,56,0,1 # liftE_full r=8
7391737740676,0,-7631581522176,0,3600104284512,0,-1026129567168,0,196826339700,0,-26767702368,0,2646633036,0,-191702688,0,10096039,0,-377040,0,9478,0,-144,0,1 # liftE_full r=20
2079666560834,0,-2430235241192,0,1293669628032,0,-414775978716,0,89202118265,0,-13555631188,0,1492536338,0,-119969080,0,6986881,0,-287540,0,7938,0,-132,0,1 # liftE_full r=24
80292257011204,0,-69139658724904,0,27146810407816,0,-6425185148316,0,1020723418669,0,-114630842220,0,9328782974,0,-554134440,0,23836119,0,-723812,0,14722,0,-180,0,1 # liftE_full r=20
181136006401,0,-261761418880,0,171803125184,0,-67743508496,0,17879783216,0,-3328976140,0,448502336,0,-44072128,0,3136064,0,-157648,0,5316,0,-108,0,1 # liftE_full r=20
1763890762006702,0,-1156969094324848,0,346624422041360,0,-62722009402328,0,7634715929341,0,-658585504420,0,41282626384,0,-1894688140,0,63189256,0,-1493460,0,23744,0,-228,0,1 # liftE_full r=24
355448715652,0,-507840259200,0,327453268960,0,-125947469600,0,32172194740,0,-5748428080,0,736605268,0,-68207920,0,4530599,0,-210600,0,6506,0,-120,0,1 # liftE_full r=24
2143262702116,0,-2494104980928,0,1322207894320,0,-422246551056,0,90470901988,0,-13701723112,0,1504087180,0,-120588424,0,7008439,0,-287980,0,7942,0,-132,0,1 # liftE_full r=20
795086806190656,0,-581336922335360,0,192867837270976,0,-38381970305792,0,5101411266240,0,-476919190144,0,32146384464,0,-1573530352,0,55491952,0,-1374480,0,22688,0,-224,0,1 # liftE_full r=24
6422023066418591,0,-3858543087249492,0,1055650776525502,0,-173876289860788,0,19200419361623,0,-1497268178648,0,84532748332,0,-3480870616,0,103734025,0,-2181412,0,30718,0,-260,0,1 # liftE_full r=24
330091679006,0,-477696510880,0,311617102744,0,-121110027720,0,31221370693,0,-5622830000,0,725314900,0,-67525760,0,4504072,0,-210000,0,6500,0,-120,0,1 # liftE_full r=24
107600299394,0,-168583803912,0,119398274504,0,-50520577428,0,14217455089,0,-2802504636,0,396682402,0,-40622760,0,2987401,0,-153900,0,5274,0,-108,0,1 # liftE_full r=24
216388272242,0,-300881872944,0,191142048100,0,-73350236404,0,18935168205,0,-3463695500,0,460306170,0,-44772584,0,3162980,0,-158252,0,5322,0,-108,0,1 # liftE_full r=16
-171214,0,-126272,0,348692,0,64592,0,-209051,0,28940,0,34444,0,-9324,0,-1436,0,652,0,-16,0,-12,0,1 # liftE_full r=14
-338698688,0,691888384,0,-544973928,0,180467904,0,7497292,0,-29147616,0,11967378,0,-2682744,0,380033,0,-34956,0,2032,0,-68,0,1 # liftE_full r=22
127743945422,0,-194495522688,0,134168751668,0,-55430588772,0,15270965173,0,-2954905164,0,411733690,0,-41625000,0,3030481,0,-154980,0,5286,0,-108,0,1 # liftE_full r=24
127745377634,0,-194496611688,0,134169088216,0,-55430642772,0,15270969913,0,-2954905380,0,411733694,0,-41625000,0,3030481,0,-154980,0,5286,0,-108,0,1 # liftE_full r=24
6322724946137,0,-6696342627744,0,3233880330044,0,-941606801472,0,184094259820,0,-25459757424,0,2553834814,0,-187212480,0,9954226,0,-374400,0,9456,0,-144,0,1 # liftE_full r=24
6584231,0,49030004,0,-268655826,0,27353340,0,254976919,0,163608200,0,50782844,0,9324024,0,1079233,0,79540,0,3614,0,92,0,1 # liftE_full r=4
-91678,0,343144,0,-200872,0,-207916,0,147709,0,39836,0,-31280,0,-2652,0,2596,0,52,0,-88,0,0,0,1 # liftE_full r=14
22054271006,0,-40013690752,0,32739986552,0,-15963746464,0,5163036293,0,-1166337184,0,188651886,0,-22012480,0,1839241,0,-107360,0,4158,0,-96,0,1 # liftE_full r=24
1971622919609,0,-2324561944408,0,1247527311860,0,-402932649856,0,87223560500,0,-13330846276,0,1474948338,0,-119033200,0,6954466,0,-286880,0,7932,0,-132,0,1 # liftE_full r=24
438169908687518,0,-324372621731056,0,109579927941112,0,-22337945785808,0,3060365740341,0,-296864988756,0,20907052200,0,-1077102540,0,40287856,0,-1066980,0,18992,0,-204,0,1 # liftE_full r=24
38392425118,0,-64105211052,0,48445925754,0,-21923617320,0,6620655123,0,-1406430348,0,215632188,0,-24055872,0,1939127,0,-110208,0,4194,0,-96,0,1 # liftE_full r=20
3216233573423764,0,-2009252430616236,0,573195260430922,0,-98738488791344,0,11438636531683,0,-938859116940,0,55982919774,0,-2443548080,0,77485232,0,-1740856,0,26304,0,-240,0,1 # liftE_full r=24
5785458106999,0,-6218599592928,0,3044053695188,0,-897229444224,0,177335373976,0,-24759037152,0,2503755708,0,-184776192,0,9877008,0,-372960,0,9444,0,-144,0,1 # liftE_full r=24
7162406315001,0,-7436173547376,0,3525384750930,0,-1009249158204,0,194331666447,0,-26515745952,0,2629023323,0,-190861768,0,10069783,0,-376556,0,9474,0,-144,0,1 # liftE_full r=24
1332155818304,0,-1678069154784,0,956662444288,0,-326275190208,0,74122262388,0,-11813995556,0,1354474922,0,-112551560,0,6728351,0,-282260,0,7890,0,-132,0,1 # liftE_full r=24
37375255436,0,-62235974560,0,47021091002,0,-21314773472,0,6456863247,0,-1377194336,0,212105650,0,-23770880,0,1924316,0,-109760,0,4188,0,-96,0,1 # liftE_full r=20
1328932362176,0,-1675433849056,0,955734799712,0,-326091690848,0,74099963244,0,-11812291172,0,1354394890,0,-112549448,0,6728327,0,-282260,0,7890,0,-132,0,1 # liftE_full r=24
150995088436,0,-223556814396,0,150311248378,0,-60675800364,0,16374676147,0,-3112023888,0,427056816,0,-42636024,0,3073683,0,-156060,0,5298,0,-108,0,1 # liftE_full r=24
24693550919,0,-43959497408,0,35345625900,0,-16963620096,0,5409754216,0,-1207219392,0,193258436,0,-22361088,0,1856208,0,-107840,0,4164,0,-96,0,1 # liftE_full r=24
22069125004,0,-40031917664,0,32749507686,0,-15966506336,0,5163521131,0,-1166390016,0,188655376,0,-22012608,0,1839243,0,-107360,0,4158,0,-96,0,1 # liftE_full r=24
605498579599,0,-790152377520,0,469100079676,0,-167514030080,0,40068878752,0,-6762896880,0,825844548,0,-73515840,0,4734948,0,-215200,0,6552,0,-120,0,1 # liftE_full r=24
1488701361776,0,-1841577123408,0,1032357611032,0,-346720699600,0,77689336272,0,-12233965172,0,1388267346,0,-114386888,0,6792767,0,-283580,0,7902,0,-132,0,1 # liftE_full r=24
4265161068544,0,-4755029925888,0,2413670626304,0,-737313836160,0,150886046912,0,-21780113104,0,2272493313,0,-172563496,0,9457424,0,-364498,0,9368,0,-144,0,1 # liftE_full r=24
5262209420876,0,-5750813157936,0,2857293812866,0,-853386993552,0,170634266131,0,-24062274288,0,2453844462,0,-182343936,0,9799832,0,-371520,0,9432,0,-144,0,1 # liftE_full r=24
123356,0,-217676,0,-498938,0,354968,0,220239,0,-190860,0,6078,0,23536,0,-5860,0,-24,0,180,0,-24,0,1 # liftE_full r=16
27571546804,0,-48188132896,0,38094574562,0,-18003994976,0,5663447371,0,-1248850944,0,197914048,0,-22711488,0,1873203,0,-108320,0,4170,0,-96,0,1 # liftE_full r=24
454605319623856,0,-334417224439952,0,112331625806600,0,-22782907357704,0,3107398881336,0,-300260542568,0,21076613658,0,-1082885480,0,40416767,0,-1068676,0,19002,0,-204,0,1 # liftE_full r=24
2298278734016,0,-2643563925024,0,1386627912736,0,-438592054560,0,93174601332,0,-14006355836,0,1527765974,0,-121842248,0,7051727,0,-288860,0,7950,0,-132,0,1 # liftE_full r=20
10534405498948036,0,-5939967359555764,0,1530487349598354,0,-238276226468328,0,24964562731235,0,-1854354455732,0,100132782846,0,-3960539440,0,113880080,0,-2321496,0,31848,0,-264,0,1 # liftE_full r=24
15299237502513281,0,-8463245883869328,0,2135114843479442,0,-324812843729772,0,33184528582951,0,-2398480250840,0,125746565652,0,-4817981856,0,133884695,0,-2631288,0,34714,0,-276,0,1 # liftE_full r=24
10483456,0,-6055680,0,-8470336,0,7123520,0,-16720,0,-1176464,0,201920,0,59912,0,-17140,0,-212,0,388,0,-36,0,1 # liftE_full r=12
685001549521,0,-876512816160,0,510934621608,0,-179412994080,0,42269246852,0,-7039297720,0,849730162,0,-74918080,0,4788476,0,-216400,0,6564,0,-120,0,1 # liftE_full r=20
488926176139529,0,-381845619961740,0,134422382075078,0,-28171292037376,0,3915444126695,0,-380540830464,0,26547740108,0,-1340983560,0,48726863,0,-1243348,0,21166,0,-216,0,1 # liftE_full r=20
30722313439,0,-52734804032,0,41002419204,0,-19088748032,0,5924712304,0,-1291290432,0,202622332,0,-23063808,0,1890228,0,-108800,0,4176,0,-96,0,1 # liftE_full r=24
5785477354759,0,-6218609935392,0,3044055978540,0,-897229709184,0,177335391016,0,-24759037728,0,2503755716,0,-184776192,0,9877008,0,-372960,0,9444,0,-144,0,1 # liftE_full r=24
117362330119,0,-181220346648,0,126642367180,0,-52940677824,0,14738932312,0,-2878205400,0,404179140,0,-41122944,0,3008928,0,-154440,0,5280,0,-108,0,1 # liftE_full r=24
8000806945747261,0,-4706922480526724,0,1261486262408514,0,-203635198564864,0,22048572561599,0,-1686706782016,0,93466203764,0,-3779492376,0,110666627,0,-2287836,0,31690,0,-264,0,1 # liftE_full r=24
107647547564,0,-168632621964,0,119419895906,0,-50525932716,0,14218265779,0,-2802581424,0,396686848,0,-40622904,0,2987403,0,-153900,0,5274,0,-108,0,1 # liftE_full r=24
-5651735564,0,16056026116,0,-12200323026,0,3649294106,0,-129236645,0,-228169180,0,76510914,0,-12963860,0,1358048,0,-91472,0,3872,0,-94,0,1 # liftE_full r=18
13457070784,0,-26620109056,0,23559259664,0,-12322765696,0,4238956764,0,-1009636448,0,170676162,0,-20634560,0,1771631,0,-105440,0,4134,0,-96,0,1 # liftE_full r=24
496231330324,0,-669412321560,0,409696370878,0,-150383471480,0,36863178787,0,-6356202720,0,790422312,0,-71424240,0,4654803,0,-213400,0,6534,0,-120,0,1 # liftE_full r=24
2080001159716,0,-2430494187924,0,1293756539338,0,-414792499396,0,89204063347,0,-13555776432,0,1492543056,0,-119969256,0,6986883,0,-287540,0,7938,0,-132,0,1 # liftE_full r=24
40575901,0,-32575956,0,-38783794,0,3014984,0,8653919,0,1099168,0,-631060,0,-171352,0,2819,0,5908,0,838,0,48,0,1 # liftE_full r=8
80868067556,0,-133335460764,0,98853715546,0,-43556387724,0,12698085271,0,-2579687028,0,374440878,0,-39130272,0,2922932,0,-152280,0,5256,0,-108,0,1 # liftE_full r=24
1769798950039,0,-2124464547128,0,1159080878388,0,-379985705792,0,83354498056,0,-12887905272,0,1440080572,0,-117169536,0,6889728,0,-285560,0,7920,0,-132,0,1 # liftE_full r=24
2553416565124,0,-2885147397880,0,1489066216456,0,-464209689548,0,97359152933,0,-14472914060,0,1563727902,0,-123734600,0,7116791,0,-290180,0,7962,0,-132,0,1 # liftE_full r=16
23550544,0,-49216224,0,9382384,0,22064720,0,-1338824,0,-4424088,0,-713084,0,245444,0,108297,0,17448,0,1438,0,60,0,1 # liftE_full r=8
127793993044,0,-194546486916,0,134191040510,0,-55436051628,0,15271785331,0,-2954982384,0,411738144,0,-41625144,0,3030483,0,-154980,0,5286,0,-108,0,1 # liftE_full r=24
138993158879,0,-208649779128,0,142077947324,0,-58013991648,0,15816995296,0,-3032920152,0,419364004,0,-42129504,0,3052068,0,-155520,0,5292,0,-108,0,1 # liftE_full r=24
2302098640064,0,-2646557035936,0,1387643375744,0,-438786829184,0,93197698812,0,-14008089788,0,1527846454,0,-121844360,0,7051751,0,-288860,0,7950,0,-132,0,1 # liftE_full r=20
14909707240829681,0,-8285392296713336,0,2098773571006774,0,-320436510563436,0,32840559363655,0,-2380042260280,0,125063918524,0,-4800744160,0,133600583,0,-2628528,0,34702,0,-276,0,1 # liftE_full r=24
460472502244,0,-629723981000,0,390098814650,0,-144715389560,0,35800010739,0,-6221077960,0,778637166,0,-70727680,0,4628096,0,-212800,0,6528,0,-120,0,1 # liftE_full r=24
4373578919156,0,-4929610492656,0,2519610942090,0,-772043048976,0,157924821739,0,-22716600048,0,2356062830,0,-177528576,0,9645992,0,-368640,0,9408,0,-144,0,1 # liftE_full r=24
2071738010116,0,-2424015298760,0,1291557532448,0,-414370603372,0,89154025469,0,-13552019756,0,1492368686,0,-119964680,0,6986831,0,-287540,0,7938,0,-132,0,1 # liftE_full r=24
-4076,0,-121280,0,70794,0,467300,0,164671,0,-202008,0,-145346,0,-21104,0,7532,0,3280,0,504,0,36,0,1 # liftE_full r=6
-29264,0,232768,0,-376584,0,-173176,0,200416,0,34140,0,-35678,0,-2448,0,2735,0,56,0,-90,0,0,0,1 # liftE_full r=14
1675411582684,0,-2029619283076,0,1116650282546,0,-368860513604,0,81461691379,0,-12669590736,0,1422793888,0,-116241576,0,6857403,0,-284900,0,7914,0,-132,0,1 # liftE_full r=24
149577878116,0,-222143360760,0,149704375728,0,-60529370148,0,16352965869,0,-3109998564,0,426940686,0,-42632280,0,3073631,0,-156060,0,5298,0,-108,0,1 # liftE_full r=24
15208733444,0,-29471705312,0,25590804366,0,-13155576032,0,4456232007,0,-1047302816,0,175069966,0,-20975360,0,1788476,0,-105920,0,4140,0,-96,0,1 # liftE_full r=24
1868598534884,0,-2222835877196,0,1202728402302,0,-391347681252,0,85275705211,0,-13108369824,0,1457467592,0,-118100136,0,6922083,0,-286220,0,7926,0,-132,0,1 # liftE_full r=24
-249644,0,-143048,0,452910,0,-3404,0,-195477,0,36024,0,29150,0,-8400,0,-1312,0,600,0,-12,0,-12,0,1 # liftE_full r=14
348030561644,0,-498760412520,0,322562613826,0,-124421899320,0,31867137483,0,-5707577800,0,732894830,0,-67982080,0,4521776,0,-210400,0,6504,0,-120,0,1 # liftE_full r=24
6049449783764,0,-6454168652976,0,3137948342770,0,-919240232592,0,180695583907,0,-25108079040,0,2528739320,0,-185992992,0,9915603,0,-373680,0,9450,0,-144,0,1 # liftE_full r=24
463681850719,0,-632622284880,0,391224887044,0,-144961073280,0,35832918832,0,-6223848720,0,778780412,0,-70731840,0,4628148,0,-212800,0,6528,0,-120,0,1 # liftE_full r=24
30723717919,0,-52736008128,0,41002838524,0,-19088823808,0,5924719792,0,-1291290816,0,202622340,0,-23063808,0,1890228,0,-108800,0,4176,0,-96,0,1 # liftE_full r=24
4380572910644,0,-4934749799280,0,2521241168954,0,-772334464656,0,157956918883,0,-22718830320,0,2356158318,0,-177530880,0,9646016,0,-368640,0,9408,0,-144,0,1 # liftE_full r=24
5985404934391756,0,-3540281795999032,0,956721191509674,0,-156197595047708,0,17159144316631,0,-1336244708688,0,75637608286,0,-3135693520,0,94492412,0,-2018560,0,29016,0,-252,0,1 # liftE_full r=24
219412630751,0,-305799840810,0,194413462833,0,-74567255076,0,19220718177,0,-3508302672,0,465034480,0,-45109800,0,3178511,0,-158670,0,5327,0,-108,0,1 # liftE_full r=20
6875900540396,0,-7185404684784,0,3427198631978,0,-986593953360,0,190919079607,0,-26164997136,0,2604105714,0,-189653376,0,10031492,0,-375840,0,9468,0,-144,0,1 # liftE_full r=20
46234576,0,36410016,0,-8677616,0,-12579824,0,-745960,0,1485000,0,258684,0,-63820,0,-18207,0,128,0,382,0,36,0,1 # liftE_full r=8
117359586679,0,-181218229992,0,126641705268,0,-52940570688,0,14738922856,0,-2878204968,0,404179132,0,-41122944,0,3008928,0,-154440,0,5280,0,-108,0,1 # liftE_full r=24
1795371662246588,0,-1174060607568112,0,350785831488928,0,-63320377076504,0,7690985523600,0,-662201502312,0,41443439772,0,-1899575316,0,63286387,0,-1494600,0,23750,0,-228,0,1 # liftE_full r=24
40397214497,0,-66332288708,0,49491711452,0,-22188233042,0,6657406317,0,-1408453006,0,215456945,0,-24015002,0,1935883,0,-110082,0,4192,0,-96,0,1 # liftE_full r=24
117313683473,0,-181170455832,0,126620412076,0,-52935268752,0,14738116888,0,-2878128396,0,404174690,0,-41122800,0,3008926,0,-154440,0,5280,0,-108,0,1 # liftE_full r=24
2382106458623,0,-2722926305050,0,1420269512459,0,-447003206544,0,94548644629,0,-14159645014,0,1539596167,0,-122466030,0,7073236,0,-289298,0,7954,0,-132,0,1 # liftE_full r=24
9625475525444,0,-10163020909264,0,4874691388908,0,-1403665945024,0,270078353609,0,-36558067604,0,3567402524,0,-252689636,0,12885786,0,-461020,0,10976,0,-156,0,1 # liftE_full r=20
804669698812,0,-999377856312,0,567380044364,0,-194692104792,0,44967780802,0,-7364215248,0,876739306,0,-76448568,0,4845053,0,-217632,0,6576,0,-120,0,1 # liftE_full r=16
806029533049,0,-1000527629296,0,567803932928,0,-194781081072,0,44979408374,0,-7365183732,0,876789504,0,-76450048,0,4845072,0,-217632,0,6576,0,-120,0,1 # liftE_full r=16
-40004,0,208880,0,-119632,0,-149000,0,100776,0,32752,0,-24244,0,-2428,0,2227,0,52,0,-82,0,0,0,1 # liftE_full r=14
1675121638754,0,-2029386710648,0,1116569762424,0,-368844805692,0,81459803489,0,-12669447604,0,1422787202,0,-116241400,0,6857401,0,-284900,0,7914,0,-132,0,1 # liftE_full r=24
9298,0,66280,0,-38992,0,-100564,0,59725,0,26980,0,-17780,0,-2276,0,1852,0,60,0,-76,0,0,0,1 # liftE_full r=12
605350730441,0,-790024784560,0,469052415228,0,-167503965600,0,40067565140,0,-6762788360,0,825839006,0,-73515680,0,4734946,0,-215200,0,6552,0,-120,0,1 # liftE_full r=24
6025148347775036,0,-3559335473350432,0,960813191184064,0,-156715873754504,0,17202004063560,0,-1338662007600,0,75731742348,0,-3138191748,0,94535635,0,-2019000,0,29018,0,-252,0,1 # liftE_full r=24
6048800463458,0,-6453704211936,0,3137804426452,0,-919215005232,0,180692848225,0,-25107891120,0,2528731334,0,-185992800,0,9915601,0,-373680,0,9450,0,-144,0,1 # liftE_full r=24
7890726293056,0,-8280299790272,0,3954953185776,0,-1136927051680,0,219082662108,0,-29813042492,0,2937822353,0,-211230592,0,10998512,0,-404466,0,9972,0,-148,0,1 # liftE_full r=24
37999293362,0,-63693785888,0,48259750236,0,-21876024848,0,6613133359,0,-1405677192,0,215585494,0,-24054232,0,1939102,0,-110208,0,4194,0,-96,0,1 # liftE_full r=20
11774625396292552,0,-6703105272021184,0,1738201841353680,0,-271472146169952,0,28438645859244,0,-2105004199552,0,112878831888,0,-4418041776,0,125251894,0,-2508080,0,33668,0,-272,0,1 # liftE_full r=24
91119637918,0,-147294163152,0,107219287164,0,-46460094804,0,13344141621,0,-2675933496,0,384164244,0,-39788352,0,2951512,0,-153000,0,5264,0,-108,0,1 # liftE_full r=24
5530516033154,0,-5989510295904,0,2952168850340,0,-875571249072,0,174013425385,0,-24412624848,0,2478883882,0,-183562080,0,9838441,0,-372240,0,9438,0,-144,0,1 # liftE_full r=24
802102262626,0,-1002120785444,0,571172298902,0,-196423924848,0,45402428015,0,-7432659196,0,883827380,0,-76933424,0,4866223,0,-218168,0,6582,0,-120,0,1 # liftE_full r=16
46239808,0,-144519808,0,151687360,0,-62209024,0,3137280,0,4606336,0,-975312,0,-57872,0,29632,0,-720,0,-280,0,8,0,1 # liftE_full r=16
463566093401,0,-632516079440,0,391183043972,0,-144951836000,0,35831669900,0,-6223742840,0,778774914,0,-70731680,0,4628146,0,-212800,0,6528,0,-120,0,1 # liftE_full r=24
19764236000548088,0,-10782306162267392,0,2678874841199056,0,-400791939279184,0,40214329546956,0,-2850705673728,0,146386746160,0,-5486364800,0,148934122,0,-2855680,0,36708,0,-284,0,1 # liftE_full r=24
-619202,0,-55504,0,842288,0,-106736,0,-337659,0,86740,0,41180,0,-14476,0,-1208,0,772,0,-28,0,-12,0,1 # liftE_full r=14
150936021794,0,-223499100888,0,150286901072,0,-60670010484,0,16373827465,0,-3111945372,0,427052338,0,-42635880,0,3073681,0,-156060,0,5298,0,-108,0,1 # liftE_full r=24
330799994258,0,-478343716240,0,311871059812,0,-121165883400,0,31228899085,0,-5623466720,0,725347912,0,-67526720,0,4504084,0,-210000,0,6500,0,-120,0,1 # liftE_full r=24
915844898791954,0,-634761284550808,0,200932078162352,0,-38412645041972,0,4939391112805,0,-450070346788,0,29797768084,0,-1444314268,0,50866612,0,-1269420,0,21308,0,-216,0,1 # liftE_full r=24
5784827923217,0,-6218145455136,0,3043912057132,0,-897204481536,0,177332655328,0,-24758849808,0,2503747730,0,-184776000,0,9877006,0,-372960,0,9444,0,-144,0,1 # liftE_full r=24
496101711074,0,-669296717680,0,409651933884,0,-150373861800,0,36861900545,0,-6356095640,0,790416794,0,-71424080,0,4654801,0,-213400,0,6534,0,-120,0,1 # liftE_full r=24
19668604169,0,-36373908544,0,30291914948,0,-15009006208,0,4924174100,0,-1126305376,0,184101282,0,-21665920,0,1822306,0,-106880,0,4152,0,-96,0,1 # liftE_full r=24
438753018034,0,-605155558320,0,377760311116,0,-141093741320,0,35112119533,0,-6132744160,0,770870536,0,-70265920,0,4610324,0,-212400,0,6524,0,-120,0,1 # liftE_full r=24
149482374576376,0,-128126629068352,0,49591618460592,0,-11453397169392,0,1757799427276,0,-188913559616,0,14584910992,0,-815472352,0,32790826,0,-925328,0,17404,0,-196,0,1 # liftE_full r=20
184762774076,0,-265060842768,0,173017033576,0,-67954675104,0,17888586296,0,-3325461696,0,447713944,0,-43991352,0,3131387,0,-157500,0,5314,0,-108,0,1 # liftE_full r=20
22053675074,0,-40013151296,0,32739790020,0,-15963709728,0,5163032585,0,-1166336992,0,188651882,0,-22012480,0,1839241,0,-107360,0,4158,0,-96,0,1 # liftE_full r=24
24269256623231,0,-24637349554380,0,11304155751586,0,-3086892038540,0,557812276743,0,-70247040568,0,6324172068,0,-410412632,0,19071641,0,-619468,0,13362,0,-172,0,1 # liftE_full r=20
-50224321,0,-86239336,0,-13880778,0,26702856,0,10040647,0,-1698688,0,-1339060,0,-132288,0,40345,0,11560,0,1190,0,56,0,1 # liftE_full r=6
669137355236,0,-859858369280,0,503115896064,0,-177250857760,0,41879131444,0,-6991297200,0,845650420,0,-74681520,0,4779519,0,-216200,0,6562,0,-120,0,1 # liftE_full r=20
3179371649023118,0,-1990358951583952,0,568850241059540,0,-98148115201316,0,11386156660837,0,-935670359204,0,55848809392,0,-2439693540,0,77412784,0,-1740052,0,26300,0,-240,0,1 # liftE_full r=24
1182151,0,27972672,0,961606,0,-16195000,0,2733063,0,2778016,0,-1040260,0,3984,0,58641,0,-12768,0,1222,0,-56,0,1 # liftE_full r=12
-23042,0,-371536,0,-84272,0,580576,0,288469,0,-174156,0,-152692,0,-26252,0,6424,0,3172,0,500,0,36,0,1 # liftE_full r=6
30671159969786638,0,-15789115288061744,0,3715436023920740,0,-528472218125812,0,50603889448245,0,-3436607152228,0,169726889120,0,-6142242788,0,161651776,0,-3017332,0,37916,0,-288,0,1 # liftE_full r=24
216238671388,0,-302152221648,0,192545503656,0,-74004866496,0,19110275728,0,-3493494576,0,463659520,0,-45022392,0,3174867,0,-158580,0,5326,0,-108,0,1 # liftE_full r=20
5935906935503,0,-6352167502492,0,3096602458050,0,-909285932152,0,179120318644,0,-24937025460,0,2515845934,0,-185327632,0,9893132,0,-373232,0,9446,0,-144,0,1 # liftE_full r=24
3391935073226098,0,-2099930829029800,0,594178260467168,0,-101605360597436,0,11694753197725,0,-954491670980,0,56643125980,0,-2462598044,0,77844652,0,-1744860,0,26324,0,-240,0,1 # liftE_full r=24
150937578446,0,-223500252096,0,150287248852,0,-60670065348,0,16373832229,0,-3111945588,0,427052342,0,-42635880,0,3073681,0,-156060,0,5298,0,-108,0,1 # liftE_full r=24
5285607548489,0,-5767660039776,0,2862544102468,0,-854311737792,0,170734928500,0,-24069208464,0,2454139682,0,-182351040,0,9799906,0,-371520,0,9432,0,-144,0,1 # liftE_full r=24
519328795710958,0,-403146502155256,0,141595904602148,0,-29734719333264,0,4155178489269,0,-406756870688,0,28578036398,0,-1450684792,0,52753748,0,-1338816,0,22482,0,-224,0,1 # liftE_full r=24
27080143602994,0,-24309120479588,0,10029676323722,0,-2515367494164,0,427106359913,0,-51728708252,0,4582008150,0,-299045320,0,14269672,0,-485384,0,11168,0,-156,0,1 # liftE_full r=16
8771512,0,16054272,0,2133984,0,-9783840,0,-4757716,0,507680,0,553472,0,19440,0,-20534,0,-1840,0,216,0,32,0,1 # liftE_full r=8
37065968,0,-144622304,0,-361828760,0,16393312,0,47604276,0,-1268752,0,-2220570,0,70304,0,43951,0,-1552,0,-344,0,8,0,1 # liftE_full r=12
199985652766,0,-283121355888,0,182583097548,0,-70933919508,0,18492856725,0,-3408879816,0,455652972,0,-44505792,0,3153112,0,-158040,0,5320,0,-108,0,1 # liftE_full r=20
566910941954,0,-747995670320,0,448571537516,0,-161647783400,0,38979680585,0,-6625611560,0,813948726,0,-72816080,0,4708201,0,-214600,0,6546,0,-120,0,1 # liftE_full r=24
-48242,0,766544,0,320020,0,-2421788,0,-2894555,0,-1050972,0,86000,0,179428,0,60016,0,10132,0,956,0,48,0,1 # liftE_full r=6
127743945422,0,-194495522688,0,134168751668,0,-55430588772,0,15270965173,0,-2954905164,0,411733690,0,-41625000,0,3030481,0,-154980,0,5286,0,-108,0,1 # liftE_full r=24
704148691918,0,-899788288916,0,523348891442,0,-183254491936,0,43035264059,0,-7142378396,0,859226636,0,-75510320,0,4812431,0,-216968,0,6570,0,-120,0,1 # liftE_full r=20
29889,0,-1055592,0,3108618,0,-3489318,0,1657215,0,-134646,0,-168143,0,59726,0,-4005,0,-1566,0,374,0,-32,0,1 # liftE_full r=20
-1152952,0,3571968,0,-199376,0,-5509568,0,3356204,0,281216,0,-413360,0,12688,0,15574,0,-800,0,-212,0,8,0,1 # liftE_full r=14
566907926942,0,-747993682720,0,448571001336,0,-161647707720,0,38979674693,0,-6625611320,0,813948722,0,-72816080,0,4708201,0,-214600,0,6546,0,-120,0,1 # liftE_full r=24
463563366809,0,-632514220720,0,391182528636,0,-144951761760,0,35831664044,0,-6223742600,0,778774910,0,-70731680,0,4628146,0,-212800,0,6528,0,-120,0,1 # liftE_full r=24
54420980046878519,0,-27168188579032052,0,6182655292553238,0,-848025251990244,0,78075117104167,0,-5082540455000,0,239861217788,0,-8267667768,0,206546689,0,-3646852,0,43190,0,-308,0,1 # liftE_full r=24
5102455189406,0,-5605381285824,0,2798295854312,0,-839343873264,0,168462521285,0,-23834277792,0,2437388372,0,-181537536,0,9774152,0,-371040,0,9428,0,-144,0,1 # liftE_full r=24
