121393,0,843888,0,2530894,0,4295824,0,4554889,0,3148688,0,1443750,0,441248,0,89725,0,11960,0,1003,0,48,0,1 # liftE_mix r=0
15383457025,0,-26396210810,0,20743375274,0,-9868611890,0,3164614780,0,-720403598,0,119339725,0,-14491326,0,1279826,0,-80152,0,3378,0,-86,0,1 # liftE_mix r=12
6071,0,-118196,0,-247455,0,382746,0,1372904,0,1506778,0,881349,0,312878,0,70631,0,10198,0,912,0,46,0,1 # liftE_mix r=4
1666492621,0,3571035484,0,3479399907,0,2037999718,0,799124368,0,220952910,0,44165031,0,6429218,0,676373,0,50142,0,2486,0,74,0,1 # liftE_mix r=0
10009,0,-80892,0,281358,0,-554556,0,687193,0,-562356,0,311250,0,-117576,0,30225,0,-5190,0,569,0,-36,0,1 # liftE_mix r=24
-1,0,6,0,27,0,-216,0,190,0,524,0,-110,0,-496,0,-206,0,40,0,48,0,12,0,1 # liftE_mix r=10
1873,0,-7218,0,7487,0,2416,0,-6614,0,-14,0,2507,0,88,0,-493,0,-80,0,36,0,12,0,1 # liftE_mix r=12
1,0,-84,0,1141,0,-5936,0,15622,0,-23792,0,22580,0,-13904,0,5645,0,-1500,0,251,0,-24,0,1 # liftE_mix r=24
232488049,0,-563359220,0,624804022,0,-419447620,0,189860881,0,-61052620,0,14302754,0,-2459800,0,308245,0,-27450,0,1649,0,-60,0,1 # liftE_mix r=12
13,0,182,0,637,0,520,0,-650,0,-728,0,428,0,328,0,-215,0,-30,0,47,0,-12,0,1 # liftE_mix r=12
33461,0,0,0,36357,0,0,0,16278,0,0,0,3844,0,0,0,505,0,0,0,35,0,0,0,1 # liftE_mix r=0
12249063919,0,-22158229494,0,18186519271,0,-8962535038,0,2955868582,0,-687757004,0,115832871,0,-14236154,0,1267809,0,-79822,0,3374,0,-86,0,1 # liftE_mix r=16
9414881423,0,-17228908074,0,14361660995,0,-7211061032,0,2429076676,0,-578336206,0,99798883,0,-12577096,0,1148927,0,-74200,0,3216,0,-84,0,1 # liftE_mix r=24
67562921791,0,-101653950416,0,70075533565,0,-29267108032,0,8248241926,0,-1652543680,0,241351940,0,-25890496,0,2024635,0,-112560,0,4223,0,-96,0,1 # liftE_mix r=12
1,0,42,0,301,0,952,0,1798,0,2296,0,2108,0,1432,0,725,0,270,0,71,0,12,0,1 # liftE_mix r=0
73458153653,0,108537107742,0,73724918749,0,30425518536,0,8492419770,0,1688320382,0,245048884,0,26156990,0,2037478,0,112934,0,4228,0,96,0,1 # liftE_mix r=0
118649231,0,-317119716,0,384806004,0,-280399561,0,136689541,0,-46974510,0,11672262,0,-2113465,0,276821,0,-25584,0,1584,0,-59,0,1 # liftE_mix r=24
-1,0,-423,0,-1353,0,535,0,8359,0,16785,0,17619,0,11431,0,4823,0,1329,0,231,0,23,0,1 # liftE_mix r=2
1,0,84,0,1141,0,5936,0,15622,0,23792,0,22580,0,13904,0,5645,0,1500,0,251,0,24,0,1 # liftE_mix r=0
30241796311,0,-52027906512,0,40542720925,0,-18914813120,0,5882323750,0,-1284339392,0,201845540,0,-23005376,0,1887395,0,-108720,0,4175,0,-96,0,1 # liftE_mix r=24
211303,0,-666996,0,1038781,0,-1040432,0,742054,0,-395696,0,161540,0,-50864,0,12275,0,-2220,0,287,0,-24,0,1 # liftE_mix r=0
17483311,0,-52274712,0,71566915,0,-59346016,0,33209926,0,-13216160,0,3836220,0,-818528,0,127435,0,-14120,0,1057,0,-48,0,1 # liftE_mix r=12
-53,0,-1422,0,-4701,0,7800,0,65432,0,134694,0,134611,0,73704,0,23807,0,4680,0,552,0,36,0,1 # liftE_mix r=2
211303,0,666996,0,1038781,0,1040432,0,742054,0,395696,0,161540,0,50864,0,12275,0,2220,0,287,0,24,0,1 # liftE_mix r=0
4487977,0,16965936,0,28729766,0,28810080,0,19055062,0,8759608,0,2871309,0,676672,0,113882,0,13360,0,1038,0,48,0,1 # liftE_mix r=0
1325,0,-1250,0,-5899,0,10590,0,-3230,0,-4380,0,3309,0,-86,0,-553,0,142,0,16,0,-10,0,1 # liftE_mix r=16
2131,0,-7642,0,7275,0,2744,0,-6314,0,-120,0,2340,0,72,0,-465,0,-70,0,37,0,12,0,1 # liftE_mix r=12
181,0,-480,0,495,0,-460,0,538,0,-366,0,154,0,-166,0,86,0,-14,0,14,0,-8,0,1 # liftE_mix r=8
5797360321,0,-11200758610,0,9836120031,0,-5191230410,0,1833788528,0,-456737716,0,82239915,0,-10785590,0,1022437,0,-68318,0,3054,0,-82,0,1 # liftE_mix r=24
33331,0,74202,0,104669,0,99736,0,73576,0,42142,0,19613,0,7288,0,2207,0,520,0,96,0,12,0,1 # liftE_mix r=0
216917,0,-345714,0,54287,0,148448,0,-46106,0,-30254,0,9115,0,3928,0,-733,0,-320,0,12,0,12,0,1 # liftE_mix r=12
48845161,0,-122935344,0,144157510,0,-104085520,0,51518785,0,-18412304,0,4871670,0,-961568,0,140545,0,-14840,0,1075,0,-48,0,1 # liftE_mix r=0
-25,0,160,0,-333,0,478,0,259,0,-748,0,392,0,150,0,-235,0,94,0,-8,0,-4,0,1 # liftE_mix r=2
2131,0,0,0,3821,0,0,0,2774,0,0,0,1044,0,0,0,215,0,0,0,23,0,0,0,1 # liftE_mix r=0
2131,0,0,0,-3821,0,0,0,2774,0,0,0,-1044,0,0,0,215,0,0,0,-23,0,0,0,1 # liftE_mix r=12
15879293,0,48554808,0,67667687,0,56909984,0,32204266,0,12929224,0,3778867,0,810592,0,126707,0,14080,0,1056,0,48,0,1 # liftE_mix r=0
56690972183,0,-89569356742,0,64447638512,0,-27923960346,0,8114125168,0,-1665781356,0,247729263,0,-26889358,0,2114114,0,-117412,0,4372,0,-98,0,1 # liftE_mix r=24
442961,0,1847916,0,3505110,0,4002012,0,3066801,0,1663380,0,655330,0,189096,0,39685,0,5910,0,593,0,36,0,1 # liftE_mix r=0
181,0,-19329,0,33897,0,1495,0,-40187,0,30983,0,-3527,0,-7249,0,4885,0,-1521,0,265,0,-25,0,1 # liftE_mix r=20
13421773,0,40936407,0,57243861,0,48529775,0,27780637,0,11312839,0,3360421,0,733663,0,116845,0,13239,0,1013,0,47,0,1 # liftE_mix r=0
27411567481,0,46968517510,0,36504998158,0,17018136174,0,5300115694,0,1161774080,0,183793021,0,21145026,0,1755914,0,102648,0,4010,0,94,0,1 # liftE_mix r=0
16171,0,-44038,0,80984,0,-104350,0,102322,0,-76948,0,44395,0,-19362,0,6254,0,-1448,0,228,0,-22,0,1 # liftE_mix r=0
102727177591,0,159504133954,0,112090292460,0,47141945326,0,13215755104,0,2601855198,0,368902779,0,37958818,0,2813666,0,146548,0,5092,0,106,0,1 # liftE_mix r=0
1298728339,0,-2796850273,0,2744100331,0,-1622170407,0,643570955,0,-180543625,0,36727383,0,-5459399,0,588587,0,-44889,0,2299,0,-71,0,1 # liftE_mix r=24
50607478921,0,-79901669792,0,57552424090,0,-25006711840,0,7299799585,0,-1508181472,0,226137290,0,-24794176,0,1972945,0,-111120,0,4205,0,-96,0,1 # liftE_mix r=24
233,0,3924,0,26466,0,93708,0,192309,0,238644,0,182050,0,86136,0,25675,0,4830,0,557,0,36,0,1 # liftE_mix r=0
60034339,0,-145960296,0,165972781,0,-116601184,0,56330134,0,-19706848,0,5118548,0,-994528,0,143495,0,-15000,0,1079,0,-48,0,1 # liftE_mix r=0
-157,0,0,0,-127,0,0,0,110,0,0,0,165,0,0,0,73,0,0,0,14,0,0,0,1 # liftE_mix r=2
4539829475,0,-9000062100,0,8086390223,0,-4356637772,0,1568410948,0,-397681962,0,72858008,0,-9722086,0,938184,0,-63878,0,2914,0,-80,0,1 # liftE_mix r=16
282062899,0,-662387910,0,713758891,0,-466782020,0,206388601,0,-65010340,0,14961078,0,-2534920,0,313873,0,-27700,0,1654,0,-60,0,1 # liftE_mix r=4
630424679,0,-1552900992,0,1722050144,0,-1135953120,0,496141148,0,-151081092,0,32881305,0,-5153376,0,577378,0,-45120,0,2336,0,-72,0,1 # liftE_mix r=24
6235475,0,-22215160,0,35667647,0,-34123232,0,21666750,0,-9621128,0,3064603,0,-705824,0,116713,0,-13520,0,1042,0,-48,0,1 # liftE_mix r=20
-1,0,1,0,54,0,-86,0,-575,0,71,0,2496,0,3916,0,2804,0,1078,0,226,0,24,0,1 # liftE_mix r=6
1,0,-126,0,2541,0,-18984,0,67462,0,-125928,0,127740,0,-71496,0,23445,0,-4650,0,551,0,-36,0,1 # liftE_mix r=24
-1,0,2,0,23,0,-24,0,-182,0,6,0,459,0,374,0,-13,0,-88,0,-14,0,4,0,1 # liftE_mix r=10
103,0,334,0,432,0,346,0,292,0,228,0,63,0,14,0,50,0,12,0,-4,0,2,0,1 # liftE_mix r=0
863564748983,0,-1079337589584,0,615140759727,0,-211384983046,0,48779442102,0,-7963228458,0,943003783,0,-81617314,0,5124005,0,-227562,0,6786,0,-122,0,1 # liftE_mix r=24
3691,0,36018,0,148491,0,340392,0,480886,0,439128,0,265092,0,106776,0,28695,0,5070,0,565,0,36,0,1 # liftE_mix r=0
1964975,0,-6410280,0,9727028,0,-9088224,0,5827250,0,-2702754,0,930297,0,-239568,0,45838,0,-6360,0,608,0,-36,0,1 # liftE_mix r=4
2114931727,0,4911043222,0,5079675291,0,3095413490,0,1238188394,0,342702376,0,67344195,0,9474710,0,948037,0,65858,0,3018,0,82,0,1 # liftE_mix r=0
-157,0,508,0,1887,0,-9680,0,10878,0,2372,0,-6981,0,-1648,0,1673,0,1000,0,226,0,24,0,1 # liftE_mix r=10
4187,0,-16688,0,34389,0,-47946,0,49656,0,-39750,0,24945,0,-12190,0,4507,0,-1198,0,212,0,-22,0,1 # liftE_mix r=12
121393,0,-210972,0,46102,0,93940,0,-36335,0,-20132,0,7778,0,2872,0,-715,0,-270,0,17,0,12,0,1 # liftE_mix r=12
1,0,-8,0,-114,0,328,0,1561,0,-3768,0,-1818,0,3024,0,3045,0,1180,0,235,0,24,0,1 # liftE_mix r=8
1324536641,0,-2880126648,0,2848588554,0,-1694416248,0,675068757,0,-189773784,0,38598950,0,-5723472,0,614095,0,-46500,0,2359,0,-72,0,1 # liftE_mix r=24
9901709,0,33404247,0,50861121,0,46252793,0,27999205,0,11893455,0,3637053,0,807161,0,129077,0,14511,0,1089,0,49,0,1 # liftE_mix r=0
14297009,0,44285912,0,62577147,0,53362304,0,30599112,0,12435400,0,3674067,0,795424,0,125273,0,14000,0,1054,0,48,0,1 # liftE_mix r=0
1,0,8,0,-110,0,-440,0,985,0,6328,0,10970,0,9424,0,4645,0,1380,0,245,0,24,0,1 # liftE_mix r=4
7624369,0,-18604978,0,22521234,0,-17616418,0,9821920,0,-4081854,0,1288677,0,-309758,0,55994,0,-7392,0,674,0,-38,0,1 # liftE_mix r=0
2080884781,0,-4155400256,0,3818169311,0,-2131769902,0,804629721,0,-216109352,0,42319704,0,-6084446,0,637129,0,-47374,0,2374,0,-72,0,1 # liftE_mix r=0
521,0,-5016,0,20214,0,-45704,0,65473,0,-63368,0,42902,0,-20624,0,7025,0,-1660,0,259,0,-24,0,1 # liftE_mix r=16
3525235325,0,-6698761770,0,5847770594,0,-3100052962,0,1111305474,0,-283776364,0,52927769,0,-7265502,0,728626,0,-52072,0,2518,0,-74,0,1 # liftE_mix r=0
72975023551,0,-108409995120,0,73870818295,0,-30530637056,0,8524328296,0,-1693916128,0,245658090,0,-26197888,0,2039038,0,-112960,0,4228,0,-96,0,1 # liftE_mix r=4
555281,0,-2973264,0,6974730,0,-9436240,0,8163205,0,-4737424,0,1885670,0,-518368,0,97895,0,-12440,0,1015,0,-48,0,1 # liftE_mix r=24
4185353719,0,-7510815396,0,6240681027,0,-3173895312,0,1100223718,0,-273831408,0,50172540,0,-6818832,0,682275,0,-49020,0,2401,0,-72,0,1 # liftE_mix r=0
232488049,0,-563359220,0,624804022,0,-419447620,0,189860881,0,-61052620,0,14302754,0,-2459800,0,308245,0,-27450,0,1649,0,-60,0,1 # liftE_mix r=12
7382928461,0,-13831550246,0,11778324326,0,-6031881726,0,2070160132,0,-501872478,0,88169649,0,-11315042,0,1053194,0,-69368,0,3070,0,-82,0,1 # liftE_mix r=12
1383721,0,4520350,0,7075629,0,6958942,0,4755118,0,2362836,0,870261,0,238058,0,47759,0,6822,0,656,0,38,0,1 # liftE_mix r=0
2003,0,-12665,0,36604,0,-64000,0,75533,0,-63501,0,39040,0,-17696,0,5872,0,-1392,0,224,0,-22,0,1 # liftE_mix r=0
-1,0,0,0,-3,0,0,0,6,0,0,0,4,0,0,0,-5,0,0,0,-1,0,0,0,1 # liftE_mix r=6
46603083125,0,78358943100,0,59356443917,0,26813865106,0,8052088027,0,1694438352,0,256342682,0,28103162,0,2216691,0,122722,0,4528,0,100,0,1 # liftE_mix r=0
13,0,78,0,65,0,-208,0,-26,0,338,0,-235,0,-88,0,227,0,-160,0,60,0,-12,0,1 # liftE_mix r=8
20627879051,0,-33933314350,0,25622411607,0,-11741378142,0,3636514986,0,-801952164,0,129125751,0,-15296474,0,1323289,0,-81542,0,3398,0,-86,0,1 # liftE_mix r=0
12458423951,0,-21743777706,0,17362971099,0,-8388414664,0,2730889798,0,-631165528,0,106193492,0,-13105624,0,1177475,0,-75110,0,3229,0,-84,0,1 # liftE_mix r=16
2538548531,0,5698328410,0,5719207176,0,3394510110,0,1327410968,0,360451906,0,69730815,0,9689090,0,960362,0,66268,0,3024,0,82,0,1 # liftE_mix r=0
4539829475,0,-9000062100,0,8086390223,0,-4356637772,0,1568410948,0,-397681962,0,72858008,0,-9722086,0,938184,0,-63878,0,2914,0,-80,0,1 # liftE_mix r=16
7402160611,0,-14091160202,0,12181388331,0,-6322007048,0,2193502486,0,-535956792,0,94556772,0,-12136824,0,1124895,0,-73430,0,3205,0,-84,0,1 # liftE_mix r=24
2874527083,0,-5583369862,0,4987307124,0,-2706795802,0,993416944,0,-259558680,0,49475307,0,-6928238,0,707018,0,-51252,0,2504,0,-74,0,1 # liftE_mix r=8
1543321,0,5208372,0,8169330,0,7875660,0,5198245,0,2475252,0,872130,0,229176,0,44595,0,6270,0,605,0,36,0,1 # liftE_mix r=0
181,0,19329,0,33897,0,-1495,0,-40187,0,-30983,0,-3527,0,7249,0,4885,0,1521,0,265,0,25,0,1 # liftE_mix r=4
6275934809,0,-12289850412,0,10900530290,0,-5788984880,0,2049784402,0,-509726686,0,91275139,0,-11858896,0,1109642,0,-72940,0,3198,0,-84,0,1 # liftE_mix r=24
3029,0,-23764,0,73333,0,-127712,0,144612,0,-114140,0,65053,0,-27152,0,8273,0,-1800,0,266,0,-24,0,1 # liftE_mix r=8
28619969951,0,-49702091200,0,39063291292,0,-18365476160,0,5750525418,0,-1262996912,0,199483465,0,-22828928,0,1878878,0,-108480,0,4172,0,-96,0,1 # liftE_mix r=24
3029,0,23764,0,73333,0,127712,0,144612,0,114140,0,65053,0,27152,0,8273,0,1800,0,266,0,24,0,1 # liftE_mix r=0
1,0,36,0,-402,0,-1164,0,20077,0,-67500,0,95262,0,-62136,0,21975,0,-4530,0,547,0,-36,0,1 # liftE_mix r=20
2731,0,-16839,0,47635,0,-81743,0,94779,0,-78231,0,47139,0,-20895,0,6763,0,-1559,0,243,0,-23,0,1 # liftE_mix r=0
-1,0,0,0,3,0,0,0,6,0,0,0,-4,0,0,0,-5,0,0,0,1,0,0,0,1 # liftE_mix r=6
197354951,0,-491515230,0,558883323,0,-383702360,0,177174118,0,-57972680,0,13784756,0,-2400200,0,303755,0,-27250,0,1645,0,-60,0,1 # liftE_mix r=16
5343088841,0,-10739803494,0,9760030221,0,-5299951496,0,1914521062,0,-484516872,0,88069020,0,-11584104,0,1094445,0,-72450,0,3191,0,-84,0,1 # liftE_mix r=24
3691,0,-36018,0,148491,0,-340392,0,480886,0,-439128,0,265092,0,-106776,0,28695,0,-5070,0,565,0,-36,0,1 # liftE_mix r=24
-6761,0,88914,0,459131,0,929592,0,1069230,0,789156,0,394578,0,136752,0,32914,0,5400,0,576,0,36,0,1 # liftE_mix r=2
19118906743,0,-34926695476,0,28750571929,0,-14102130906,0,4590988576,0,-1045238450,0,170684941,0,-20148366,0,1706879,0,-101238,0,3992,0,-94,0,1 # liftE_mix r=24
294823801,0,-686602770,0,734552077,0,-477422360,0,209982118,0,-65847320,0,15097244,0,-2550200,0,315005,0,-27750,0,1655,0,-60,0,1 # liftE_mix r=8
60866894791,0,-101371644192,0,76037105879,0,-33963092748,0,10061280270,0,-2082768090,0,308986658,0,-33108582,0,2543894,0,-136734,0,4882,0,-104,0,1 # liftE_mix r=24
10143350699,0,19307423984,0,16576364327,0,8494807476,0,2895771368,0,692079398,0,118953628,0,14819770,0,1328564,0,83602,0,3506,0,88,0,1 # liftE_mix r=0
15289,0,-114828,0,372694,0,-689388,0,807509,0,-629964,0,335502,0,-123096,0,30995,0,-5250,0,571,0,-36,0,1 # liftE_mix r=24
-1,0,4,0,287,0,-2896,0,10530,0,-19204,0,20107,0,-13072,0,5473,0,-1480,0,250,0,-24,0,1 # liftE_mix r=18
999907169,0,-2279774148,0,2354601851,0,-1456327296,0,600645672,0,-174010284,0,36307699,0,-5497776,0,599673,0,-45960,0,2350,0,-72,0,1 # liftE_mix r=24
153393241,0,409532478,0,495320946,0,358802066,0,173339006,0,58824230,0,14375817,0,2548654,0,325250,0,29132,0,1738,0,62,0,1 # liftE_mix r=0
-17326919,0,-74448916,0,207061900,0,-215496948,0,127734833,0,-49124371,0,12981880,0,-2415448,0,317193,0,-28856,0,1734,0,-62,0,1 # liftE_mix r=22
19118906743,0,34926695476,0,28750571929,0,14102130906,0,4590988576,0,1045238450,0,170684941,0,20148366,0,1706879,0,101238,0,3992,0,94,0,1 # liftE_mix r=0
-1039,0,9620,0,-4597,0,-27222,0,25108,0,9906,0,-16737,0,3614,0,2021,0,-1222,0,262,0,-26,0,1 # liftE_mix r=18
5462549,0,19581945,0,31598697,0,30379047,0,19397197,0,8672609,0,2786245,0,648519,0,108605,0,12769,0,1001,0,47,0,1 # liftE_mix r=0
16203855251,0,-27073993870,0,20777716537,0,-9685286240,0,3054246858,0,-686474418,0,112766045,0,-13641432,0,1206153,0,-76020,0,3242,0,-84,0,1 # liftE_mix r=4
-1,0,6,0,27,0,-8,0,-122,0,-152,0,20,0,232,0,275,0,170,0,61,0,12,0,1 # liftE_mix r=6
2731,0,16839,0,47635,0,81743,0,94779,0,78231,0,47139,0,20895,0,6763,0,1559,0,243,0,23,0,1 # liftE_mix r=0
5047561,0,-18598032,0,30815314,0,-30350032,0,19784557,0,-8992016,0,2921910,0,-684128,0,114595,0,-13400,0,1039,0,-48,0,1 # liftE_mix r=24
181,0,-306,0,-1052,0,1526,0,1958,0,-2284,0,-1111,0,1350,0,80,0,-220,0,-4,0,12,0,1 # liftE_mix r=12
-53,0,-404,0,2361,0,-2678,0,-1492,0,3466,0,-659,0,-914,0,303,0,78,0,-32,0,-2,0,1 # liftE_mix r=14
863564748983,0,-1079337589584,0,615140759727,0,-211384983046,0,48779442102,0,-7963228458,0,943003783,0,-81617314,0,5124005,0,-227562,0,6786,0,-122,0,1 # liftE_mix r=24
555281,0,-2973264,0,6974730,0,-9436240,0,8163205,0,-4737424,0,1885670,0,-518368,0,97895,0,-12440,0,1015,0,-48,0,1 # liftE_mix r=24
211303,0,-666996,0,1038781,0,-1040432,0,742054,0,-395696,0,161540,0,-50864,0,12275,0,-2220,0,287,0,-24,0,1 # liftE_mix r=0
399037913,0,-1060182792,0,1261409574,0,-887411736,0,410565489,0,-131455512,0,29846390,0,-4840752,0,556825,0,-44340,0,2323,0,-72,0,1 # liftE_mix r=24
4907246161,0,10346053994,0,9765334090,0,5458444178,0,2013222436,0,516410494,0,94513549,0,12442686,0,1170146,0,76712,0,3330,0,86,0,1 # liftE_mix r=0
8249327293,0,-15432951156,0,13126894070,0,-6712274856,0,2297982724,0,-554911966,0,96916995,0,-12336016,0,1135802,0,-73780,0,3210,0,-84,0,1 # liftE_mix r=24
547,0,5540,0,22633,0,50944,0,72016,0,68488,0,45494,0,21472,0,7198,0,1680,0,260,0,24,0,1 # liftE_mix r=0
797161,0,-3055786,0,5380840,0,-5753587,0,4159879,0,-2142064,0,805414,0,-222775,0,44983,0,-6466,0,628,0,-37,0,1 # liftE_mix r=0
13,0,-364,0,2821,0,-8528,0,9334,0,1456,0,-6460,0,-1136,0,1825,0,1020,0,227,0,24,0,1 # liftE_mix r=12
68498074061,0,-102858609264,0,70770751271,0,-29503912768,0,8300982106,0,-1660571024,0,242197747,0,-25951424,0,2027507,0,-112640,0,4224,0,-96,0,1 # liftE_mix r=8
-311,0,-408,0,6650,0,27120,0,49462,0,54116,0,39219,0,19616,0,6842,0,1640,0,258,0,24,0,1 # liftE_mix r=2
48845161,0,-122935344,0,144157510,0,-104085520,0,51518785,0,-18412304,0,4871670,0,-961568,0,140545,0,-14840,0,1075,0,-48,0,1 # liftE_mix r=0
51127669891,0,82262233980,0,60161686219,0,26445639142,0,7782069478,0,1615031806,0,242384731,0,26506418,0,2096249,0,116922,0,4366,0,98,0,1 # liftE_mix r=0
457393,0,1279896,0,1799558,0,1643792,0,1078186,0,532508,0,202733,0,59936,0,13682,0,2360,0,294,0,24,0,1 # liftE_mix r=0
8147859079099,0,-8159577094892,0,3749277511299,0,-1045228712282,0,196899100870,0,-26404576026,0,2584706787,0,-186091822,0,9780449,0,-365958,0,9254,0,-142,0,1 # liftE_mix r=0
700763309,0,-1694653884,0,1848105861,0,-1201018896,0,517709814,0,-155876112,0,33605188,0,-5226672,0,582145,0,-45300,0,2339,0,-72,0,1 # liftE_mix r=24
256203169,0,-726794698,0,912925134,0,-671898790,0,323009780,0,-106973488,0,25054369,0,-4186450,0,495930,0,-40668,0,2194,0,-70,0,1 # liftE_mix r=24
13,0,-156,0,455,0,624,0,-3926,0,3484,0,2835,0,-5936,0,3827,0,-1280,0,240,0,-24,0,1 # liftE_mix r=20
1,0,-42,0,301,0,-952,0,1798,0,-2296,0,2108,0,-1432,0,725,0,-270,0,71,0,-12,0,1 # liftE_mix r=8
457393,0,-639948,0,49922,0,256896,0,-57794,0,-48014,0,10467,0,5488,0,-718,0,-380,0,6,0,12,0,1 # liftE_mix r=12
2374789,0,-7471554,0,11005147,0,-10027704,0,6293080,0,-2865366,0,970747,0,-246648,0,46673,0,-6420,0,610,0,-36,0,1 # liftE_mix r=0
72221890207,0,-110194411292,0,76689639609,0,-32201788294,0,9088929656,0,-1817169950,0,263959245,0,-28075570,0,2170687,0,-119002,0,4392,0,-98,0,1 # liftE_mix r=12
3691,0,24012,0,69331,0,118448,0,134326,0,107152,0,61932,0,26224,0,8095,0,1780,0,265,0,24,0,1 # liftE_mix r=0
-310103,0,1080550,0,-1570332,0,1189874,0,-423982,0,-40850,0,122547,0,-65314,0,19708,0,-3772,0,456,0,-32,0,1 # liftE_mix r=2
543247510651,0,-721214825644,0,434898005981,0,-157502262062,0,38154023181,0,-6512890036,0,803283414,0,-72126718,0,4679119,0,-213878,0,6538,0,-120,0,1 # liftE_mix r=24
7402160611,0,-14091160202,0,12181388331,0,-6322007048,0,2193502486,0,-535956792,0,94556772,0,-12136824,0,1124895,0,-73430,0,3205,0,-84,0,1 # liftE_mix r=24
2131,0,-7642,0,7275,0,2744,0,-6314,0,-120,0,2340,0,72,0,-465,0,-70,0,37,0,12,0,1 # liftE_mix r=12
2612138803,0,-5137206313,0,4632192811,0,-2532226705,0,934665187,0,-245400121,0,46994011,0,-6613537,0,678835,0,-49561,0,2443,0,-73,0,1 # liftE_mix r=0
-1,0,-12,0,99,0,208,0,-1466,0,304,0,4892,0,-6704,0,3995,0,-1300,0,241,0,-24,0,1 # liftE_mix r=18
1,0,0,0,5,0,0,0,-8,0,0,0,-19,0,0,0,-7,0,0,0,2,0,0,0,1 # liftE_mix r=4
100213279531,0,-141186639664,0,91697875059,0,-36301295296,0,9755397238,0,-1874759232,0,264183372,0,-27504576,0,2099775,0,-114640,0,4249,0,-96,0,1 # liftE_mix r=0
7070363,0,18555534,0,23307453,0,18437928,0,10204736,0,4157082,0,1277373,0,298344,0,52607,0,6840,0,624,0,36,0,1 # liftE_mix r=0
22542525721,0,-35638606556,0,26018787414,0,-11597839484,0,3515092213,0,-763085148,0,121664142,0,-14354424,0,1243875,0,-77210,0,3259,0,-84,0,1 # liftE_mix r=0
1376929212751,0,-1593567225632,0,846789197629,0,-273174276966,0,59585313868,0,-9257696794,0,1050566281,0,-87738594,0,5352323,0,-232602,0,6836,0,-122,0,1 # liftE_mix r=0
10009,0,158102,0,583569,0,1037906,0,1100146,0,764952,0,366177,0,123334,0,29291,0,4818,0,524,0,34,0,1 # liftE_mix r=0
1027,0,5980,0,15535,0,23348,0,21684,0,12246,0,3912,0,794,0,408,0,282,0,98,0,16,0,1 # liftE_mix r=0
15418831,0,-47080936,0,65699389,0,-55424096,0,31491526,0,-12700256,0,3728708,0,-803168,0,125995,0,-14040,0,1055,0,-48,0,1 # liftE_mix r=12
2869410212525,0,-3278491233000,0,1704217400975,0,-533016536260,0,111727163848,0,-16536930282,0,1772370188,0,-138601850,0,7849620,0,-314002,0,8422,0,-136,0,1 # liftE_mix r=24
1325,0,-10540,0,36363,0,-72352,0,93132,0,-82340,0,51651,0,-23312,0,7553,0,-1720,0,262,0,-24,0,1 # liftE_mix r=16
10009,0,-26964,0,43246,0,-46996,0,38809,0,-24892,0,12818,0,-5272,0,1745,0,-450,0,89,0,-12,0,1 # liftE_mix r=0
1,0,10,0,25,0,-28,0,-179,0,-196,0,50,0,296,0,313,0,180,0,62,0,12,0,1 # liftE_mix r=4
-4322161,0,-7893498,0,-3355585,0,3740344,0,5866110,0,3857134,0,1559885,0,424842,0,79951,0,10312,0,874,0,44,0,1 # liftE_mix r=2
6773,0,94822,0,410397,0,863486,0,1058018,0,825916,0,430533,0,153098,0,37199,0,6062,0,632,0,38,0,1 # liftE_mix r=0
13,0,-182,0,637,0,-520,0,-650,0,728,0,428,0,-328,0,-215,0,30,0,47,0,12,0,1 # liftE_mix r=12
25819,0,118396,0,193473,0,109328,0,-30618,0,-44860,0,2533,0,8048,0,-1127,0,-600,0,206,0,-24,0,1 # liftE_mix r=12
13,0,-78,0,286,0,-715,0,1287,0,-1716,0,1716,0,-1287,0,715,0,-286,0,78,0,-13,0,1 # liftE_mix r=0
736451,0,-2843370,0,5009355,0,-5340636,0,3845721,0,-1973628,0,741110,0,-205368,0,41713,0,-6060,0,598,0,-36,0,1 # liftE_mix r=4
157,0,1044,0,2102,0,552,0,-2156,0,-946,0,1155,0,272,0,-358,0,20,0,42,0,-12,0,1 # liftE_mix r=12
5947584558187,0,-6271751910052,0,3020822815521,0,-878768720650,0,171954969524,0,-23843467666,0,2402248645,0,-177186190,0,9495447,0,-360558,0,9208,0,-142,0,1 # liftE_mix r=24
135455059,0,-416403606,0,563916767,0,-445079244,0,228213528,0,-80182410,0,19822712,0,-3479790,0,431180,0,-36834,0,2062,0,-68,0,1 # liftE_mix r=24
61827193,0,-187694790,0,255574079,0,-206307920,0,109922146,0,-40716410,0,10751147,0,-2039480,0,275987,0,-26000,0,1620,0,-60,0,1 # liftE_mix r=24
3029,0,-23764,0,73333,0,-127712,0,144612,0,-114140,0,65053,0,-27152,0,8273,0,-1800,0,266,0,-24,0,1 # liftE_mix r=8
7263326172623,0,-7622179312414,0,3645374300184,0,-1050642767066,0,203237481660,0,-27798557036,0,2756780951,0,-199723086,0,10491266,0,-389692,0,9716,0,-146,0,1 # liftE_mix r=24
1,0,30,0,-283,0,-4200,0,-11132,0,9162,0,58085,0,50808,0,20153,0,4380,0,542,0,36,0,1 # liftE_mix r=4
4851566161,0,-9910150796,0,9140710878,0,-5030941916,0,1839278077,0,-470362620,0,86255742,0,-11427864,0,1085775,0,-72170,0,3187,0,-84,0,1 # liftE_mix r=24
-1249,0,15350,0,-51633,0,86856,0,-86034,0,52134,0,-17775,0,1510,0,1495,0,-752,0,170,0,-20,0,1 # liftE_mix r=2
-9593,0,37114,0,86417,0,-433618,0,688581,0,-605408,0,337326,0,-125390,0,31555,0,-5314,0,574,0,-36,0,1 # liftE_mix r=6
196799304767831,0,-155036214489412,0,55783691011593,0,-12122019232218,0,1771820285360,0,-183515098786,0,13810792989,0,-760919630,0,30461615,0,-864118,0,16488,0,-190,0,1 # liftE_mix r=24
3691,0,-24012,0,69331,0,-118448,0,134326,0,-107152,0,61932,0,-26224,0,8095,0,-1780,0,265,0,-24,0,1 # liftE_mix r=12
73319,0,139808,0,179856,0,155576,0,106452,0,56554,0,24759,0,8656,0,2498,0,560,0,100,0,12,0,1 # liftE_mix r=0
5797360321,0,11200758610,0,9836120031,0,5191230410,0,1833788528,0,456737716,0,82239915,0,10785590,0,1022437,0,68318,0,3054,0,82,0,1 # liftE_mix r=0
233,0,0,0,-654,0,0,0,717,0,0,0,-394,0,0,0,115,0,0,0,-17,0,0,0,1 # liftE_mix r=12
16777801,0,50330751,0,69204404,0,57670874,0,32440151,0,12976115,0,3784704,0,811008,0,126720,0,14080,0,1056,0,48,0,1 # liftE_mix r=0
496523,0,1780586,0,3088749,0,3351754,0,2506520,0,1351004,0,535641,0,156934,0,33671,0,5158,0,536,0,34,0,1 # liftE_mix r=0
875908981,0,-1702648260,0,1548174026,0,-869802840,0,336065392,0,-94034630,0,19535421,0,-3036080,0,350402,0,-29300,0,1686,0,-60,0,1 # liftE_mix r=0
47321,0,290754,0,784803,0,1229544,0,1244742,0,857880,0,413012,0,140136,0,33325,0,5430,0,577,0,36,0,1 # liftE_mix r=0
3691,0,-24012,0,69331,0,-118448,0,134326,0,-107152,0,61932,0,-26224,0,8095,0,-1780,0,265,0,-24,0,1 # liftE_mix r=12
13841231977,0,-23727865068,0,18643344932,0,-8877789536,0,2853576131,0,-652246043,0,108707676,0,-13311144,0,1188495,0,-75460,0,3234,0,-84,0,1 # liftE_mix r=0
12200481775,0,-23409079430,0,19897206257,0,-9992321070,0,3320400959,0,-772036288,0,129144550,0,-15691594,0,1376615,0,-85146,0,3528,0,-88,0,1 # liftE_mix r=12
233,0,0,0,654,0,0,0,717,0,0,0,394,0,0,0,115,0,0,0,17,0,0,0,1 # liftE_mix r=0
272791,0,-1649432,0,4337379,0,-6519392,0,6197542,0,-3900576,0,1658460,0,-479328,0,93795,0,-12200,0,1009,0,-48,0,1 # liftE_mix r=24
783511,0,-4810466,0,11801308,0,-15723314,0,12923734,0,-7001728,0,2590135,0,-664254,0,117902,0,-14192,0,1104,0,-50,0,1 # liftE_mix r=24
2597479,0,-5707534,0,6242021,0,-4564550,0,2558397,0,-1187392,0,460722,0,-142498,0,32959,0,-5366,0,574,0,-36,0,1 # liftE_mix r=8
2044968589,0,-4137213828,0,3830825227,0,-2146942176,0,811189612,0,-217706220,0,42558787,0,-6106416,0,638273,0,-47400,0,2374,0,-72,0,1 # liftE_mix r=16
296297,0,-1332990,0,2700873,0,-3264876,0,2626941,0,-1484532,0,605074,0,-179448,0,38473,0,-5820,0,590,0,-36,0,1 # liftE_mix r=20
28239279540601,0,26540764662832,0,11362787075099,0,2930143984398,0,506878572395,0,61966633880,0,5489569828,0,355079942,0,16643549,0,551334,0,12252,0,164,0,1 # liftE_mix r=0
334127,0,2321520,0,5991665,0,8222582,0,6943159,0,3886764,0,1500722,0,406726,0,77343,0,10118,0,868,0,44,0,1 # liftE_mix r=0
63436197761,0,-96453380064,0,67129152894,0,-28278845216,0,8030910073,0,-1619800352,0,237929222,0,-25645376,0,2013125,0,-112240,0,4219,0,-96,0,1 # liftE_mix r=16
521,0,0,0,1254,0,0,0,1185,0,0,0,566,0,0,0,145,0,0,0,19,0,0,0,1 # liftE_mix r=0
1819345373,0,-3755415672,0,3540742410,0,-2016602688,0,772829024,0,-209977812,0,41479245,0,-6003168,0,631802,0,-47160,0,2370,0,-72,0,1 # liftE_mix r=16
86430666803,0,-131975318462,0,91369039463,0,-37994926372,0,10584861196,0,-2083580590,0,297438972,0,-31050418,0,2354120,0,-126486,0,4574,0,-100,0,1 # liftE_mix r=4
-1,0,-6,0,27,0,8,0,-122,0,152,0,20,0,-232,0,275,0,-170,0,61,0,-12,0,1 # liftE_mix r=10
64393322239,0,-97678725056,0,67832935164,0,-28517689408,0,8083956162,0,-1627857328,0,238776841,0,-25706368,0,2015998,0,-112320,0,4220,0,-96,0,1 # liftE_mix r=12
20617,0,-9342,0,18426,0,-10270,0,9272,0,-4954,0,2973,0,-1346,0,602,0,-208,0,58,0,-10,0,1 # liftE_mix r=0
122475435421,0,189106572684,0,131705503961,0,54758438128,0,15147348196,0,2938577178,0,410147454,0,41513514,0,3025144,0,154826,0,5284,0,108,0,1 # liftE_mix r=0
675235651,0,-1643937780,0,1803636703,0,-1178370960,0,510293278,0,-154244556,0,33360955,0,-5202096,0,580553,0,-45240,0,2338,0,-72,0,1 # liftE_mix r=24
43947721,0,-140723660,0,201635266,0,-170706580,0,94983829,0,-36555820,0,9972194,0,-1942600,0,268315,0,-25650,0,1613,0,-60,0,1 # liftE_mix r=24
3691,0,36018,0,148491,0,340392,0,480886,0,439128,0,265092,0,106776,0,28695,0,5070,0,565,0,36,0,1 # liftE_mix r=0
46099,0,157638,0,275004,0,319514,0,272096,0,177008,0,89187,0,34606,0,10106,0,2132,0,304,0,26,0,1 # liftE_mix r=0
11884769,0,-37914864,0,55056222,0,-48135568,0,28230553,0,-11703952,0,3518150,0,-772768,0,123125,0,-13880,0,1051,0,-48,0,1 # liftE_mix r=16
-1,0,12,0,41,0,-122,0,-120,0,46,0,221,0,114,0,-17,0,-38,0,-8,0,2,0,1 # liftE_mix r=10
-53,0,-210,0,-293,0,52,0,841,0,1556,0,1686,0,1256,0,673,0,260,0,70,0,12,0,1 # liftE_mix r=2
1371239,0,6314752,0,12855392,0,15258944,0,11734452,0,6148520,0,2248807,0,578624,0,104098,0,12800,0,1024,0,48,0,1 # liftE_mix r=0
13,0,78,0,286,0,715,0,1287,0,1716,0,1716,0,1287,0,715,0,286,0,78,0,13,0,1 # liftE_mix r=0
5797360321,0,-11200758610,0,9836120031,0,-5191230410,0,1833788528,0,-456737716,0,82239915,0,-10785590,0,1022437,0,-68318,0,3054,0,-82,0,1 # liftE_mix r=24
547,0,-5540,0,22633,0,-50944,0,72016,0,-68488,0,45494,0,-21472,0,7198,0,-1680,0,260,0,-24,0,1 # liftE_mix r=20
1,0,-12,0,14,0,144,0,-194,0,-142,0,573,0,-688,0,482,0,-220,0,66,0,-12,0,1 # liftE_mix r=12
1543321,0,6944496,0,13848094,0,16144336,0,12228541,0,6328816,0,2292458,0,585568,0,104795,0,12840,0,1025,0,48,0,1 # liftE_mix r=0
145601,0,-1153462,0,3524646,0,-5663886,0,5474462,0,-3420904,0,1438149,0,-414338,0,81866,0,-10888,0,930,0,-46,0,1 # liftE_mix r=24
332461,0,1062426,0,1701225,0,1769618,0,1315795,0,729748,0,306906,0,97798,0,23231,0,3974,0,460,0,32,0,1 # liftE_mix r=0
-727,0,140,0,8956,0,-20932,0,18229,0,-3667,0,-4968,0,4040,0,-1143,0,24,0,62,0,-14,0,1 # liftE_mix r=18
97990021,0,-265601834,0,329021451,0,-245914442,0,123309641,0,-43631336,0,11152624,0,-2071598,0,277069,0,-25978,0,1618,0,-60,0,1 # liftE_mix r=16
-1,0,-8,0,12,0,64,0,-138,0,-10,0,327,0,-496,0,398,0,-200,0,64,0,-12,0,1 # liftE_mix r=10
1,0,42,0,259,0,392,0,-218,0,-584,0,180,0,328,0,-155,0,-50,0,49,0,-12,0,1 # liftE_mix r=12
34156898437,0,-57606377568,0,44070003974,0,-20217517440,0,6193407532,0,-1334516624,0,207381651,0,-23417984,0,1907282,0,-109280,0,4182,0,-96,0,1 # liftE_mix r=24
66185309737,0,99671990788,0,68843605003,0,28827660502,0,8148221369,0,1637353248,0,239795948,0,25784910,0,2020141,0,112454,0,4222,0,96,0,1 # liftE_mix r=0
-1,0,6,0,131,0,-424,0,-44,0,706,0,163,0,-392,0,-193,0,40,0,48,0,12,0,1 # liftE_mix r=10
12597418079,0,-22213417932,0,17883952656,0,-8693212775,0,2841661213,0,-658098738,0,110724306,0,-13637159,0,1220309,0,-77376,0,3300,0,-85,0,1 # liftE_mix r=24
5047561,0,13948524,0,18350694,0,15141036,0,8707813,0,3672972,0,1164462,0,279576,0,50475,0,6690,0,619,0,36,0,1 # liftE_mix r=0
-37153,0,447774,0,3016104,0,6511450,0,7210524,0,4775580,0,2031751,0,574414,0,108962,0,13692,0,1092,0,50,0,1 # liftE_mix r=2
216917,0,691428,0,1081433,0,1083856,0,771394,0,409628,0,166285,0,52016,0,12467,0,2240,0,288,0,24,0,1 # liftE_mix r=0
1,0,6,0,36,0,125,0,295,0,496,0,610,0,553,0,367,0,174,0,56,0,11,0,1 # liftE_mix r=0
14363629799,0,-24486947744,0,19138452688,0,-9068724952,0,2901798612,0,-660581530,0,109706473,0,-13393072,0,1192898,0,-75600,0,3236,0,-84,0,1 # liftE_mix r=8
25819,0,-118396,0,193473,0,-109328,0,-30618,0,44860,0,2533,0,-8048,0,-1127,0,600,0,206,0,24,0,1 # liftE_mix r=12
307766406637,0,435131453262,0,278594042247,0,106804046764,0,27305529928,0,4904618406,0,634697272,0,59628334,0,4036748,0,192074,0,6098,0,116,0,1 # liftE_mix r=0
56431699,0,-183559734,0,263196957,0,-220422710,0,120323456,0,-45184676,0,11989161,0,-2268154,0,304055,0,-28202,0,1720,0,-62,0,1 # liftE_mix r=24
448061563,0,-1004946554,0,1037658147,0,-651612718,0,276995222,0,-83942168,0,18592251,0,-3032554,0,361573,0,-30742,0,1770,0,-62,0,1 # liftE_mix r=0
3881655025,0,7798991130,0,7117789929,0,3901258306,0,1429992955,0,369224412,0,68846338,0,9338854,0,914423,0,63014,0,2900,0,80,0,1 # liftE_mix r=0
-1,0,0,0,-3,0,0,0,6,0,0,0,4,0,0,0,-5,0,0,0,-1,0,0,0,1 # liftE_mix r=6
2487222361,0,-4868360952,0,4375094906,0,-2387205912,0,880849073,0,-231567336,0,44475978,0,-6288432,0,649625,0,-47820,0,2381,0,-72,0,1 # liftE_mix r=8
76408879,0,178602272,0,196063652,0,133460064,0,62680422,0,21386280,0,5434327,0,1036224,0,147198,0,15200,0,1084,0,48,0,1 # liftE_mix r=0
4004694184,0,-7091663616,0,4065269072,0,-502832280,0,-327783527,0,121836052,0,-8323612,0,-2791916,0,683126,0,-67188,0,3460,0,-92,0,1 # liftE_full r=12
5780960634961,0,-6215374241376,0,3043051973956,0,-897053514240,0,177316266784,0,-24757723152,0,2503699826,0,-184774848,0,9876994,0,-372960,0,9444,0,-144,0,1 # liftE_full r=24
8003621966008,0,-8162244561216,0,3806207526392,0,-1073342198448,0,203891139705,0,-27489357936,0,2697599646,0,-194160288,0,10173479,0,-378480,0,9490,0,-144,0,1 # liftE_full r=16
412468268398636,0,-308431542891920,0,105148820831584,0,-21611020542216,0,2982425516168,0,-291158126648,0,20618061140,0,-1067108996,0,40062007,0,-1063968,0,18974,0,-204,0,1 # liftE_full r=24
52215314488,0,-82679316864,0,59540831512,0,-25804593952,0,7501382105,0,-1541972384,0,229964126,0,-25084352,0,1987079,0,-111520,0,4210,0,-96,0,1 # liftE_full r=16
179104,0,190912,0,-1164007,0,244172,0,1220090,0,-696342,0,9285,0,61800,0,-10795,0,-670,0,338,0,-32,0,1 # liftE_full r=16
36810874777502611,0,-19563356648309236,0,4715404630782830,0,-681506565824388,0,65767105123023,0,-4463586662712,0,218419007548,0,-7762512280,0,198803053,0,-3577124,0,42910,0,-308,0,1 # liftE_full r=24
1866466358506,0,-2221146603632,0,1202149779804,0,-391235807820,0,85262354429,0,-13107362884,0,1457420714,0,-118098904,0,6922069,0,-286220,0,7926,0,-132,0,1 # liftE_full r=24
2077711215598,0,-2428712018744,0,1293155463000,0,-414677775996,0,89190512273,0,-13554762100,0,1492496066,0,-119968024,0,6986869,0,-287540,0,7938,0,-132,0,1 # liftE_full r=24
151498,0,503008,0,-393380,0,-617372,0,372421,0,120052,0,-72768,0,-6940,0,4948,0,100,0,-124,0,0,0,1 # liftE_full r=12
19580560249,0,-36265561664,0,30235167972,0,-14992519296,0,4921272452,0,-1125988768,0,184080350,0,-21665152,0,1822294,0,-106880,0,4152,0,-96,0,1 # liftE_full r=24
462844473673,0,-631860345040,0,390926846052,0,-144895670880,0,35824117772,0,-6223105160,0,778741886,0,-70730720,0,4628134,0,-212800,0,6528,0,-120,0,1 # liftE_full r=24
604491869209,0,-789277596880,0,468771331044,0,-167444265120,0,40059736628,0,-6762139400,0,825805790,0,-73514720,0,4734934,0,-215200,0,6552,0,-120,0,1 # liftE_full r=24
-5279619656,0,20208705312,0,-1664947632,0,-11065298880,0,7424683292,0,-2349037472,0,442656176,0,-53500128,0,4242370,0,-218840,0,7044,0,-128,0,1 # liftE_full r=14
190285383154558,0,-152376501712248,0,55586676939672,0,-12215730993564,0,1801231183405,0,-187744948308,0,14184552268,0,-782705436,0,31306960,0,-885228,0,16796,0,-192,0,1 # liftE_full r=24
6318621494281,0,-6693445448544,0,3232992603428,0,-941452640832,0,184077666508,0,-25458623856,0,2553786814,0,-187211328,0,9954214,0,-374400,0,9456,0,-144,0,1 # liftE_full r=24
-29808621,0,1802142,0,134683209,0,-99356940,0,263403,0,18105324,0,-6134417,0,748548,0,5197,0,-11038,0,1204,0,-56,0,1 # liftE_full r=18
604494989113,0,-789279629360,0,468771874268,0,-167444341280,0,40059742532,0,-6762139640,0,825805794,0,-73514720,0,4734934,0,-215200,0,6552,0,-120,0,1 # liftE_full r=24
5281956867769,0,-5765006066016,0,2861710055012,0,-854163804864,0,170718735652,0,-24068088432,0,2454091870,0,-182349888,0,9799894,0,-371520,0,9432,0,-144,0,1 # liftE_full r=24
2749381280842,0,-3073996032800,0,1570364407364,0,-484803213180,0,100759170989,0,-14855302704,0,1593402552,0,-125303904,0,7170924,0,-291280,0,7972,0,-132,0,1 # liftE_full r=16
33679186392616,0,-13472772567392,0,2639735926992,0,-624150681520,0,170061711980,0,-32090488608,0,3871601040,0,-307070000,0,16313134,0,-577080,0,13076,0,-172,0,1 # liftE_full r=16
8349790099201,0,-8455202311680,0,3917521124160,0,-1098354091008,0,207572346880,0,-27860226192,0,2723504642,0,-195399168,0,10212304,0,-379200,0,9496,0,-144,0,1 # liftE_full r=16
3142595241309484,0,-1970841486338512,0,564195604061632,0,-97491309349352,0,11325438359168,0,-931828590656,0,55680353852,0,-2434639908,0,77313535,0,-1738900,0,26294,0,-240,0,1 # liftE_full r=24
104121507625,0,-166142298900,0,119041800060,0,-50699082228,0,14308544131,0,-2821675296,0,399004552,0,-40795296,0,2995147,0,-154092,0,5276,0,-108,0,1 # liftE_full r=24
5281966075033,0,-5765011085472,0,2861711176540,0,-854163936192,0,170718744148,0,-24068088720,0,2454091874,0,-182349888,0,9799894,0,-371520,0,9432,0,-144,0,1 # liftE_full r=24
228628058062,0,-317562226200,0,201035924960,0,-76736649204,0,19679231501,0,-3573710280,0,471418284,0,-45531072,0,3196512,0,-159120,0,5332,0,-108,0,1 # liftE_full r=16
98062,0,192184,0,-227408,0,-369820,0,218765,0,89132,0,-50320,0,-6108,0,3976,0,100,0,-112,0,0,0,1 # liftE_full r=12
1767758505457,0,-2122830069976,0,1158515656964,0,-379875548272,0,83341268552,0,-12886902820,0,1440033762,0,-117168304,0,6889714,0,-285560,0,7920,0,-132,0,1 # liftE_full r=24
3040928838814,0,-3343057049816,0,1681821872344,0,-512103011068,0,105138752141,0,-15336257200,0,1630025304,0,-127213504,0,7236184,0,-292600,0,7984,0,-132,0,1 # liftE_full r=12
24574509841,0,-43818316864,0,35274041156,0,-16943380480,0,5406267584,0,-1206844768,0,193233906,0,-22360192,0,1856194,0,-107840,0,4164,0,-96,0,1 # liftE_full r=24
138616740553,0,-208273265784,0,141915837196,0,-57974777280,0,15811168804,0,-3032375724,0,419332754,0,-42128496,0,3052054,0,-155520,0,5292,0,-108,0,1 # liftE_full r=24
-2151692381,0,23297297960,0,-7000777298,0,-8338007456,0,6696035823,0,-2232290736,0,430888348,0,-52749792,0,4213053,0,-218200,0,7038,0,-128,0,1 # liftE_full r=14
3820164042202,0,-4410726504000,0,2303530854616,0,-719425777776,0,149629007021,0,-21831771456,0,2291400552,0,-174331008,0,9543564,0,-366720,0,9392,0,-144,0,1 # liftE_full r=24
247809745132,0,-339405575112,0,212166179736,0,-80081507556,0,20336349085,0,-3661966692,0,479631374,0,-46054296,0,3218359,0,-159660,0,5338,0,-108,0,1 # liftE_full r=16
97484327233,0,-158890016076,0,115583259468,0,-49751159268,0,14143577155,0,-2802735744,0,397568152,0,-40725840,0,2993203,0,-154068,0,5276,0,-108,0,1 # liftE_full r=24
3040857084075916,0,-1918019291283424,0,551905713536080,0,-95803881427768,0,11174025681064,0,-922551064744,0,55287232260,0,-2423264996,0,77098447,0,-1736500,0,26282,0,-240,0,1 # liftE_full r=24
15714408976,0,-8234318624,0,-12613043392,0,-80351072,0,3421471588,0,1580828256,0,355270592,0,47431500,0,3989341,0,212996,0,6986,0,128,0,1 # liftE_full r=4
250919283153066139,0,-112296458704324516,0,22833605406676474,0,-2789049764906628,0,227909358149167,0,-13124693929768,0,546122272452,0,-16542712648,0,362011525,0,-5580964,0,57530,0,-356,0,1 # liftE_full r=24
529737604897,0,-707073098960,0,428508480548,0,-155880618560,0,37903497464,0,-6489406520,0,802108242,0,-72117920,0,4681474,0,-214000,0,6540,0,-120,0,1 # liftE_full r=24
138615243529,0,-208272145032,0,141915494996,0,-57974722848,0,15811164052,0,-3032375508,0,419332750,0,-42128496,0,3052054,0,-155520,0,5292,0,-108,0,1 # liftE_full r=24
30586024201,0,-52578549184,0,40925502428,0,-19067533696,0,5921128652,0,-1290910816,0,202597698,0,-23062912,0,1890214,0,-108800,0,4176,0,-96,0,1 # liftE_full r=24
10089051454,0,-21248705728,0,19817497932,0,-10823423392,0,3856123565,0,-944511872,0,163194344,0,-20060672,0,1743464,0,-104640,0,4124,0,-96,0,1 # liftE_full r=24
278593706062,0,-416532186000,0,279543331300,0,-111335896200,0,29305145405,0,-5370325680,0,702663828,0,-66159360,0,4450992,0,-208800,0,6488,0,-120,0,1 # liftE_full r=24
402904750642618,0,-302535945075504,0,103521830149296,0,-21346326593280,0,2954311444645,0,-289121086596,0,20516093320,0,-1063627116,0,39984388,0,-1062948,0,18968,0,-204,0,1 # liftE_full r=24
32010743089,0,-54826330052,0,42470699152,0,-19678585358,0,6075360561,0,-1316913826,0,205567545,0,-23290110,0,1901371,0,-109118,0,4180,0,-96,0,1 # liftE_full r=24
35884172392,0,-60206440512,0,45790699276,0,-20877418832,0,6355949774,0,-1361404816,0,210409193,0,-23647288,0,1918472,0,-109598,0,4186,0,-96,0,1 # liftE_full r=24
3039351654778,0,-3341745186560,0,1681356599860,0,-512010807484,0,105127558373,0,-15335403160,0,1629985260,0,-127212448,0,7236172,0,-292600,0,7984,0,-132,0,1 # liftE_full r=16
152749781049996,0,-129670084765728,0,49784523308010,0,-11430137974464,0,1747800195633,0,-187525240554,0,14476720063,0,-810288588,0,32638786,0,-922814,0,17386,0,-196,0,1 # liftE_full r=24
1969735903273,0,-2323078814056,0,1247022809996,0,-402835671040,0,87212040404,0,-13329980356,0,1474908114,0,-119032144,0,6954454,0,-286880,0,7932,0,-132,0,1 # liftE_full r=24
1262888393764,0,-1609240482784,0,926279441088,0,-318423277744,0,72805556540,0,-11664152456,0,1342745276,0,-111927464,0,6706739,0,-281820,0,7886,0,-132,0,1 # liftE_full r=24
1681317636499084,0,-1111569646289904,0,335428156797456,0,-61091031736392,0,7479304090984,0,-648463894200,0,40826346076,0,-1880630004,0,62905951,0,-1490088,0,23726,0,-228,0,1 # liftE_full r=24
1673434064986,0,-2028022757728,0,1116094415012,0,-368751560716,0,81448547333,0,-12668591452,0,1422747126,0,-116240344,0,6857389,0,-284900,0,7914,0,-132,0,1 # liftE_full r=24
30585318601,0,-52577946176,0,40925292708,0,-19067495808,0,5921124908,0,-1290910624,0,202597694,0,-23062912,0,1890214,0,-108800,0,4176,0,-96,0,1 # liftE_full r=24
212405678776,0,-298564158960,0,191089417820,0,-73670054004,0,19062530513,0,-3489167988,0,463416102,0,-45014616,0,3174759,0,-158580,0,5326,0,-108,0,1 # liftE_full r=16
24573876961,0,-43817756096,0,35273840220,0,-16943343360,0,5406263864,0,-1206844576,0,193233902,0,-22360192,0,1856194,0,-107840,0,4164,0,-96,0,1 # liftE_full r=24
1125769235176,0,-1461941467360,0,856387193460,0,-299141329564,0,69381357785,0,-11255184644,0,1309471898,0,-110105864,0,6642479,0,-280500,0,7874,0,-132,0,1 # liftE_full r=24
266255675578,0,-360457763040,0,222937846020,0,-83336422356,0,20979762373,0,-3748920840,0,487768940,0,-46575072,0,3240172,0,-160200,0,5344,0,-108,0,1 # liftE_full r=16
402232984443646,0,-302163443374384,0,103430158370356,0,-21333190841576,0,2953104045293,0,-289047272444,0,20513092100,0,-1063548852,0,39983200,0,-1062940,0,18968,0,-204,0,1 # liftE_full r=24
6044806559722,0,-6450865232448,0,3136929430616,0,-919062311664,0,180676348837,0,-25106760720,0,2528683378,0,-185991648,0,9915589,0,-373680,0,9450,0,-144,0,1 # liftE_full r=24
-82946,0,251512,0,-9128,0,-313764,0,116717,0,73684,0,-34036,0,-5348,0,3088,0,108,0,-100,0,0,0,1 # liftE_full r=14
2708565917971,0,-1591478099708,0,447578228262,0,-119314948084,0,36432257823,0,-8496534744,0,1290573436,0,-127560552,0,8311869,0,-355004,0,9574,0,-148,0,1 # liftE_full r=16
30585318601,0,-52577946176,0,40925292708,0,-19067495808,0,5921124908,0,-1290910624,0,202597694,0,-23062912,0,1890214,0,-108800,0,4176,0,-96,0,1 # liftE_full r=24
7661971622974,0,-7872272193312,0,3695756499852,0,-1048472746608,0,200224647565,0,-27119464128,0,2671735064,0,-192922368,0,10134664,0,-377760,0,9484,0,-144,0,1 # liftE_full r=16
3764401456,0,-6389988448,0,3515625696,0,-343823552,0,-330308460,0,112895904,0,-6137984,0,-3035172,0,697725,0,-67648,0,3466,0,-92,0,1 # liftE_full r=12
6792149056552,0,-7110620500128,0,3397333346956,0,-979571779088,0,189842786174,0,-26052655144,0,2596019273,0,-189257032,0,10018832,0,-375602,0,9466,0,-144,0,1 # liftE_full r=24
457577862712,0,-630370695056,0,392138488840,0,-145739261232,0,36060044228,0,-6260927888,0,782538248,0,-70973336,0,4637710,0,-213012,0,6530,0,-120,0,1 # liftE_full r=24
3040857084075916,0,-1918019291283424,0,551905713536080,0,-95803881427768,0,11174025681064,0,-922551064744,0,55287232260,0,-2423264996,0,77098447,0,-1736500,0,26282,0,-240,0,1 # liftE_full r=24
1866471835246,0,-2221149857608,0,1202150572400,0,-391235909020,0,85262361569,0,-13107363148,0,1457420718,0,-118098904,0,6922069,0,-286220,0,7926,0,-132,0,1 # liftE_full r=24
462844473673,0,-631860345040,0,390926846052,0,-144895670880,0,35824117772,0,-6223105160,0,778741886,0,-70730720,0,4628134,0,-212800,0,6528,0,-120,0,1 # liftE_full r=24
150595752718,0,-223163242056,0,150143958440,0,-60635765844,0,16368778273,0,-3111476220,0,427025506,0,-42635016,0,3073669,0,-156060,0,5298,0,-108,0,1 # liftE_full r=24
108298,0,3457920,0,6090732,0,1246516,0,-2885419,0,-2020812,0,-394320,0,67684,0,45988,0,9220,0,932,0,48,0,1 # liftE_full r=4
2252978059,0,4975222960,0,2231596898,0,-482737016,0,-537111729,0,-96878560,0,12822948,0,7212144,0,1156885,0,95664,0,4370,0,104,0,1 # liftE_full r=4
847736110636,0,-1049603787040,0,593181267752,0,-202405659840,0,46457605496,0,-7558820640,0,894174744,0,-77507760,0,4886847,0,-218600,0,6586,0,-120,0,1 # liftE_full r=16
2077711215598,0,-2428712018744,0,1293155463000,0,-414677775996,0,89190512273,0,-13554762100,0,1492496066,0,-119968024,0,6986869,0,-287540,0,7938,0,-132,0,1 # liftE_full r=24
97918,0,-470816,0,492412,0,262880,0,-419227,0,44252,0,67820,0,-18444,0,-1640,0,940,0,-40,0,-12,0,1 # liftE_full r=16
1767758505457,0,-2122830069976,0,1158515656964,0,-379875548272,0,83341268552,0,-12886902820,0,1440033762,0,-117168304,0,6889714,0,-285560,0,7920,0,-132,0,1 # liftE_full r=24
566088839566,0,-747272592080,0,448296929204,0,-161588993960,0,38971922849,0,-6624965480,0,813915558,0,-72815120,0,4708189,0,-214600,0,6546,0,-120,0,1 # liftE_full r=24
49982945242,0,-89937013680,0,72108869644,0,-34046230932,0,10538758221,0,-2252685168,0,340987848,0,-36845856,0,2823164,0,-149760,0,5228,0,-108,0,1 # liftE_full r=24
7705760602,0,-17008621440,0,16559758456,0,-9401279904,0,3465733421,0,-874099584,0,154736232,0,-19391232,0,1709964,0,-103680,0,4112,0,-96,0,1 # liftE_full r=24
27442765162,0,-48038379392,0,38019939576,0,-17983195296,0,5659904837,0,-1248473440,0,197889458,0,-22710592,0,1873189,0,-108320,0,4170,0,-96,0,1 # liftE_full r=24
903990392449,0,-1106865093760,0,619306182688,0,-209445396800,0,47699112920,0,-7708636280,0,906708738,0,-78225920,0,4913824,0,-219200,0,6592,0,-120,0,1 # liftE_full r=16
3044969972881,0,-3346042579088,0,1682784141320,0,-512279798976,0,105159005828,0,-15337739076,0,1630092930,0,-127215264,0,7236204,0,-292600,0,7984,0,-132,0,1 # liftE_full r=16
330021935656,0,-36705436992,0,-6500701468,0,-2920480500,0,1032249505,0,-40468468,0,-6876352,0,-1353556,0,511958,0,-57132,0,3148,0,-88,0,1 # liftE_full r=16
5780960634961,0,-6215374241376,0,3043051973956,0,-897053514240,0,177316266784,0,-24757723152,0,2503699826,0,-184774848,0,9876994,0,-372960,0,9444,0,-144,0,1 # liftE_full r=24
3463035582538,0,-4065716829888,0,2155919163528,0,-682612491504,0,143704880965,0,-21189140640,0,2243810932,0,-171954816,0,9466972,0,-365280,0,9380,0,-144,0,1 # liftE_full r=24
418444,0,716976,0,-1930320,0,553768,0,785168,0,-535968,0,70116,0,28564,0,-9425,0,460,0,158,0,-24,0,1 # liftE_full r=16
9936508341592798,0,-5658512953536184,0,1471039420521952,0,-230857038288084,0,24358694258837,0,-1820526714724,0,98825018372,0,-3925973596,0,113282296,0,-2315388,0,31820,0,-264,0,1 # liftE_full r=24
138615243529,0,-208272145032,0,141915494996,0,-57974722848,0,15811164052,0,-3032375508,0,419332750,0,-42128496,0,3052054,0,-155520,0,5292,0,-108,0,1 # liftE_full r=24
604491869209,0,-789277596880,0,468771331044,0,-167444265120,0,40059736628,0,-6762139400,0,825805790,0,-73514720,0,4734934,0,-215200,0,6552,0,-120,0,1 # liftE_full r=24
322921155658,0,-470903596640,0,308867204232,0,-120489354440,0,31135997861,0,-5615502640,0,724931444,0,-67514560,0,4503932,0,-210000,0,6500,0,-120,0,1 # liftE_full r=24
98062,0,-276384,0,-47364,0,408768,0,2653,0,-156804,0,1528,0,19212,0,568,0,-852,0,-52,0,12,0,1 # liftE_full r=12
-2391487229,0,3420225632,0,-586830198,0,-804943328,0,271902911,0,18665040,0,-15374076,0,1293776,0,158509,0,-34896,0,2474,0,-80,0,1 # liftE_full r=10
1969730277289,0,-2323075501208,0,1247022008916,0,-402835569312,0,87212033252,0,-13329980092,0,1474908110,0,-119032144,0,6954454,0,-286880,0,7932,0,-132,0,1 # liftE_full r=24
127440923086,0,-194187622392,0,134034356800,0,-55397704500,0,15266034769,0,-2954441412,0,411706958,0,-41624136,0,3030469,0,-154980,0,5286,0,-108,0,1 # liftE_full r=24
8341830541834,0,-8449788857088,0,3915915530336,0,-1098082794096,0,207543778701,0,-27858306240,0,2723424216,0,-195397248,0,10212284,0,-379200,0,9496,0,-144,0,1 # liftE_full r=12
60788278609,0,30994673320,0,-17850009172,0,-1052027432,0,1180259203,0,-77946072,0,-19104904,0,1965144,0,111139,0,-13504,0,-388,0,32,0,1 # liftE_full r=12
247063186852,0,-338716262880,0,211889635424,0,-80018492112,0,20327423676,0,-3661161768,0,479586228,0,-46052856,0,3218339,0,-159660,0,5338,0,-108,0,1 # liftE_full r=12
1060928254849,0,-1391524492864,0,822639620992,0,-289747723056,0,67700325488,0,-11053132156,0,1292951102,0,-109198144,0,6610384,0,-279840,0,7868,0,-132,0,1 # liftE_full r=24
55191198724,0,-97644220704,0,77079055744,0,-35883603792,0,10969624796,0,-2319635880,0,347971764,0,-37329336,0,2844459,0,-150300,0,5234,0,-108,0,1 # liftE_full r=24
1969735903273,0,-2323078814056,0,1247022809996,0,-402835671040,0,87212040404,0,-13329980356,0,1474908114,0,-119032144,0,6954454,0,-286880,0,7932,0,-132,0,1 # liftE_full r=24
566085820186,0,-747270603520,0,448296392976,0,-161588918280,0,38971916957,0,-6624965240,0,813915554,0,-72815120,0,4708189,0,-214600,0,6546,0,-120,0,1 # liftE_full r=24
1190302,0,6881224,0,9267616,0,2657100,0,-2461507,0,-1906844,0,-369604,0,71068,0,46240,0,9228,0,932,0,48,0,1 # liftE_full r=4
5780951003041,0,-6215369068704,0,3043050832220,0,-897053381760,0,177316258264,0,-24757722864,0,2503699822,0,-184774848,0,9876994,0,-372960,0,9444,0,-144,0,1 # liftE_full r=24
27443433742,0,-48038961088,0,38020144892,0,-17983232800,0,5659908569,0,-1248473632,0,197889462,0,-22710592,0,1873189,0,-108320,0,4170,0,-96,0,1 # liftE_full r=24
151498,0,503008,0,-393380,0,-617372,0,372421,0,120052,0,-72768,0,-6940,0,4948,0,100,0,-124,0,0,0,1 # liftE_full r=12
135436,0,313824,0,-296400,0,-481352,0,286664,0,103944,0,-60780,0,-6524,0,4447,0,100,0,-118,0,0,0,1 # liftE_full r=12
127439487466,0,-194186532528,0,134034020204,0,-55397650500,0,15266030029,0,-2954441196,0,411706954,0,-41624136,0,3030469,0,-154980,0,5286,0,-108,0,1 # liftE_full r=24
63140131492,0,-96885251840,0,67794417136,0,-28628662144,0,8132137916,0,-1638136384,0,240105612,0,-25815232,0,2021539,0,-112480,0,4222,0,-96,0,1 # liftE_full r=12
1648904980766398,0,-1093963953017664,0,331142201480412,0,-60475260532720,0,7421486605973,0,-644756933052,0,40661997660,0,-1875655156,0,62807560,0,-1488940,0,23720,0,-228,0,1 # liftE_full r=24
529734683857,0,-707071153840,0,428507951292,0,-155880543360,0,37903491584,0,-6489406280,0,802108238,0,-72117920,0,4681474,0,-214000,0,6540,0,-120,0,1 # liftE_full r=24
495349562446,0,-668620288720,0,409390026036,0,-150316877160,0,36854283929,0,-6355455320,0,790383722,0,-71423120,0,4654789,0,-213400,0,6534,0,-120,0,1 # liftE_full r=24
411360013469104,0,-313523283087056,0,108598796385164,0,-22603757034460,0,3148397888827,0,-309141735568,0,21940793574,0,-1134062812,0,42366316,0,-1115592,0,19654,0,-208,0,1 # liftE_full r=24
138616740553,0,-208273265784,0,141915837196,0,-57974777280,0,15811168804,0,-3032375724,0,419332754,0,-42128496,0,3052054,0,-155520,0,5292,0,-108,0,1 # liftE_full r=24
-758,0,315216,0,-10764,0,-500772,0,205213,0,100812,0,-50660,0,-6180,0,3940,0,108,0,-112,0,0,0,1 # liftE_full r=14
6318621494281,0,-6693445448544,0,3232992603428,0,-941452640832,0,184077666508,0,-25458623856,0,2553786814,0,-187211328,0,9954214,0,-374400,0,9456,0,-144,0,1 # liftE_full r=24
94954,0,648928,0,283372,0,-752788,0,-331219,0,183620,0,93944,0,-7068,0,-7652,0,-620,0,140,0,24,0,1 # liftE_full r=8
833573905778884,0,-587012307948800,0,188509125726040,0,-36504662776680,0,4747822116188,0,-436931748104,0,29174412080,0,-1424112620,0,50438635,0,-1264068,0,21278,0,-216,0,1 # liftE_full r=24
66577621228,0,-114259581360,0,87635103640,0,-39729429504,0,11859587856,0,-2456376192,0,362110104,0,-38301912,0,2887127,0,-151380,0,5246,0,-108,0,1 # liftE_full r=24
9953474746,0,-21094859008,0,19743511824,0,-10803629728,0,3852883061,0,-944177600,0,163173044,0,-20059904,0,1743452,0,-104640,0,4124,0,-96,0,1 # liftE_full r=24
8704976812,0,-18889225600,0,18062353240,0,-10075500288,0,3654423416,0,-908594560,0,158918216,0,-19724224,0,1726687,0,-104160,0,4118,0,-96,0,1 # liftE_full r=24
4642584169876,0,-5183258852160,0,2625775602552,0,-798010744512,0,162034673956,0,-23156344224,0,2388278932,0,-179124576,0,9697177,0,-369600,0,9416,0,-144,0,1 # liftE_full r=24
-207506,0,794800,0,-482918,0,-432332,0,312109,0,68608,0,-54240,0,-3916,0,3760,0,64,0,-106,0,0,0,1 # liftE_full r=14
150850906573,0,-223415112528,0,150251161184,0,-60661449000,0,16372565158,0,-3111828084,0,427045630,0,-42635664,0,3073678,0,-156060,0,5298,0,-108,0,1 # liftE_full r=24
18128214236932654,0,-9762532144723540,0,2402658231398206,0,-357339587993008,0,35770091103625,0,-2538893380288,0,131022351756,0,-4953404420,0,136157356,0,-2653804,0,34814,0,-276,0,1 # liftE_full r=24
95420224,0,-54497216,0,-99565312,0,763840,0,22165848,0,3457904,0,-1317864,0,-363876,0,589,0,8940,0,1130,0,56,0,1 # liftE_full r=8
605135938966,0,-789837954520,0,468982138926,0,-167489040120,0,40065608003,0,-6762626120,0,825830702,0,-73515440,0,4734943,0,-215200,0,6552,0,-120,0,1 # liftE_full r=24
1867831625893,0,-2222229372176,0,1202520979008,0,-391307628360,0,85270930178,0,-13108009948,0,1457450846,0,-118099696,0,6922078,0,-286220,0,7926,0,-132,0,1 # liftE_full r=24
-1040899319,0,-382781108,0,560065568,0,29048960,0,-113588269,0,22428456,0,4783440,0,-2666640,0,488843,0,-47908,0,2672,0,-80,0,1 # liftE_full r=10
6762313091086,0,-7088801643504,0,3390357641322,0,-978294115056,0,189695337829,0,-26041566240,0,2595477860,0,-189240576,0,10018552,0,-375600,0,9466,0,-144,0,1 # liftE_full r=20
5783851312462,0,-6217447422000,0,3043695887042,0,-897166606800,0,177328549663,0,-24758567856,0,2503735750,0,-184775712,0,9877003,0,-372960,0,9444,0,-144,0,1 # liftE_full r=24
1203699337684,0,-1543533760384,0,894215503888,0,-309366684528,0,71165840996,0,-11465277472,0,1326374264,0,-111023704,0,6674689,0,-281160,0,7880,0,-132,0,1 # liftE_full r=24
-99404,0,522792,0,-312768,0,-329936,0,228908,0,58332,0,-43944,0,-3644,0,3313,0,64,0,-100,0,0,0,1 # liftE_full r=14
329630149153,0,-477220628960,0,311411348248,0,-121061191680,0,31214399792,0,-5622216200,0,725282270,0,-67524800,0,4504060,0,-210000,0,6500,0,-120,0,1 # liftE_full r=24
-28874,0,-222300,0,55914,0,312096,0,-42971,0,-108960,0,8392,0,13884,0,-80,0,-708,0,-34,0,12,0,1 # liftE_full r=10
127667785573,0,-194418252144,0,134135064608,0,-55422353880,0,15269731378,0,-2954789172,0,411727006,0,-41624784,0,3030478,0,-154980,0,5286,0,-108,0,1 # liftE_full r=24
6047804285773,0,-6452995721280,0,3137585957848,0,-919176864672,0,180688725502,0,-25107608592,0,2528719346,0,-185992512,0,9915598,0,-373680,0,9450,0,-144,0,1 # liftE_full r=24
2376017461624,0,-2718552632664,0,1418949131080,0,-446789891548,0,94529781617,0,-14158942028,0,1539618494,0,-122469512,0,7073375,0,-289300,0,7954,0,-132,0,1 # liftE_full r=16
127669218637,0,-194419341360,0,134135401168,0,-55422407880,0,15269736118,0,-2954789388,0,411727010,0,-41624784,0,3030478,0,-154980,0,5286,0,-108,0,1 # liftE_full r=24
530324519398,0,-707595742600,0,428709108330,0,-155923956120,0,37909256903,0,-6489888680,0,802133078,0,-72118640,0,4681483,0,-214000,0,6540,0,-120,0,1 # liftE_full r=24
184309976344,0,-264640896936,0,172848479000,0,-67916365812,0,17883182817,0,-3324976452,0,447686814,0,-43990488,0,3131375,0,-157500,0,5314,0,-108,0,1 # liftE_full r=16
2767693212244,0,-3087624355376,0,1574782861784,0,-485618663376,0,100852908836,0,-14862177528,0,1593716772,0,-125312088,0,7171017,0,-291280,0,7972,0,-132,0,1 # liftE_full r=16
84544360045221592,0,-40786476794131112,0,8964303072971072,0,-1186852916201172,0,105419583057461,0,-6617574874196,0,301018475796,0,-9996691532,0,240535474,0,-4089220,0,46620,0,-320,0,1 # liftE_full r=24
88516,0,286888,0,20032,0,-379472,0,-93404,0,133132,0,42240,0,-12076,0,-5615,0,-176,0,164,0,24,0,1 # liftE_full r=8
5529577595533,0,-5988832832064,0,2951957231768,0,-875533903392,0,174009353782,0,-24412344048,0,2478871918,0,-183561792,0,9838438,0,-372240,0,9438,0,-144,0,1 # liftE_full r=24
2374138869934,0,-2717106422492,0,1418465919086,0,-446698379820,0,94519038689,0,-14158141536,0,1539581520,0,-122468544,0,7073364,0,-289300,0,7954,0,-132,0,1 # liftE_full r=20
17912297983234948,0,-9665977426375912,0,2383288606649224,0,-355044120606320,0,35592125844716,0,-2529461761796,0,130676318972,0,-4944726156,0,136014973,0,-2652424,0,34808,0,-276,0,1 # liftE_full r=24
68808870454,0,-116697233052,0,88767329314,0,-40021023780,0,11905086369,0,-2460780000,0,362368560,0,-38310336,0,2887244,0,-151380,0,5246,0,-108,0,1 # liftE_full r=24
19754928786232,0,-20581602532304,0,9700670000380,0,-2722713671440,0,505348000149,0,-65234579532,0,6001826236,0,-396597588,0,18692994,0,-613460,0,13320,0,-172,0,1 # liftE_full r=16
117241727398,0,-181096405740,0,126587726242,0,-52927195212,0,14736897295,0,-2878013052,0,404168018,0,-41122584,0,3008923,0,-154440,0,5280,0,-108,0,1 # liftE_full r=24
198868691716,0,-282050040528,0,182138564024,0,-70829694000,0,18477753252,0,-3407494392,0,455574396,0,-44503272,0,3153077,0,-158040,0,5320,0,-108,0,1 # liftE_full r=20
9236940574,0,-19611652192,0,18473674246,0,-10203404448,0,3678134981,0,-911277376,0,159099548,0,-19730944,0,1726792,0,-104160,0,4118,0,-96,0,1 # liftE_full r=24
11121619957336,0,-10679436808992,0,5621808844472,0,-1830629337136,0,385652072868,0,-54724890912,0,5383085632,0,-372302688,0,18081126,0,-604504,0,13262,0,-172,0,1 # liftE_full r=20
24502,0,-99012,0,26490,0,164776,0,-38983,0,-63144,0,8772,0,9508,0,-380,0,-596,0,-22,0,12,0,1 # liftE_full r=12
10629048532,0,-21981374464,0,20233610880,0,-10952387200,0,3879952724,0,-947201024,0,163375808,0,-20067392,0,1743569,0,-104640,0,4124,0,-96,0,1 # liftE_full r=24
-93369992,0,235960224,0,-209709832,0,63830512,0,9731604,0,-8479872,0,656704,0,271152,0,-44346,0,-968,0,614,0,-44,0,1 # liftE_full r=14
24650800198,0,-43908875872,0,35319991142,0,-16956379360,0,5408507783,0,-1207085536,0,193249674,0,-22360768,0,1856203,0,-107840,0,4164,0,-96,0,1 # liftE_full r=24
1673913371729974,0,-1107812261878956,0,334584700570914,0,-60981102908616,0,7470137022565,0,-647956654320,0,40807722640,0,-1880192508,0,62899984,0,-1490052,0,23726,0,-228,0,1 # liftE_full r=24
1275584735014,0,-1619915211508,0,930125988114,0,-319198685740,0,72901166369,0,-11671536800,0,1343094320,0,-111936704,0,6706844,0,-281820,0,7886,0,-132,0,1 # liftE_full r=24
30674279662,0,-52679558560,0,40975146842,0,-19081207648,0,5923436027,0,-1291155040,0,202613538,0,-23063488,0,1890223,0,-108800,0,4176,0,-96,0,1 # liftE_full r=24
2607633,0,-9971262,0,14501997,0,-9870444,0,2664684,0,386478,0,-424652,0,88130,0,1568,0,-3360,0,549,0,-38,0,1 # liftE_full r=20
2524054,0,-3739504,0,-4931426,0,12290460,0,-8648119,0,2487464,0,-2500,0,-210388,0,67204,0,-10728,0,974,0,-48,0,1 # liftE_full r=20
107532369037,0,-168512883120,0,119366573168,0,-50512663944,0,14216249662,0,-2802389940,0,396675742,0,-40622544,0,2987398,0,-153900,0,5274,0,-108,0,1 # liftE_full r=24
3131366006905294,0,-1965396560567680,0,563027920078762,0,-97345946968388,0,11313862052909,0,-931216985408,0,55658917520,0,-2434159284,0,77307280,0,-1738864,0,26294,0,-240,0,1 # liftE_full r=24
53264122726,0,-83777535776,0,60038762738,0,-25932466848,0,7521757781,0,-1544038080,0,230094372,0,-25089024,0,1987152,0,-111520,0,4210,0,-96,0,1 # liftE_full r=16
495916424293,0,-669129479840,0,409586973992,0,-150359690000,0,36860002250,0,-6355935800,0,790408530,0,-71423840,0,4654798,0,-213400,0,6534,0,-120,0,1 # liftE_full r=24
8836,0,194488,0,-129152,0,-177776,0,115948,0,40372,0,-27600,0,-3100,0,2509,0,64,0,-88,0,0,0,1 # liftE_full r=12
495913602637,0,-669127578400,0,409586451720,0,-150359615280,0,36859996382,0,-6355935560,0,790408526,0,-71423840,0,4654798,0,-213400,0,6534,0,-120,0,1 # liftE_full r=24
6047794441573,0,-6452990472000,0,3137584806008,0,-919176731616,0,180688716970,0,-25107608304,0,2528719342,0,-185992512,0,9915598,0,-373680,0,9450,0,-144,0,1 # liftE_full r=24
2327200218661,0,-2670019586002,0,1397450078941,0,-441201397854,0,93585662240,0,-14050610248,0,1531066708,0,-122010812,0,7057372,0,-288972,0,7951,0,-132,0,1 # liftE_full r=24
42219256741,0,-68846253360,0,51037816651,0,-22746392138,0,6788402315,0,-1429338994,0,217748330,0,-24185830,0,1944167,0,-110318,0,4195,0,-96,0,1 # liftE_full r=24
566705341837,0,-747814868000,0,448502880200,0,-161633085680,0,38977741142,0,-6625450040,0,813940434,0,-72815840,0,4708198,0,-214600,0,6546,0,-120,0,1 # liftE_full r=24
5783860939558,0,-6217452593808,0,3043697028742,0,-897166739280,0,177328558183,0,-24758568144,0,2503735754,0,-184775712,0,9877003,0,-372960,0,9444,0,-144,0,1 # liftE_full r=24
3233963631787126,0,-2018580089296680,0,575384197805454,0,-99040335965908,0,11465730272645,0,-940513559640,0,56052536016,0,-2445541588,0,77522416,0,-1741264,0,26306,0,-240,0,1 # liftE_full r=24
1674698341837,0,-2029044894800,0,1116450725328,0,-368821469016,0,81456987662,0,-12669233500,0,1422777182,0,-116241136,0,6857398,0,-284900,0,7914,0,-132,0,1 # liftE_full r=24
566702325733,0,-747812880160,0,448502344008,0,-161633010000,0,38977735250,0,-6625449800,0,813940430,0,-72815840,0,4708198,0,-214600,0,6546,0,-120,0,1 # liftE_full r=24
1769075213398,0,-2123883829540,0,1158879761522,0,-379946460388,0,83349780095,0,-12887547508,0,1440063858,0,-117169096,0,6889723,0,-285560,0,7920,0,-132,0,1 # liftE_full r=24
9009814210624,0,-8999216871936,0,4119388699840,0,-1142775506880,0,213993421140,0,-28497428640,0,2767476084,0,-197482944,0,10277210,0,-380400,0,9506,0,-144,0,1 # liftE_full r=16
15352090246,0,-29881673440,0,25985841006,0,-13351494304,0,4514325269,0,-1058298176,0,176431580,0,-21085184,0,1794032,0,-106080,0,4142,0,-96,0,1 # liftE_full r=24
19646146726,0,-36346417376,0,30277580814,0,-15004856928,0,4923445907,0,-1126226080,0,184096046,0,-21665728,0,1822303,0,-106880,0,4152,0,-96,0,1 # liftE_full r=24
138858184078,0,-208514920212,0,142019935462,0,-57999968604,0,15814912867,0,-3032725644,0,419352842,0,-42129144,0,3052063,0,-155520,0,5292,0,-108,0,1 # liftE_full r=24
107532369037,0,-168512883120,0,119366573168,0,-50512663944,0,14216249662,0,-2802389940,0,396675742,0,-40622544,0,2987398,0,-153900,0,5274,0,-108,0,1 # liftE_full r=24
4227039088996,0,-4793874858816,0,2463684006520,0,-758548094400,0,155813376372,0,-22492789344,0,2339785836,0,-176726496,0,9620357,0,-368160,0,9404,0,-144,0,1 # liftE_full r=24
10590026654962246,0,-5965881117761168,0,1535886493589242,0,-238938660542868,0,25017561179897,0,-1857243248960,0,100241410724,0,-3963321548,0,113926516,0,-2321952,0,31850,0,-264,0,1 # liftE_full r=24
305200951366,0,-447966697880,0,295939207294,0,-116306631240,0,30275053781,0,-5497608080,0,714043868,0,-66844160,0,4477552,0,-209400,0,6494,0,-120,0,1 # liftE_full r=24
2079177609613,0,-2429854390832,0,1293541080384,0,-414751427640,0,89199216758,0,-13555413916,0,1492526270,0,-119968816,0,6986878,0,-287540,0,7938,0,-132,0,1 # liftE_full r=24
1430112162502,0,-1781740800268,0,1005220176118,0,-339524021100,0,76453523249,0,-12090375616,0,1376833472,0,-113770624,0,6771244,0,-283140,0,7898,0,-132,0,1 # liftE_full r=24
24650800198,0,-43908875872,0,35319991142,0,-16956379360,0,5408507783,0,-1207085536,0,193249674,0,-22360768,0,1856203,0,-107840,0,4164,0,-96,0,1 # liftE_full r=24
5858851575298726,0,-3477550591857460,0,942768344451274,0,-154363710154416,0,17001405333029,0,-1326966803680,0,75259680152,0,-3125165884,0,94300480,0,-2016492,0,29006,0,-252,0,1 # liftE_full r=24
530327437198,0,-707597687000,0,428709637550,0,-155924031320,0,37909262783,0,-6489888920,0,802133082,0,-72118640,0,4681483,0,-214000,0,6540,0,-120,0,1 # liftE_full r=24
127667785573,0,-194418252144,0,134135064608,0,-55422353880,0,15269731378,0,-2954789172,0,411727006,0,-41624784,0,3030478,0,-154980,0,5286,0,-108,0,1 # liftE_full r=24
29487661,0,112659092,0,-86420876,0,-18213080,0,23655387,0,-2539608,0,-1502360,0,368112,0,2607,0,-9196,0,1140,0,-56,0,1 # liftE_full r=12
2253278876404,0,-2601404213408,0,1368925635040,0,-434204088208,0,92463366476,0,-13927572208,0,1521725184,0,-121525624,0,7040869,0,-288640,0,7948,0,-132,0,1 # liftE_full r=20
10451941075090852,0,-5901293073660984,0,1522334812961688,0,-237259027667040,0,24881376646156,0,-1849695699756,0,99951848716,0,-3955728108,0,113796253,0,-2320632,0,31844,0,-264,0,1 # liftE_full r=24
3134498247203182,0,-1966853777507904,0,563329057214550,0,-97382222229564,0,11316668782825,0,-931361620632,0,55663880956,0,-2434268652,0,77308684,0,-1738872,0,26294,0,-240,0,1 # liftE_full r=24
5529577595533,0,-5988832832064,0,2951957231768,0,-875533903392,0,174009353782,0,-24412344048,0,2478871918,0,-183561792,0,9838438,0,-372240,0,9438,0,-144,0,1 # liftE_full r=24
19646710198,0,-36346936864,0,30277773026,0,-15004893280,0,4923449603,0,-1126226272,0,184096050,0,-21665728,0,1822303,0,-106880,0,4152,0,-96,0,1 # liftE_full r=24
27524876773,0,-48134069120,0,38067717048,0,-17996529984,0,5662178570,0,-1248715936,0,197905262,0,-22711168,0,1873198,0,-108320,0,4170,0,-96,0,1 # liftE_full r=24
737977817329,0,-932440734420,0,537340811471,0,-186756587730,0,43601556231,0,-7204084962,0,863803950,0,-75737718,0,4819631,0,-217098,0,6571,0,-120,0,1 # liftE_full r=24
566705341837,0,-747814868000,0,448502880200,0,-161633085680,0,38977741142,0,-6625450040,0,813940434,0,-72815840,0,4708198,0,-214600,0,6546,0,-120,0,1 # liftE_full r=24
68808870454,0,-116697233052,0,88767329314,0,-40021023780,0,11905086369,0,-2460780000,0,362368560,0,-38310336,0,2887244,0,-151380,0,5246,0,-108,0,1 # liftE_full r=24
30673576078,0,-52678956128,0,40974937158,0,-19081169760,0,5923432283,0,-1291154848,0,202613534,0,-23063488,0,1890223,0,-108800,0,4176,0,-96,0,1 # liftE_full r=24
2634114653188,0,-2962376161184,0,1522123850660,0,-472544949228,0,98730265037,0,-14626675932,0,1575634374,0,-124363272,0,7138455,0,-290620,0,7966,0,-132,0,1 # liftE_full r=16
1674698341837,0,-2029044894800,0,1116450725328,0,-368821469016,0,81456987662,0,-12669233500,0,1422777182,0,-116241136,0,6857398,0,-284900,0,7914,0,-132,0,1 # liftE_full r=24
83065602244,0,-136408155264,0,100745038996,0,-44229547332,0,12851225357,0,-2602928844,0,376823274,0,-39293208,0,2930055,0,-152460,0,5258,0,-108,0,1 # liftE_full r=24
37894877974,0,-62979705884,0,47490994984,0,-21487819286,0,6498088797,0,-1383845800,0,212842794,0,-23826348,0,1927030,0,-109838,0,4189,0,-96,0,1 # liftE_full r=24
19495388047864,0,-19568209142912,0,9177110697240,0,-2596945541776,0,487595594324,0,-63623327616,0,5904497568,0,-392687504,0,18592294,0,-611952,0,13310,0,-172,0,1 # liftE_full r=16
14116312,0,2746688,0,-38553836,0,21714760,0,5253069,0,-4693620,0,209860,0,234996,0,-30966,0,-2140,0,648,0,-44,0,1 # liftE_full r=8
13576211476,0,-26985627520,0,23924106232,0,-12508195968,0,4294963556,0,-1020385216,0,172020692,0,-20743744,0,1777177,0,-105600,0,4136,0,-96,0,1 # liftE_full r=24
1971145430686,0,-2324187805412,0,1247400378978,0,-402908303028,0,87220673315,0,-13330629532,0,1474938278,0,-119032936,0,6954463,0,-286880,0,7932,0,-132,0,1 # liftE_full r=24
5853927965993614,0,-3475372177865340,0,942340254761142,0,-154314674240680,0,16997797638137,0,-1326790023168,0,75253911252,0,-3125044996,0,94299004,0,-2016484,0,29006,0,-252,0,1 # liftE_full r=24
10582452563927278,0,-5962686587392624,0,1535288091291646,0,-238873325099644,0,25012979373973,0,-1857029245096,0,100234753704,0,-3963188564,0,113924968,0,-2321944,0,31850,0,-264,0,1 # liftE_full r=24
7240760691349,0,-7499711001192,0,3548569489891,0,-1014264199738,0,195044039507,0,-26585203010,0,2633732306,0,-191081030,0,10076495,0,-376678,0,9475,0,-144,0,1 # liftE_full r=24
756275632126,0,-952836406200,0,547431515110,0,-189675257480,0,44148237437,0,-7273386160,0,869826836,0,-76092160,0,4833152,0,-217400,0,6574,0,-120,0,1 # liftE_full r=20
15470655164329,0,-16604328176588,0,8176745656140,0,-2395700523676,0,461095408355,0,-61249175976,0,5758416888,0,-386603720,0,18428347,0,-609372,0,13292,0,-172,0,1 # liftE_full r=20
138856689646,0,-208513800108,0,142019593298,0,-57999914172,0,15814908115,0,-3032725428,0,419352838,0,-42129144,0,3052063,0,-155520,0,5292,0,-108,0,1 # liftE_full r=24
5284697023318,0,-5766997744176,0,2862335863426,0,-854274786960,0,170730882403,0,-24068928528,0,2454127730,0,-182350752,0,9799903,0,-371520,0,9432,0,-144,0,1 # liftE_full r=24
463386301486,0,-632352579080,0,391119118154,0,-144937812920,0,35829783323,0,-6223583480,0,778766658,0,-70731440,0,4628143,0,-212800,0,6528,0,-120,0,1 # liftE_full r=24
-159386,0,-503828,0,3207418,0,-3279080,0,756121,0,467512,0,-298668,0,50084,0,5236,0,-3236,0,506,0,-36,0,1 # liftE_full r=18
5783851312462,0,-6217447422000,0,3043695887042,0,-897166606800,0,177328549663,0,-24758567856,0,2503735750,0,-184775712,0,9877003,0,-372960,0,9444,0,-144,0,1 # liftE_full r=24
6321698916718,0,-6695618274192,0,3233658390758,0,-941568260880,0,184090111483,0,-25459474032,0,2553822814,0,-187212192,0,9954223,0,-374400,0,9456,0,-144,0,1 # liftE_full r=24
4450584525073,0,-4797846622504,0,2362326726872,0,-702556516218,0,140574412763,0,-19938671934,0,2055829311,0,-155275842,0,8527299,0,-332096,0,8707,0,-138,0,1 # liftE_full r=16
1769069887198,0,-2123880634700,0,1158878977422,0,-379946359716,0,83349772967,0,-12887547244,0,1440063854,0,-117169096,0,6889723,0,-285560,0,7920,0,-132,0,1 # liftE_full r=24
-11546,0,-698404,0,1009954,0,-16584,0,-409435,0,92720,0,48320,0,-16132,0,-1376,0,852,0,-34,0,-12,0,1 # liftE_full r=14
2376017461624,0,-2718552632664,0,1418949131080,0,-446789891548,0,94529781617,0,-14158942028,0,1539618494,0,-122469512,0,7073375,0,-289300,0,7954,0,-132,0,1 # liftE_full r=16
6025964676768262,0,-3559806842435788,0,960926215233850,0,-156731000790136,0,17203265318617,0,-1338730456696,0,75734171892,0,-3138246308,0,94536340,0,-2019004,0,29018,0,-252,0,1 # liftE_full r=24
857521423102,0,-1057799161720,0,596163014486,0,-203021321640,0,46536525041,0,-7565253120,0,894500352,0,-77517120,0,4886964,0,-218600,0,6586,0,-120,0,1 # liftE_full r=16
199509072673,0,-282685067856,0,182409916200,0,-70894917072,0,18487395112,0,-3408391980,0,455625794,0,-44504928,0,3153100,0,-158040,0,5320,0,-108,0,1 # liftE_full r=16
32892660654352,0,-30075079179456,0,12584477942436,0,-3185147795284,0,542829211021,0,-65588415818,0,5757534425,0,-369710402,0,17221652,0,-567018,0,12513,0,-166,0,1 # liftE_full r=16
1511039483716,0,-1865811946768,0,1043927825448,0,-349924168528,0,78259309604,0,-12302099480,0,1393812500,0,-114690488,0,6803477,0,-283800,0,7904,0,-132,0,1 # liftE_full r=24
2389514675224,0,-2534485708896,0,1391704986008,0,-486074457328,0,114207397780,0,-18557107136,0,2120215584,0,-171437104,0,9753838,0,-381832,0,9790,0,-148,0,1 # liftE_full r=16
10315344864814006,0,-5837260329128200,0,1508873390610646,0,-235587748179204,0,24745673582729,0,-1842165847768,0,99662691812,0,-3948139948,0,113666020,0,-2319312,0,31838,0,-264,0,1 # liftE_full r=24
107533684453,0,-168513911856,0,119366898592,0,-50512717080,0,14216254378,0,-2802390156,0,396675746,0,-40622544,0,2987398,0,-153900,0,5274,0,-108,0,1 # liftE_full r=24
5774369511782356,0,-3435933699411368,0,933577659101584,0,-153165469135776,0,16899270810332,0,-1321019669996,0,75020103464,0,-3118572788,0,94181857,0,-2015232,0,29000,0,-252,0,1 # liftE_full r=24
19651704433,0,-34354234440,0,27233165120,0,-12952216458,0,4118692499,0,-923044854,0,149574471,0,-17667042,0,1510323,0,-91176,0,3691,0,-90,0,1 # liftE_full r=16
530324519398,0,-707595742600,0,428709108330,0,-155923956120,0,37909256903,0,-6489888680,0,802133078,0,-72118640,0,4681483,0,-214000,0,6540,0,-120,0,1 # liftE_full r=24
789358,0,3157888,0,3029782,0,-1038852,0,-2781847,0,-1261544,0,-23620,0,153580,0,56716,0,9912,0,950,0,48,0,1 # liftE_full r=4
7063105470004,0,-7350496900032,0,3492295681832,0,-1001707219392,0,193206961076,0,-26400975840,0,2620901148,0,-190467936,0,10057257,0,-376320,0,9472,0,-144,0,1 # liftE_full r=20
22030642021,0,-39985131904,0,32725261592,0,-15959523904,0,5162300690,0,-1166257504,0,188646642,0,-22012288,0,1839238,0,-107360,0,4158,0,-96,0,1 # liftE_full r=24
29092518784576,0,-27512729368608,0,11835146159256,0,-3062016971164,0,530637266005,0,-64886522942,0,5740448144,0,-370195598,0,17270786,0,-568434,0,12528,0,-166,0,1 # liftE_full r=24
12145933048,0,-24528152128,0,22098210660,0,-11734917664,0,4088133137,0,-983855840,0,167701946,0,-20405696,0,1760375,0,-105120,0,4130,0,-96,0,1 # liftE_full r=24
