1124025590687,-158728000779253,570697607801083,-363879232476133,-246769220900284,273922514818601,7806926503037,-68366554391068,10266852575422,7958381184099,-1958271851593,-496803994753,166721936496,17334418371,-8110580629,-316100564,243676282,1744680,-4611039,34879,53665,-629,-352,3,1 # comp 3x8 (3*8) r=24
-25125330372383,-31303634456046,452778870462483,-401492564605988,-181305564063189,276365275793958,-8198891222537,-67760761025151,12450729496131,7871789692293,-2158950737781,-492012478308,179706726394,17113551345,-8671167774,-306091065,258911817,1457391,-4858174,38958,55842,-651,-360,3,1 # comp 3x8 (3*8) r=24
468657406354031,-2156133632378910,509720002738527,2758423595558227,-464957661240057,-1407541582304877,43924535655523,343014189629175,22211228137116,-42844945797158,-5163965104536,2976164756610,465030136111,-121016321559,-22173973860,2948846552,612157068,-43034709,-10024750,364812,95352,-1642,-483,3,1 # comp 3x8 (3*8) r=24
-11043008,187164704,-286222496,-2359529160,3858775064,8931008286,-9551093815,-10996315121,9074113204,5417726181,-4238360778,-1172529303,1015095085,119617276,-134968898,-4917328,10449898,-53634,-477615,11101,12598,-325,-176,3,1 # comp 3x8 (3*8) r=24
127423971276678161,-465525950999513670,-386842085820549792,192193725722056374,140872644233848767,-34047184178357808,-22617564483906465,3383464356983211,2042276743083654,-208754951485878,-115022255785260,8404260376542,4256342828204,-226112483676,-106006232418,4085139415,1783145073,-48816786,-19911802,369219,140919,-1597,-570,3,1 # comp 3x8 (3*8) r=24
-11480510549690379,-7809383069012313,68276540043480537,44189988354268641,-38584394672546520,-27365518590571467,5858603508882285,5614540213423932,-101991693427092,-503077286138111,-29482759272117,23863852414581,2369770900476,-660613177437,-83962968897,11150765876,1684492722,-115383708,-20363173,706395,147243,-2307,-588,3,1 # comp 3x8 (3*8) r=24
-3404,76584,-366056,-731704,4547994,1636444,-16741366,-1934740,26656081,1913512,-21577168,-1170364,9831729,403656,-2668508,-77864,441436,8124,-44258,-416,2587,8,-80,0,1 # comp 3x8 (3*8) r=24
520881947534079745,-603939438339296406,-572107463274538708,229042395395913686,169700093667245491,-37594378864960900,-24510575255883733,3514283333566315,2074461135206482,-207285265239518,-112108207510768,8094697421446,4043958198194,-213924814728,-99361159214,3838439063,1665407707,-46000746,-18695532,352001,134101,-1553,-554,3,1 # comp 3x8 (3*8) r=24
250626562323015625,600780627008009375,-459204436244697575,-229747775397979185,152514432526630428,38057587353016001,-23334211983873669,-3589954553930740,2046827200025704,213305690229349,-113211533924961,-8364817914745,4143362641462,221182416039,-102599376091,-3957205562,1723587754,47158260,-19300269,-358181,137503,1567,-562,-3,1 # comp 8x3 (8*3) r=24
76745426409,-369139207707,-3288017410794,-756615888147,11297651852991,501959629419,-7959420493508,-198509778525,2487479884566,67741061461,-420729030378,-13790800431,41983575070,1492422414,-2593717665,-90589301,101242017,3193311,-2481265,-64575,36708,690,-297,-3,1 # comp 8x3 (8*3) r=24
250626562323015625,-600780627008009375,-459204436244697575,229747775397979185,152514432526630428,-38057587353016001,-23334211983873669,3589954553930740,2046827200025704,-213305690229349,-113211533924961,8364817914745,4143362641462,-221182416039,-102599376091,3957205562,1723587754,-47158260,-19300269,358181,137503,-1567,-562,3,1 # comp 3x8 (3*8) r=24
-69547341824,-543862585248,-781029161640,2541665556388,6637312898766,3345996577869,-3289313972781,-3777578839635,-343927823925,983288175618,368190602580,-69796515276,-61980221868,-4987531107,3814271079,840001203,-60799809,-34309536,-1675460,479802,48090,-2421,-381,3,1 # comp 3x8 (3*8) r=24
-105090532256,-1390376906880,-5047560119232,-2962104018416,10601001175536,9280024137312,-9437328123600,-6967649321472,4645194216528,2006020909608,-1128988898544,-278592061416,141882595150,20617755444,-9729102516,-847147143,372464151,19323984,-7895082,-233562,88902,1360,-486,-3,1 # comp 8x3 (8*3) r=24
-337544249028608,252430749626368,3327143677176064,-2781555981042816,-1453196059743184,1655509075499112,137694583432496,-386934962429926,22236415064689,46177541146863,-5705795750595,-3123240852924,507093260677,125306395019,-23814744914,-3028213655,648403522,43897503,-10478706,-369373,98341,1648,-491,-3,1 # comp 8x3 (8*3) r=24
-5507,-78384,-258378,534672,2757090,-1185000,-9429164,1472268,14499351,-1194724,-11889834,657756,5683325,-235200,-1654032,50800,297240,-6084,-32646,360,2103,-8,-72,0,1 # comp 3x8 (3*8) r=24
-203133139128107,1883683898245512,2688655380800469,-3506095919114567,-1134217024760295,1706092911787527,96627487752495,-373894970466573,21215470130628,43903715146092,-5167927936914,-2973975976818,464578716939,120014543499,-22173387546,-2917690866,612628812,42557511,-10033118,-360822,95394,1626,-483,-3,1 # comp 8x3 (8*3) r=24
-299198116,-2800044828,-6607419072,3589666432,25670893428,9012496758,-32313615017,-14883866415,21301090248,7539853609,-8178869577,-1521320556,1726636267,134655099,-206886099,-3882976,14592951,-166917,-612523,14616,14901,-361,-192,3,1 # comp 3x8 (3*8) r=24
-5507,78384,-258378,-534672,2757090,1185000,-9429164,-1472268,14499351,1194724,-11889834,-657756,5683325,235200,-1654032,-50800,297240,6084,-32646,-360,2103,8,-72,0,1 # comp 3x8 (3*8) r=24
1651708698987843,28265715576228375,99265910126132547,46476483766195167,-46949724421421760,-29604523787935281,6163673986983483,5729499659494908,-110093605921188,-506813986776903,-29418553377729,23964717596289,2374627683506,-662617936857,-84063117885,11186976688,1684551780,-115940556,-20354379,711225,147201,-2323,-588,3,1 # comp 3x8 (3*8) r=24
6133733,-2351199251,3123562615,12701030596,-12529900795,-26079097586,13282820801,26487895693,-2597014484,-12019303329,-1018728925,2782912861,485260056,-363618615,-82096351,28199138,7308988,-1312839,-371535,35648,10741,-514,-163,3,1 # comp 3x8 (3*8) r=24
271,1973,-21587,-125211,369462,712487,-1723839,-1592272,3468190,1840039,-3594117,-1279873,2104018,571671,-727891,-162896,151654,28248,-19095,-2807,1423,145,-58,-3,1 # comp 8x3 (8*3) r=24
135562807100416,-1834039947415296,3991966934351424,-1844552042218880,-1882819387224288,1628391704247648,184151610092136,-418523621788512,27884779353051,51045440276565,-7017635977161,-3441038005296,603055836765,136568550957,-27412158432,-3261660915,725172786,46692561,-11416376,-386895,104403,1692,-507,-3,1 # comp 8x3 (8*3) r=24
-53820971,1356002013,5012343018,-11253301583,-16523605509,31999128765,12480204634,-33252689781,70021602,14534777565,-2031810390,-3300966339,670374178,429184764,-102172131,-33144873,8636049,1520805,-422047,-40101,11742,552,-171,-3,1 # comp 8x3 (8*3) r=24
-52640505858051,-217787045734701,751131810815625,-461613534771639,-266358636933476,308771728142727,450655987583,-71477459822644,11538224659366,8066839798931,-2047054446429,-497773530849,170068239670,17368352875,-8183399989,-321418820,244641964,1947516,-4619469,31841,53707,-613,-352,3,1 # comp 3x8 (3*8) r=24
-11663174398295621,29627390814462388,58833408252101158,-58874311816175688,-33282690661674943,29544195168322696,5277870367484173,-5871706291434139,-47851525510796,520203817974416,-33053902930158,-24536564259604,2518901597046,677219083374,-87950147708,-11402147807,1751414569,117544530,-21031798,-715619,150841,2321,-596,-3,1 # comp 8x3 (8*3) r=24
-245323414301,2090825851659,-4129820858432,-3623362272485,11200612821339,1457133065657,-7222563529630,-316522123679,2134594459840,63906465029,-349547681818,-10716270539,34537913574,1132665114,-2149377965,-71103745,85565287,2643153,-2159111,-56749,33166,646,-281,-3,1 # comp 8x3 (8*3) r=24
74414436352,350926320448,-1155936771136,-761983561060,4023286905020,-2254204904927,-2055366290171,2273057938683,-31598799695,-684460612096,200329061692,71560513550,-43053202980,877542241,3363621031,-585135033,-78565343,30605568,-1193142,-457456,43540,2377,-365,-3,1 # comp 8x3 (8*3) r=24
1,81,837,1449,-11532,-37227,32889,193584,17958,-389343,-141285,392943,177636,-223803,-105387,75962,34644,-15528,-6605,1851,723,-117,-42,3,1 # comp 3x8 (3*8) r=24
-11480510549690379,7809383069012313,68276540043480537,-44189988354268641,-38584394672546520,27365518590571467,5858603508882285,-5614540213423932,-101991693427092,503077286138111,-29482759272117,-23863852414581,2369770900476,660613177437,-83962968897,-11150765876,1684492722,115383708,-20363173,-706395,147243,2307,-588,-3,1 # comp 8x3 (8*3) r=24
285437040813,646833923541,-5734555520877,-4789269504204,12626584154613,1951374585192,-7422780948437,-227767110243,2062141553388,-19562333449,-324957204861,8357830875,31518993054,-1023835743,-1954333311,66809710,78335712,-2533701,-2005545,55356,31437,-640,-273,3,1 # comp 3x8 (3*8) r=24
-295363650281,-1584417361201,101312997493,8799658325454,9308999781163,-4137373013756,-7052191436501,808654372627,2229227363152,-108321530273,-378173378501,13212534295,37950056840,-1245893061,-2365745137,75367148,93419416,-2747607,-2321931,58058,34951,-652,-289,3,1 # comp 3x8 (3*8) r=24
-218627,-45837378,133506384,1569857203,665025633,-6991639884,-5111799570,9054690669,6088065459,-4509702279,-3056187426,1025402238,772025541,-113877264,-108151842,5529006,8796465,-9015,-420128,-9102,11541,303,-168,-3,1 # comp 8x3 (8*3) r=24
135562807100416,1834039947415296,3991966934351424,1844552042218880,-1882819387224288,-1628391704247648,184151610092136,418523621788512,27884779353051,-51045440276565,-7017635977161,3441038005296,603055836765,-136568550957,-27412158432,3261660915,725172786,-46692561,-11416376,386895,104403,-1692,-507,3,1 # comp 3x8 (3*8) r=24
-295363650281,1584417361201,101312997493,-8799658325454,9308999781163,4137373013756,-7052191436501,-808654372627,2229227363152,108321530273,-378173378501,-13212534295,37950056840,1245893061,-2365745137,-75367148,93419416,2747607,-2321931,-58058,34951,652,-289,-3,1 # comp 8x3 (8*3) r=24
191141860192,-712031151968,-1794003906720,4480393641680,4275448425648,-7796529268032,-4740147041904,5106419691200,2611582787104,-1499693553560,-717497507696,215294778936,99901781446,-16608470362,-7491259838,719760097,310968121,-17366286,-7049936,218912,83092,-1316,-470,3,1 # comp 3x8 (3*8) r=24
373,-16096,-381650,-963560,8205258,2556608,-31713420,-3133452,50537383,3550140,-39388482,-2144092,16830589,673376,-4221472,-114720,640576,10500,-58686,-472,3127,8,-88,0,1 # comp 3x8 (3*8) r=24
-608594171387,3132613427955,-2679695552927,-7682094809236,10606502386983,3216697951498,-7038565418116,-606969730351,2106108275542,86101958401,-347447332387,-11333501083,34485068901,1111518975,-2151320591,-68880941,85713904,2568645,-2162198,-55538,33187,638,-281,-3,1 # comp 8x3 (8*3) r=24
-409328130493,2843260802935,-4673039335470,-1071590234618,8404514752316,-5200011969126,-2568107883873,3590293415182,-419481115295,-828047312672,307622161351,61372255977,-51289733380,3291261617,3424428221,-696457078,-67374266,31955223,-1430352,-465353,45829,2383,-373,-3,1 # comp 8x3 (8*3) r=24
2957,-15857,-61905,258949,462746,-1416513,-1637889,3286732,2947762,-3917519,-2931881,2650881,1709648,-1074595,-605695,266300,132160,-39996,-17613,3493,1381,-161,-58,3,1 # comp 3x8 (3*8) r=24
574003229,3420682211,2161339669,-14580512948,-11413766433,25839357020,11676323270,-23387561805,-2802608984,10339331125,-602244031,-2398530257,360991695,317865929,-65011949,-25196619,6055834,1204881,-321602,-33680,9733,500,-155,-3,1 # comp 8x3 (8*3) r=24
-6244315479627861,-45290447597968595,45981354853772117,70381330066860643,-28968040897366814,-31787478288830151,4722403327750181,6138011611749596,8357001388588,-537636350082907,-36778596439309,25223175468003,2674591973590,-694214840405,-92107793077,11658654430,1820839516,-119732100,-21719239,724871,154495,-2335,-604,3,1 # comp 3x8 (3*8) r=24
166860143,1772336580,6154331736,6380054849,-7024245897,-17012257044,-2006308424,13833924255,5797682895,-5188643077,-3072080070,997129812,770312641,-97953534,-106869324,3985678,8669565,57297,-415918,-10572,11499,319,-168,-3,1 # comp 8x3 (8*3) r=24
10840478370454197,-63845247106010052,64787561423001405,86691120572598174,-35351312399795619,-36697374019430928,4678710390036387,6570897602716197,53980806851757,-561154927093709,-40654946028999,26081564715924,2846456342388,-714885402321,-96609088578,11982319211,1892885571,-122886711,-22411864,741900,158142,-2373,-612,3,1 # comp 3x8 (3*8) r=24
-53209940644013,-38295534132906,516889243906440,-446357686520340,-185448171198423,291606382892406,-12062898478111,-69167698148289,13100441263536,7920243160306,-2204945418744,-492343976808,181457650220,17132211102,-8709409590,-309041791,259418913,1566138,-4862550,37383,55863,-643,-360,3,1 # comp 3x8 (3*8) r=24
-245323414301,-2090825851659,-4129820858432,3623362272485,11200612821339,-1457133065657,-7222563529630,316522123679,2134594459840,-63906465029,-349547681818,10716270539,34537913574,-1132665114,-2149377965,71103745,85565287,-2643153,-2159111,56749,33166,-646,-281,3,1 # comp 3x8 (3*8) r=24
-218627,45837378,133506384,-1569857203,665025633,6991639884,-5111799570,-9054690669,6088065459,4509702279,-3056187426,-1025402238,772025541,113877264,-108151842,-5529006,8796465,9015,-420128,9102,11541,-303,-168,3,1 # comp 3x8 (3*8) r=24
59779,445392,863319,-996484,-4388154,-794118,6419356,2865270,-2960670,-2451130,-157656,1083228,599670,-280350,-253710,42640,62601,-4140,-10175,276,1005,-8,-51,0,1 # comp 8x3 (4*3) r=12
5383326379,1356596804,-27100725669,3326130028,29631438768,-3512639020,-7355544628,1596354988,-863707043,-206119728,132184600,-15108476,13198473,1008516,754180,61460,-73043,11532,-9072,-184,-254,16,1,0,1 # comp 3x8 (3*4) r=12
-149687,1748238,-3927082,-2289648,9833002,-587394,-4449017,394212,2044009,-1099788,-2058214,931176,1150748,-410718,-394003,125484,102412,-16812,-15269,1020,1258,-24,-55,0,1 # comp 8x3 (4*3) r=12
1837567,-8145240,-25977780,-396892,11338227,2894760,-5700980,4386300,8434245,-2751416,-5065740,480564,2563567,116556,-917358,-46504,192957,5688,-23950,-336,1731,8,-66,0,1 # comp 3x8 (3*4) r=12
-149687,-1748238,-3927082,2289648,9833002,587394,-4449017,-394212,2044009,1099788,-2058214,-931176,1150748,410718,-394003,-125484,102412,16812,-15269,-1020,1258,24,-55,0,1 # comp 3x8 (3*4) r=12
578985461,-705008730,-268591575,686689572,-650535555,-151517604,448555391,-49284000,-116351340,35382446,12882294,-8160336,1896735,1434942,-612018,-144760,88236,7560,-13698,-324,1386,8,-63,0,1 # comp 8x3 (4*3) r=12
16858018,-22214316,-143631774,77929244,311765331,-33027588,-219452774,1257180,139458441,8612776,-60678462,-3689244,19419349,993180,-4589178,-155656,687993,12492,-61870,-504,3243,8,-90,0,1 # comp 3x8 (3*4) r=12
-2971555689,88959855750,-93155309932,-151008135228,127816050900,10168960410,4363722919,-7109842560,-3073371101,162675744,82385110,81353808,-6318984,-223662,1734989,481056,136900,-29016,-3967,804,136,-24,-37,0,1 # comp 8x3 (4*3) r=12
12325648,39620832,-106905456,-144534688,269748408,56026656,-185046656,-502032,124145148,-16890536,-57351342,7319808,19001161,-1978800,-4536798,310976,684591,-24984,-61786,1008,3243,-16,-90,0,1 # comp 8x3 (4*3) r=12
-1787,76440,862716,6584,-13605420,3487488,74622961,-21565752,-32466081,22730612,-5080440,-9640992,6689679,2110296,-2060730,-266132,345975,20268,-35837,-888,2247,16,-75,0,1 # comp 3x8 (3*4) r=12
526375732,1308015392,-299133948,-1652982196,-1162835368,412935868,981445173,115860452,-262144427,-99729844,28742720,23864204,3201800,-3831900,-1238054,363340,186430,-18876,-22476,760,1816,-16,-71,0,1 # comp 8x3 (4*3) r=12
-657,-4896,83103,368028,-2974778,324326,32996140,-6093678,-15771698,6642718,-2152344,-2950588,3387494,688478,-1142794,-93468,213193,7800,-24943,-388,1777,8,-67,0,1 # comp 3x8 (3*4) r=12
-9267640,212996172,-1070014530,-2426446824,7289577444,470954964,-973897258,-299420424,-448398609,32366656,74313162,7648272,-2916798,-858660,55872,124456,98721,-7776,-8460,312,612,-8,-42,0,1 # comp 8x3 (4*3) r=12
13204779043,-8263697892,-76440978417,2795217180,87275826300,-7696808820,-22193358304,3564596028,-1777898667,-441283760,313163076,-26520900,12424149,1747044,1062240,-89060,-45903,15876,-10608,-408,-90,16,-15,0,1 # comp 3x8 (3*4) r=12
6309,71334,-235638,-269364,1017990,-372318,-331885,108792,8325,127656,-225078,-104064,151524,21930,-67287,7480,25596,-2376,-5437,228,630,-8,-39,0,1 # comp 3x8 (3*4) r=12
-29817259,286749168,-47795520,-4707528144,6840752664,926191824,-841701226,-588392928,-450813381,66189104,85531968,15101280,-3846132,-1706880,129420,248576,95751,-15552,-8376,624,612,-16,-42,0,1 # comp 8x3 (4*3) r=12
12325648,-39620832,-106905456,144534688,269748408,-56026656,-185046656,502032,124145148,16890536,-57351342,-7319808,19001161,1978800,-4536798,-310976,684591,24984,-61786,-1008,3243,16,-90,0,1 # comp 3x8 (3*4) r=12
2720604,66889032,-175612800,-166870916,309371508,46566012,-261722269,42375084,197210637,-41374916,-96669522,14534028,32395156,-3160572,-7160316,407060,978882,-28980,-80890,1080,3900,-16,-99,0,1 # comp 8x3 (4*3) r=12
-57296,-466560,-897488,996832,3373728,727520,-1328392,-118016,562492,-129112,-803800,5128,477711,55428,-176171,-41740,53884,7644,-9479,-568,916,16,-47,0,1 # comp 3x8 (3*4) r=12
6309,-71334,-235638,269364,1017990,372318,-331885,-108792,8325,-127656,-225078,104064,151524,-21930,-67287,-7480,25596,2376,-5437,-228,630,8,-39,0,1 # comp 3x8 (3*4) r=12
493725508,627746512,-870031884,-879078608,-703050718,229218218,837727515,52591546,-227443505,-49707140,22111022,11973022,3715358,-1918140,-1291829,181838,188797,-9438,-22560,380,1816,-8,-71,0,1 # comp 8x3 (4*3) r=12
24458798,14523348,-103797474,-44638380,113371123,54058520,-1767118,-28043492,-34928309,2027748,8140410,1268140,-910465,-307704,-16448,48200,25759,-4380,-2924,224,307,-8,-32,0,1 # comp 8x3 (4*3) r=12
5046156,-2370672,-32564970,631590,53606517,1949658,-43173181,-3581388,24905088,2829612,-11421969,-1245900,3870291,359856,-1011198,-72874,195507,7722,-23563,-396,1656,8,-63,0,1 # comp 3x8 (3*4) r=12
28404032336,-38948083792,-152432838912,38519168510,81720862925,-2505602858,4160051913,1844853956,-1773056210,-5508076,-98953183,-20902732,-3559849,-439584,1292500,-113978,114223,8214,-1809,-212,-98,8,-29,0,1 # comp 3x8 (3*4) r=12
5046156,2370672,-32564970,-631590,53606517,-1949658,-43173181,3581388,24905088,-2829612,-11421969,1245900,3870291,-359856,-1011198,72874,195507,-7722,-23563,396,1656,-8,-63,0,1 # comp 8x3 (4*3) r=12
2245111,-16069680,-79030532,41705772,143258803,-15077464,-98526788,3305196,67626613,2794936,-30267284,-1557868,10500647,574412,-2790958,-108744,466093,9888,-46374,-448,2683,8,-82,0,1 # comp 3x8 (3*4) r=12
-4225234544,-48914706240,-120997998576,138346541088,211691498976,-9884244192,-5301055128,6396120528,-4758899328,-216651880,106584108,-70307832,-4154759,1590780,1635711,-431324,191010,22932,-8077,-648,426,16,-45,0,1 # comp 3x8 (3*4) r=12
317644,30345296,-47803580,-29739260,32406220,18460,-33493857,6824564,39072265,-7993524,-24550838,4254644,10454592,-1323660,-2843864,214876,470950,-18588,-46986,856,2728,-16,-83,0,1 # comp 8x3 (4*3) r=12
-1339725,26469610,-127022221,-52389716,181033731,15237628,-157653103,9189972,112789126,-10740406,-53930096,4193356,19169267,-1044986,-4630756,149820,691336,-11724,-62400,484,3286,-8,-91,0,1 # comp 8x3 (4*3) r=12
-767,8706,96492,-717940,-4909305,-343740,73970353,10423524,-30279216,-11482798,-6779937,4862652,7124706,-1059378,-2113569,133234,349242,-10134,-35921,444,2247,-8,-75,0,1 # comp 8x3 (4*3) r=12
7630715,242602128,1820388576,4458307536,3212272230,-707862780,-161404460,569786424,-251195630,-69679956,60781418,-15393240,-3494544,1352064,344420,-264120,50767,18108,-4344,-768,340,24,-34,0,1 # comp 3x8 (3*4) r=12
13608644737,1356196624,-48134176917,-1793172782,49264438926,2578361182,-13634847565,-1200743886,-1269712331,153984248,177999410,10315804,14781152,-621554,813596,3924,-61469,-6684,-9590,148,-200,-8,-7,0,1 # comp 8x3 (4*3) r=12
-6685208,98874676,-247985010,-1120164632,2223711332,130420268,-159060522,-140328872,-139574345,13091488,14135546,3770080,-910630,-189204,208624,60536,34177,-4632,-2172,200,124,-8,-26,0,1 # comp 8x3 (4*3) r=12
246717857,-1664492742,-28052571,2826925488,-1837249467,-782125416,1810619023,-205546872,-517558100,202567794,56278682,-50343444,5407131,7599054,-2217790,-683052,327328,34956,-33738,-1308,2302,24,-79,0,1 # comp 3x8 (3*4) r=12
-57296,466560,-897488,-996832,3373728,-727520,-1328392,118016,562492,129112,-803800,-5128,477711,-55428,-176171,41740,53884,-7644,-9479,568,916,-16,-47,0,1 # comp 8x3 (4*3) r=12
2764054,-17828704,-70542710,23089360,74898526,-5665238,-71687109,-2066506,52991719,4084536,-26858954,-2140018,10695882,663660,-2875823,-107606,473425,9294,-47070,-428,2728,8,-83,0,1 # comp 3x8 (3*4) r=12
-634787,-19842960,1758054,30689040,13749906,1944840,-18700172,-2576220,20620359,6492980,-12061194,-3244140,5400701,1132800,-1539120,-247280,281688,30420,-31974,-1800,2103,40,-72,0,1 # comp 3x8 (1*8) r=8
-5081639,-13124808,34728864,-817176,-63905940,15175296,58490252,-3259008,-18653616,-4932312,-3589188,3151872,3303734,-713160,-989712,91224,183480,-9504,-21580,720,1536,-24,-60,0,1 # comp 4x6 (4*2) r=8
-14613989,-42092320,151999222,-70657472,43108959,8331584,-64475436,11772096,63523384,-29719584,-35549766,15352448,13589491,-4923328,-3496468,889536,578584,-84000,-56922,3776,3127,-64,-88,0,1 # comp 8x3 (8*1) r=8
18201121,-40946940,3161580,-5687700,-638106,31380360,21567970,-4453200,-11238660,-6916720,-1814730,3754800,2413355,-812400,-839400,90400,172890,-8280,-21030,600,1524,-20,-60,0,1 # comp 4x6 (4*2) r=8
-1625834203699337,1682161219931116,15140209555307089,-9442395900186171,-2823906261637909,2812564760600127,189811703850569,-447789017080201,17574469267282,43255117803612,-4334431860546,-2701000956678,388216874863,107524166519,-19165065092,-2624443418,547158262,38660547,-9208920,-332842,89794,1534,-467,-3,1 # comp 8x3 (8*1) r=8
305002768,-524706048,25615776,-269580000,58785960,296443872,259883192,-16063272,-108761223,-76035072,-10666812,29905992,14043010,-4398552,-4039320,333288,632643,-20088,-56736,1008,2970,-24,-84,0,1 # comp 4x6 (4*2) r=8
-2339568,-49027968,29579760,45121728,-77100984,14565792,62710004,-5943408,-19298295,-84960,-1801338,697968,2390001,-333552,-689034,64864,128796,-9648,-16066,864,1257,-32,-54,0,1 # comp 4x6 (4*2) r=8
-15706224,30792960,71445888,-33381504,-119694996,-21161088,81215136,18145296,-20280915,-6587040,-3309930,1080432,2940193,46224,-793530,-44320,138672,9072,-16614,-864,1269,32,-54,0,1 # comp 6x4 (2*4) r=8
103982831,-181726692,-33763299,-193083016,-87631671,139284558,274530318,29770188,-115472412,-67494196,262284,26470416,8198397,-4107096,-2629368,327992,454407,-20538,-44796,1092,2553,-28,-78,0,1 # comp 4x6 (4*2) r=8
-3424240174131,1065195957159,15440092534773,-20496495308400,4524100147459,10024972106502,-5766515631500,-1732974923139,1965176398090,174015727809,-338478620283,-13836773379,34260780529,1024936059,-2158374575,-59882625,86281072,2269353,-2173986,-50694,33271,606,-281,-3,1 # comp 8x3 (8*1) r=8
-20815344,35489664,115728912,-9077184,-220887828,-12081888,189819168,-9655632,-59748363,15372672,-5009658,-7236336,5834437,1434000,-1578726,-164704,265032,15408,-28542,-1056,1857,32,-66,0,1 # comp 6x4 (2*4) r=8
9832644,245455488,158528232,36911088,-351690939,-97055424,404367546,-32984976,-135969501,63154352,-8527572,-24596208,11432977,3868560,-3071442,-329632,483009,22608,-45884,-1248,2571,32,-78,0,1 # comp 6x4 (2*4) r=8
40496,39336840,44778444,6105520,-50532324,-38536680,54648398,10092390,-16246299,8901440,-6665586,-5226150,4961707,1036050,-1471416,-111580,261636,9810,-28442,-660,1851,20,-66,0,1 # comp 6x4 (2*4) r=8
3472074,2105460,-5098842,8930124,-8376039,-7644420,16265760,-6080508,-9932526,5546184,867540,-2406012,568453,596904,-230832,-76244,62343,7812,-10170,-672,966,28,-48,0,1 # comp 6x4 (2*4) r=8
165736201,-40939596,-84876198,-302176536,-31560207,152944848,223559494,16516872,-99649386,-61806708,5544306,25265520,6057093,-3925800,-2337174,303840,435762,-18036,-44090,936,2541,-24,-78,0,1 # comp 4x6 (4*2) r=8
-3346910198667,9232781910039,4119215476068,-19104059322651,9515155220703,7764861559983,-6497438219672,-1285093825437,1923532590588,132097807399,-314828308626,-11643546735,31239182404,940963548,-1961619891,-56835815,79007607,2189091,-2020315,-49581,31542,600,-273,-3,1 # comp 8x3 (8*1) r=8
-113433244677353151,-18363321012458520,19248445590208047,66124259242436378,-10797907035375039,-27427933562817986,3780763260813881,5862490975536821,31181903401783,-528134207371227,-36849746613709,24969435778348,2660591760350,-688953111205,-91837762972,11560297255,1820655541,-118222275,-21741014,712236,154600,-2295,-604,3,1 # comp 3x8 (1*8) r=8
-3879927,-54863136,43595712,26103456,-107911044,13003776,101548956,7341312,-36329520,-9325856,-1877796,4234752,3425254,-946080,-992208,120544,181320,-12672,-21404,960,1536,-32,-60,0,1 # comp 4x6 (4*2) r=8
21730897,364071984,225093462,21221152,-383227743,-154252224,403429334,-9558144,-128329254,55501840,-12047322,-22408032,12377449,3602112,-3204990,-314560,493578,22320,-46270,-1248,2577,32,-78,0,1 # comp 6x4 (2*4) r=8
-6490419926427,21262618054485,12100635937546,-28974768570819,9863566744547,11057629950979,-6377773982252,-1709171582521,1803168485098,157721319265,-288506252422,-11634367103,28389729994,820466654,-1787093581,-48287801,72666997,1911639,-1883689,-45087,29932,570,-265,-3,1 # comp 8x3 (8*1) r=8
886056432712004777,1523131936781455146,-715256170892227052,-433125089035663238,190544470743591613,57363926099004736,-25475420724919053,-4555991687544547,2054616013551178,238172420335574,-107918114116670,-8503529867408,3827581664382,210326817248,-93191698912,-3605005277,1558447237,42144006,-17577874,-322197,127633,1461,-538,-3,1 # comp 8x3 (8*1) r=8
41266240,-29364480,-22065504,-148406208,-39566184,73697904,203704300,26773092,-90126495,-62020728,3268890,25462620,6291117,-3913164,-2366154,304056,435060,-18036,-44102,936,2541,-24,-78,0,1 # comp 4x6 (4*2) r=8
-71375056710773129,-41170475442947812,34422012828102349,56860169281962012,-21581553710970595,-26621422721169148,4746413860691035,5702027094886591,-34700009618153,-514552798142105,-33124247787567,24385405141852,2511109476048,-674143054173,-87793807826,11345603315,1751306389,-116674167,-21044800,708206,150904,-2297,-596,3,1 # comp 3x8 (1*8) r=8
6680064506541200875,-1277827614307989675,-2242801466185402125,353745324474318435,351137590303378200,-48006616173890763,-34419929336891379,3865056411646704,2282949958938996,-201202203748533,-105507404224905,7139941331205,3449402424000,-177494299635,-80184990075,3103955114,1317253152,-37486452,-14962043,298059,111981,-1407,-498,3,1 # comp 3x8 (1*8) r=8
48724153,-276985968,77196210,-85036832,-264049419,117885504,381604638,41225088,-139832166,-69638352,-4812102,26560608,10414197,-4144320,-2924934,344512,472938,-22896,-45490,1248,2565,-32,-78,0,1 # comp 4x6 (4*2) r=8
31592572,318488016,199328262,35003738,-250110903,-164723076,289185794,12549474,-90835659,45390170,-14332152,-19509378,12143569,3160038,-3194820,-275660,495333,19530,-46360,-1092,2577,28,-78,0,1 # comp 6x4 (2*4) r=8
13492103,30939720,-8308557,42613620,-42637716,-29319318,102783858,-22404984,-49569780,27602624,1353186,-11724972,3185491,2120916,-1140636,-199808,229938,14742,-26974,-924,1827,28,-66,0,1 # comp 6x4 (2*4) r=8
50368991,433302912,281235531,15497216,-257935386,-224869218,275287928,36571332,-79867992,38028396,-18470076,-17542056,13147837,2925216,-3331608,-262472,505932,19278,-46746,-1092,2583,28,-78,0,1 # comp 6x4 (2*4) r=8
-5202145111384,-31422710120932,-4962610266758,-1041089570407,-17481914177153,9410647219016,-2144981264784,-2089507647271,1452494819899,1171134461986,-649930322444,-168837009515,101168323569,12641973730,-7702142300,-569479463,315411427,15136422,-7080330,-205143,83239,1260,-470,-3,1 # comp 8x3 (8*1) r=8
163502641,53256912,-95176530,396735328,-115920231,-193752384,373645066,-61314336,-161273886,89286640,8171406,-33911808,6703641,5216928,-2364222,-404224,432486,24048,-43922,-1248,2541,32,-78,0,1 # comp 6x4 (2*4) r=8
188794816,349626240,19996896,136584960,24695064,-202346496,160891444,14415084,-70780647,46669176,-7555302,-19577772,9734013,3133980,-2880042,-258840,476916,17172,-45646,-936,2565,24,-78,0,1 # comp 6x4 (2*4) r=8
187821,3900960,1416915,1426824,-17082858,1718430,32438896,-12158916,-17688252,9172716,564936,-4025616,1244885,866040,-459144,-102872,104388,9702,-14822,-756,1227,28,-54,0,1 # comp 6x4 (2*4) r=8
17713457,-65582892,79303378,-63346934,52430101,-25961426,16407003,-8234767,2541682,-2104240,184852,-470852,183522,41900,4946,10993,18019,-4614,-4972,-15,625,39,-34,-3,1 # comp 8x3 (8*1) r=8
-32160661176950783,-17907796240826567,34980219195325435,4103222679473709,-42400378618117234,-20593056272930993,6809156398912867,5007840334508972,-196384865996948,-466094815642819,-22876204887309,22461090094259,2086007442948,-626638367061,-76377563153,10630014406,1557741766,-110629476,-19089289,683425,140257,-2263,-572,3,1 # comp 3x8 (1*8) r=8
-2657744,-21627936,29897136,11141712,-43004928,20726136,32097780,-10645020,-8099679,1363584,-3136410,502956,2336393,-253404,-687834,49464,130740,-7236,-16242,648,1257,-24,-54,0,1 # comp 4x6 (4*2) r=8
20368336,-68473728,9463008,-19446768,-33952896,44469792,72655644,2426976,-32198712,-17647260,-2097588,8173944,3947405,-1539216,-1294170,152496,246123,-12204,-27708,792,1839,-24,-66,0,1 # comp 4x6 (4*2) r=8
376848,14421600,11041200,7502352,-46565016,-6534504,79945492,-13264236,-34915359,20332944,-1148334,-9215172,3564657,1672956,-1226958,-162216,238164,12420,-27390,-792,1833,24,-66,0,1 # comp 6x4 (2*4) r=8
-5380016,-41621952,85764336,-37466144,-85209384,78346512,88162484,-23973336,-14190615,-22332848,-19747218,11142168,11775577,-1807608,-3192786,158192,498492,-11160,-46570,624,2577,-16,-78,0,1 # comp 4x6 (4*2) r=8
78249005,350332080,118361379,68253808,-169537638,-172327050,271431852,2324532,-96341076,51677668,-10203924,-21283752,11074761,3403008,-3046032,-288680,485232,19782,-45966,-1092,2571,28,-78,0,1 # comp 6x4 (2*4) r=8
35676985,221155032,120924843,-63098700,-114508764,-116518878,98694470,33215952,-26595948,5780656,-8948454,-4740036,6185367,1111404,-1640244,-132944,275190,13230,-28938,-924,1863,28,-66,0,1 # comp 6x4 (2*4) r=8
-26045199,274503600,356786181,34495524,-398546523,-202066074,320635998,45942960,-77743416,30800728,-22901616,-15716484,14307229,2673972,-3488376,-249536,515859,19026,-47144,-1092,2589,28,-78,0,1 # comp 6x4 (2*4) r=8
10373224,52592688,15165708,14136132,-44001015,-33022728,76731086,-4743036,-32740281,17745948,-2235888,-8216964,3980613,1535652,-1299510,-152568,245925,12204,-27712,-792,1839,24,-66,0,1 # comp 6x4 (2*4) r=8
20248711,-114111984,44957598,49513324,-67019799,58845276,60616346,-17587080,-17874738,-2817416,-4424070,2549400,3686551,-703920,-1043856,95480,189585,-10836,-21778,840,1542,-28,-60,0,1 # comp 4x6 (4*2) r=8
-11692256704,-66255032416,-100156820704,-41658465384,-35594708184,-16763818618,19495588961,-2854647697,8316013348,3509902269,-3841594530,-1465755407,979420677,211483924,-139433690,-12534152,10964722,246222,-493279,4773,12766,-261,-176,3,1 # comp 3x8 (1*8) r=8
776809024,-4692373088,5283201488,-1109379088,5699468288,-2934679232,-4229428712,-3478362120,3448438228,2708094914,-1672273787,-734345281,441235782,99345469,-67854974,-6518751,6148021,131628,-322743,4901,9616,-251,-152,3,1 # comp 3x8 (1*8) r=8
-5878853521727,4769645486043,6335402467455,7450660826723,-2537911318653,-6819966345597,-1858212323802,3281610914445,1408657698138,-1190970107448,-538089101505,174168275487,83773324240,-13412974761,-6616014333,600376284,284546625,-15509568,-6662607,206064,80334,-1270,-462,3,1 # comp 3x8 (1*8) r=8
192334592,-680029056,267633984,-1020992,-124903488,314432160,219377012,-53912838,-70498803,-37287768,-18353076,17342094,13019185,-2939958,-3312708,262220,506634,-19278,-46734,1092,2583,-28,-78,0,1 # comp 4x6 (4*2) r=8
-7253360,-29518080,56543136,7261056,-151030692,-5883840,165565760,28279632,-62170635,-24332576,-1894038,9948720,4816977,-1828752,-1408350,190048,250152,-15984,-27882,1056,1845,-32,-66,0,1 # comp 4x6 (4*2) r=8
264391365070881,1007682099733476,1036721512321785,52525464467718,-563874324404339,-287955126479238,56465037609845,72946277065261,5048300249509,-8272558312805,-1497039562815,506982753306,135647664004,-17761248799,-6707181538,342468947,204040537,-2645619,-3943206,-20780,47512,547,-328,-3,1 # comp 8x3 (8*1) r=8
186505,-912240,366564,-475404,-733380,1350576,2615450,-41472,-1586406,-1254480,-304248,853056,554851,-219744,-259680,29808,68676,-3240,-10662,288,972,-12,-48,0,1 # comp 4x6 (4*2) r=8
7910401,107310780,75160266,42675000,-144405591,-68670576,213568414,-7508376,-74217882,47428356,-9135582,-19881792,10024213,3112920,-2918742,-259200,475746,17172,-45666,-936,2565,24,-78,0,1 # comp 6x4 (2*4) r=8
-11222501,-52938420,115868661,-40087360,-161733783,85273650,156999830,-21004020,-37045116,-29275780,-18363684,13969560,11914933,-2256000,-3198888,197560,497439,-13950,-46516,780,2577,-20,-78,0,1 # comp 4x6 (4*2) r=8
-73635824,-43246656,369012432,-156834096,-426040452,243286488,259290424,-88736148,-31400931,-9737208,-34597494,10005300,16467933,-1871460,-3784794,191880,537792,-15876,-48010,936,2601,-24,-78,0,1 # comp 4x6 (4*2) r=8
413878336,-546846720,-107643552,-444679424,-22741536,351755712,401788216,11856096,-165211080,-98581280,-2736090,37020312,12983913,-5400276,-3868440,402500,619362,-23688,-56234,1176,2964,-28,-84,0,1 # comp 4x6 (4*2) r=8
-891615356289,-535720524087,6923768920327,14380369063458,6468556309847,-7211919980422,-6424326195239,1349054521927,2157022219618,-151661658229,-373528688413,14364326363,37846450414,-1192130177,-2370317929,70364480,93731224,-2586117,-2328091,55524,34993,-636,-289,3,1 # comp 3x8 (1*8) r=8
310592641792,3694023629184,-10281817412928,5609528785376,4971242830176,-4916915375760,-1366658025456,2577036344064,-297809638608,-576641660592,188731659396,55287584550,-35267716746,511764507,2813838099,-450799455,-81691851,28139658,-971522,-442020,41412,2331,-357,-3,1 # comp 8x3 (8*1) r=8
3634516,-65790900,56879658,64320886,-74308131,43584912,46553906,-29496474,-5673375,7607530,-4989060,-1107918,2954593,-63126,-790020,38780,140697,-7938,-16684,756,1269,-28,-54,0,1 # comp 4x6 (4*2) r=8
14077584,-102926592,22382784,41953536,-90185472,38511360,90271968,-68352,-32568528,-8867072,-1975824,4105728,3382840,-959040,-982848,120256,181860,-12672,-21392,960,1536,-32,-60,0,1 # comp 4x6 (4*2) r=8
-6680921176313,-7562799356643,19599905937198,25711926478907,5427990696333,-11506144226307,-5744665328928,1866547946955,1848899346462,-176375246181,-310406318028,12985982403,31119255268,-906662778,-1964069709,52775991,79259607,-2050365,-2025831,47271,31584,-584,-273,3,1 # comp 3x8 (1*8) r=8
-7167411,-16203348,43987464,4915764,-89322942,7651560,82429258,2928912,-28030698,-6995968,-2755914,3725232,3373115,-826560,-993768,106064,182310,-11088,-21502,840,1536,-28,-60,0,1 # comp 4x6 (4*2) r=8
28451313,-42518520,-15881076,-22416768,-8408826,37966104,38626644,1079568,-20442393,-11032608,648,5209776,2119084,-1094400,-774456,116784,165975,-10152,-20660,720,1518,-24,-60,0,1 # comp 4x6 (4*2) r=8
1815300,3327660,-2504286,9624678,-11592459,-5784828,30145430,-11810274,-17880399,10157322,1033824,-4541166,1041285,980826,-411276,-111860,99645,9954,-14548,-756,1221,28,-54,0,1 # comp 6x4 (2*4) r=8
-372545,-5658660,5257161,1673000,-25069203,-3075786,36163882,10681524,-17715240,-7858564,174096,3434760,1439665,-752976,-503712,93800,109323,-9450,-15092,756,1233,-28,-54,0,1 # comp 4x6 (4*2) r=8
-27534800,69284160,206974416,33300816,-181941804,-142478424,91408840,65291292,-4719099,-10091064,-17338794,-695772,8046605,484308,-1925814,-86040,298320,10692,-30022,-792,1881,24,-66,0,1 # comp 6x4 (2*4) r=8
6908461,17631180,3671760,34789596,-3725538,-22766760,77728586,-1657584,-31149822,42794304,-5011374,-17722224,10059355,2538720,-3558504,-185328,598938,10368,-55662,-504,2952,12,-84,0,1 # comp 6x4 (2*4) r=8
-1730199,7966512,19772064,5704464,-23543580,-18954624,20763412,8090112,-4017456,2196688,-4890948,-2059008,3197654,480240,-983472,-61136,185280,6336,-21700,-480,1536,16,-60,0,1 # comp 6x4 (2*4) r=8
9243801,102471480,129891600,-49738968,-85979340,-94003200,38077956,47926080,2709000,-9291624,-10604100,519840,4977814,225720,-1255920,-56232,209520,8640,-22756,-720,1560,24,-60,0,1 # comp 6x4 (2*4) r=8
18225956,47682048,-16816560,18714176,-49344780,-28676736,80231568,-18561504,-38243331,17902016,1168908,-7120608,2376906,1441440,-791784,-154912,163275,13536,-20496,-960,1518,32,-60,0,1 # comp 6x4 (2*4) r=8
111559428,224006832,14341320,56453856,4047888,-133115112,96522748,12582216,-44041947,27062472,-5269152,-12195000,6606058,2150208,-2008176,-195624,352239,14472,-36116,-864,2190,24,-72,0,1 # comp 6x4 (2*4) r=8
260404,-11572272,7184424,2847912,-21968292,5701968,27273176,2321784,-11914596,-4501644,-771432,2342592,1575377,-554184,-542598,72864,115503,-7884,-15436,648,1239,-24,-54,0,1 # comp 4x6 (4*2) r=8
896809,2500080,-433686,7333660,-7300659,-4388940,28403690,-6390720,-15746760,10983640,446874,-5545920,1526791,1098600,-668880,-112240,153945,8820,-20146,-600,1506,20,-60,0,1 # comp 6x4 (2*4) r=8
14062639,-78488976,132400937,-112087952,92070871,-57752882,29702699,-18311083,6460591,-3758887,1431719,-511528,344654,-3471,26890,-13517,6709,-3519,-2184,64,436,17,-26,-3,1 # comp 8x3 (8*1) r=8
27635624,-56354880,-1772328,-113541760,-42044388,62550720,216642168,17942160,-87557646,-74293680,-1947450,29566560,10406825,-4228260,-3564984,308500,597174,-17280,-55562,840,2952,-20,-84,0,1 # comp 4x6 (4*2) r=8
-476159,-24671880,22488900,2601408,-45633390,15780600,50749396,123120,-19072425,-7300416,-2459400,3901680,2915284,-839520,-920760,99792,177495,-9720,-21276,720,1530,-24,-60,0,1 # comp 4x6 (4*2) r=8
39056643360879817,27515627564520786,-15450932294641749,-11579835947508575,2823522337200753,2455685359923573,-331487761652979,-346371325375419,36900988621602,32266498017726,-3274434007512,-2190587044446,272477068083,92449028211,-14229471342,-2332670016,430452558,35275449,-7663880,-312456,78888,1494,-435,-3,1 # comp 8x3 (8*1) r=8
-378999070432256,8787024895173376,21436526051887552,8512691692785408,-4265301855242112,-2973412605415664,314235077559768,483034397807620,14631666088855,-46340225451385,-4711809968205,2835561504808,423414372613,-111248721129,-20607416932,2693195675,580154266,-39413277,-9632748,336899,92671,-1540,-475,3,1 # comp 3x8 (1*8) r=8
11868025,-486158400,485056275,1680,-369325230,305129370,280718164,-81832212,-59829300,-21854420,-27810852,13573224,15346433,-2440704,-3623424,236264,526752,-18774,-47526,1092,2595,-28,-78,0,1 # comp 4x6 (4*2) r=8
-7907007,23989536,78094080,35975184,-71900760,-73323264,53688292,28170624,-2125920,7807536,-16929912,-5694720,8930630,1073184,-2371392,-110288,379608,9216,-37340,-576,2208,16,-72,0,1 # comp 6x4 (2*4) r=8
177503224,411760368,89139660,91276788,14591745,-219480192,149067710,26425332,-61305093,41587476,-11630544,-18050580,10749989,2931372,-3022074,-247608,487221,16956,-46036,-936,2571,24,-78,0,1 # comp 6x4 (2*4) r=8
-9046049,-47206488,-33512724,530752516,176843763,-575014104,381907852,121249884,-157070139,28202888,22914612,-4109868,866479,-674772,-623598,306712,162717,-39816,-22606,2352,1731,-56,-66,0,1 # comp 8x3 (4*1) r=4
806248949,2445246558,1357172193,-1663146924,-1732427787,284769900,834884335,188219808,-207424716,-107885274,29193246,24191568,940007,-4294026,-492138,432936,83268,-22680,-13474,972,1386,-24,-63,0,1 # comp 8x3 (4*1) r=4
2458869076,-11179056784,14151612052,-2426567472,-5985872046,1505063798,2531988199,-836324370,-596539337,192491348,101811642,-32438350,-2387022,7369628,404423,-787710,529,42126,-5696,-1876,1012,56,-55,0,1 # comp 3x8 (1*4) r=4
1933480960,-8530922368,10008629296,-3274046016,-1577354700,1137326720,2112577360,-642630144,-175607480,258064736,225897468,29598080,-15654384,-2963104,1438700,679680,5557,-48288,-2804,2048,340,-64,-34,0,1 # comp 8x3 (4*1) r=4
-651991612,-9034041168,22352254196,-8038910448,-9681908238,3147956838,4710897515,-1739970954,-1149659825,488336580,198063102,-97936398,-9548322,16737660,142171,-1596222,125677,84942,-20320,-3420,1816,72,-71,0,1 # comp 3x8 (1*4) r=4
10603303,-108083920,280968671,-135728796,-128038290,55654858,45105636,-23293522,-12129146,13879642,5087160,-1783012,-128786,813666,124630,-113372,-3695,12768,-1407,-1148,457,56,-35,0,1 # comp 3x8 (1*4) r=4
-32770618176,128725661712,104117277308,-250151428728,94365639741,19403340552,18655344235,-12021523320,-3153046508,381008856,532744057,156265848,-18812289,-215664,2637896,953040,114463,-58032,-3211,1608,136,-48,-37,0,1 # comp 8x3 (4*1) r=4
-29814237,-1918713258,928049283,-2086266852,-424610389,1317247596,1271048081,-208409940,-270598274,-57766410,42176672,9569340,-156869,1101474,-192980,-267012,98200,36180,-14944,-2340,1390,72,-59,0,1 # comp 3x8 (1*4) r=4
855906017,2560448550,1977182069,-622020168,-1135949283,16534512,485559167,152228328,-127386092,-37573074,18175866,8288172,768579,-2319798,94114,273252,-20720,-14436,-2026,636,694,-24,-47,0,1 # comp 8x3 (4*1) r=4
54003157,265592286,95582596,-503244072,19448587,185947920,94793417,-133834536,-22004912,41410566,10801567,-11683764,-2616070,3352518,166939,-534150,61114,52218,-14233,-2988,1363,72,-59,0,1 # comp 3x8 (1*4) r=4
3457369,-83839536,200785062,334851952,-36828681,-116777328,63981007,75055920,-17731020,-27461360,6136611,6754656,-1180962,-1955520,141489,312896,25746,-33120,-8411,2208,1005,-64,-51,0,1 # comp 8x3 (4*1) r=4
-554141,26543664,130588887,-177000068,-41937306,83348202,46156732,-55538490,-14259630,22110550,4756776,-6308484,-807402,1770930,47394,-279664,34521,28980,-8831,-1932,1005,56,-51,0,1 # comp 3x8 (1*4) r=4
-49693184,-74861568,15084160,-908838144,420274144,899743360,550874104,-192853440,-198213212,-45558880,31838410,8277760,-148447,-1856,-245998,-194304,88087,32736,-14586,-2240,1339,64,-58,0,1 # comp 3x8 (1*4) r=4
-245503467,-2437091280,-3093747030,-978159492,527510589,797627844,294706472,-125214660,-76461369,58326768,51502584,-3056724,-7076141,-821880,864156,219024,-27897,-28836,1200,1512,111,-72,-24,0,1 # comp 8x3 (4*1) r=4
-45128194,265717020,-318628914,253533180,159381763,-339145720,74355362,149140180,-73605989,-22390260,29858730,-4385660,-4013665,1404120,307264,-234280,9631,21900,-2252,-1120,307,40,-32,0,1 # comp 3x8 (1*4) r=4
22025080512,229044111984,95514686748,-92965814952,23379927909,11973343968,21628895039,-4930558560,-762137028,-142128144,421342185,85389624,-13847565,5018184,1994460,430344,81543,-42552,301,936,-276,-48,-21,0,1 # comp 8x3 (4*1) r=4
-15265984,-19945440,30178008,84240768,16449988,-250135056,232982992,60969264,-83166932,-8582976,-919854,8057808,7352537,-3240672,-2341558,640704,432283,-59328,-45394,2688,2683,-48,-82,0,1 # comp 8x3 (4*1) r=4
-245503467,2437091280,-3093747030,978159492,527510589,-797627844,294706472,125214660,-76461369,-58326768,51502584,3056724,-7076141,821880,864156,-219024,-27897,28836,1200,-1512,111,72,-24,0,1 # comp 3x8 (1*4) r=4
-43261232,123527040,-106349760,66655552,84791364,-152758944,42824712,61357440,-30007104,-8780688,13058724,-1858176,-1807891,583680,178536,-111904,4863,12816,-620,-672,111,32,-24,0,1 # comp 3x8 (1*4) r=4
-9461442,265964944,420540026,1044137584,-410284218,-624423002,645425543,101056074,-180590825,31204544,23195290,-1862126,1168022,-1540700,-719011,341334,177997,-38094,-23454,2212,1780,-56,-67,0,1 # comp 8x3 (4*1) r=4
2034138068,8243841672,9393969240,504583452,-4605377424,-797727420,1908117913,596087988,-452317103,-157589292,75921596,28709100,-1461084,-6330084,236918,679548,6418,-36108,-6060,1608,1012,-48,-55,0,1 # comp 8x3 (4*1) r=4
-473063058,-2388279060,-2534626194,-278229780,880159643,695993040,243776922,-38410380,-44021765,36299196,37539754,-4197852,-4173361,-242280,701840,89928,-19529,-21276,2076,1008,-29,-72,-16,0,1 # comp 8x3 (4*1) r=4
-27642843983,203113275984,-95496008197,70518059838,70565882046,-23287458798,-6022427965,10395010494,-378649451,-1885021272,848504770,-60185916,-19282288,4348386,3137516,5004,-120749,60156,-7350,-1332,-200,72,-7,0,1 # comp 3x8 (1*4) r=4
-60747086609,-123729278736,-29088598647,-21992805408,43507303593,14392469088,5031439481,-3441845712,383275725,717290096,468744096,25179936,-2045817,-3541632,1981671,-511744,-101460,-41472,-7290,288,-252,-64,9,0,1 # comp 8x3 (4*1) r=4
-27376349759,3641804600,7936772187,-9172864370,18669414678,-5825616910,3303329651,947432830,150606037,-8239320,141257578,3470380,6736896,4080210,947764,572180,-75557,25140,-7830,380,-80,40,25,0,1 # comp 3x8 (1*4) r=4
-806471,-2663748,78156234,84250116,-38233749,-55643508,33148191,39760740,-11228160,-17649300,3500859,5703048,-458170,-1562400,-34155,244080,42126,-24840,-9195,1656,1005,-48,-51,0,1 # comp 8x3 (4*1) r=4
-68806061537,-70952153072,751268433,13443900320,39270194085,14033373280,9394115261,-763271152,899360173,130842480,340443916,-13039360,3275919,-6338016,1687555,-932960,-78248,-40224,-6738,-608,-80,-64,25,0,1 # comp 8x3 (4*1) r=4
-29160000,-31695600,137561644,272217744,-211005084,-311687712,303899072,138472872,-69439844,-57156696,-20432856,23855616,15179792,-6083016,-4125601,887160,656581,-70344,-61420,2904,3286,-48,-91,0,1 # comp 8x3 (4*1) r=4
6186748,38256192,77853928,191955040,165833679,66639296,7852853,-22922816,-8879486,-5098816,4166087,460576,224295,-337632,-10100,54752,-9407,3936,511,-928,226,64,-23,0,1 # comp 3x8 (1*4) r=4
-45501996041,140061196496,-48270600909,38269299952,51356293548,-16522371760,103919732,5829944752,-34817483,-1106287872,568929100,-42032624,-6203007,3338064,2270320,272720,-107423,46128,-7392,-736,-254,64,1,0,1 # comp 3x8 (1*4) r=4
-268589504,-402065792,6774263760,-7346051264,2106928244,-842313856,1807404624,-764738048,128470264,12161824,131022908,-3466880,-1920832,-1367520,714220,-35584,5221,19488,1164,-256,-188,64,-2,0,1 # comp 3x8 (1*4) r=4
198777953,-243309522,1209670125,-467368032,1922721501,-103261800,1128130943,-102658248,-68024868,-44808778,-32113134,2497140,3382851,230874,30618,-21748,-56952,3348,4950,12,-18,8,-15,0,1 # comp 3x8 (1*4) r=4
1012857085,-6444392320,7158068064,492013376,-1111269520,666170560,2224954230,-81379072,-33328373,159264704,177628736,19766144,-10664164,-918912,1223932,456064,-7025,-37056,-408,1600,124,-64,-26,0,1 # comp 8x3 (4*1) r=4
-127990512,552248640,-520924320,140677728,179176164,-312141456,106995992,92124000,-48083424,-21385272,25643604,-1302624,-3491891,774720,389496,-161136,-5217,19224,-60,-1008,111,48,-24,0,1 # comp 3x8 (1*4) r=4
-19704867,-22043616,19617434,36550860,32231333,41705460,18134728,-7112604,-3419009,908904,3434320,88740,-363885,-84792,79948,9120,4999,-5580,264,168,-113,-24,-8,0,1 # comp 8x3 (4*1) r=4
123343138671,-156714586590,-7652224396,12127512852,-4973476524,-5184316458,7030479527,841622232,313998307,225502920,62407878,-16378848,-8485224,-3445530,734461,-16536,88540,17568,-607,-132,-464,24,-5,0,1 # comp 3x8 (1*4) r=4
128760119879,53020549978,-59276671524,-6500038460,-5290012540,1694178974,3738776271,-391734632,274038811,-76065080,-51866698,5664448,-7780864,1146030,547573,5960,89812,-5856,-831,44,-464,-8,-5,0,1 # comp 8x3 (4*1) r=4
1322236672,4127375488,3693734928,-465664640,-1965718384,-137452288,831253488,244928992,-205379336,-53232704,31959356,10707616,509012,-3096144,175489,362768,-22715,-19248,-1830,848,694,-32,-47,0,1 # comp 8x3 (4*1) r=4
81721459616,-370175977280,332562451284,-101384790368,15864114041,-15998494048,29742917847,-3877990688,596225032,553534240,846815513,-32411168,-13085149,-9324480,2019316,-19456,79795,46848,933,-352,-464,64,-5,0,1 # comp 3x8 (1*4) r=4
-129097117,242257800,2970831264,1307445600,29050062,-355775820,808868996,225313560,-30151230,-39094820,59939370,-11374920,-3034776,-57960,498852,-187880,10791,17820,-264,-720,-36,40,-18,0,1 # comp 3x8 (1*4) r=4
51132204656,-298616938984,201321145116,8002346982,8522336349,-13137471970,26006876233,1139192124,20343610,354179924,612742241,-62895532,-14404809,-7450072,1986584,-248850,76303,44142,879,-700,-398,56,-13,0,1 # comp 3x8 (1*4) r=4
-15877711559,33228089570,-24009779727,12946207690,38484779607,-9344592220,-4726126879,3875372350,-593959313,-577174350,286638130,-33745910,6350625,2369040,1284829,159530,-85076,28830,-8484,-460,-254,40,1,0,1 # comp 3x8 (1*4) r=4
-86267568,-262042432,255812588,1045516352,-198121500,-847942144,657270104,268100064,-215244188,-69227744,6144436,30416000,12111692,-7911328,-3721477,1170336,628777,-93792,-60636,3872,3286,-64,-91,0,1 # comp 8x3 (4*1) r=4
51132204656,298616938984,201321145116,-8002346982,8522336349,13137471970,26006876233,-1139192124,20343610,-354179924,612742241,62895532,-14404809,7450072,1986584,248850,76303,-44142,879,700,-398,-56,-13,0,1 # comp 8x3 (4*1) r=4
-25582961633,141225343792,-71252687535,50674267744,68236925277,-20759285216,-7575823195,9331754928,-601858907,-1581767920,708405356,-59667008,-12118777,4100512,2643683,-3168,-108152,53472,-7826,-1184,-200,64,-7,0,1 # comp 3x8 (1*4) r=4
-7812272,-2037440,-6885440,-9505184,24085424,35525792,10223448,-14729520,-6777404,1214104,2508296,541232,-424231,-140080,51344,28608,6343,-4728,-80,224,-29,-16,-16,0,1 # comp 8x3 (4*1) r=4
-18598313,67526256,-11565668,-229120332,87011635,437792600,352603324,-105410508,-139166603,6710536,9762220,-8842036,6226919,3691604,-2174638,-742392,419725,69216,-45030,-3136,2683,56,-82,0,1 # comp 3x8 (1*4) r=4
196720987,1844664880,5175789856,5736369840,1562996358,-1047357860,490622740,793295880,-237914894,-129444620,109782378,-23573480,-7075632,2136640,662756,-435720,37615,30180,-3896,-1280,340,40,-34,0,1 # comp 3x8 (1*4) r=4
52443122643,-130752890586,-80858481696,71494845960,35497012344,-5961936042,9315075131,3581587260,-813769425,87699204,14395350,-45160776,-6997800,-2438622,1272993,-219708,94908,21276,-455,-468,-276,24,-21,0,1 # comp 3x8 (1*4) r=4
-13696409537,-12448131720,-10032912759,-4253285520,23719316073,5432279472,-1783771927,-2039188200,-401021139,262570936,163395408,18817680,9195447,-1995456,909879,-245120,-82020,-20736,-8634,144,-252,-32,9,0,1 # comp 8x3 (4*1) r=4
287376,11811744,68506764,164424032,-161990268,-107524992,166221008,14533968,-43968852,3279440,-2218416,2962512,4848820,-1581792,-1605921,298144,304485,-28800,-34228,1488,2226,-32,-75,0,1 # comp 8x3 (4*1) r=4
-9239,-52722,-74930,5240,250842,331558,173279,-162148,-198527,-86228,64346,92600,6756,-34014,-7643,3316,4012,492,-1253,-116,226,8,-23,0,1 # comp 3x8 (1*4) r=4
1154540789,5096484690,5287164369,-1317656820,-3742299291,-84483660,1605306959,447429600,-389156748,-185709430,61866990,39354480,-946569,-7120710,-252378,717080,73332,-37800,-13026,1620,1386,-40,-63,0,1 # comp 8x3 (4*1) r=4
-108350,-1599180,-15853214,-286464900,-40069805,214485340,217614346,-30453540,-78330215,-24353560,10884802,4795300,609557,26140,-402778,-132360,106105,20460,-15678,-1400,1339,40,-58,0,1 # comp 3x8 (1*4) r=4
554949,2693880,3684156,-1275768,-6817364,-2845120,5271601,4459752,-2002817,-3118580,237288,1290080,153215,-357544,-79162,56100,26239,-5628,-5629,440,703,-16,-43,0,1 # comp 8x3 (4*1) r=4
-225869,4610880,42325527,34353820,-30530922,-34137150,23621740,27413070,-8646438,-13863170,2394600,4961100,-144186,-1333350,-103158,206480,48561,-20700,-9503,1380,1005,-40,-51,0,1 # comp 8x3 (4*1) r=4
1416793,-13804098,36198238,-100198280,95088474,-41954794,5234543,16519804,-6881711,3825164,3121082,-461384,122100,281778,-9515,-42028,-6212,-3444,91,812,226,-56,-23,0,1 # comp 8x3 (4*1) r=4
-596253219,-2177237088,-1869296950,346955364,1161199829,585313020,174925960,14880204,-21838193,21407256,30257200,-4847796,-1937805,-72936,597484,-8928,-7097,-16740,2280,504,-113,-72,-8,0,1 # comp 8x3 (4*1) r=4
-23487842951,27218974980,-9316944849,6545891610,27795861366,-7208135730,-506990689,2476666290,-260618331,-350829320,221232702,-22062480,7063140,2441670,1110840,308920,-85665,25920,-8382,-180,-252,40,9,0,1 # comp 3x8 (1*4) r=4
5688477,38961216,127856790,239968344,219993136,23773876,-38248904,-13494852,7790491,14719880,4832844,-1761452,-1260049,-59528,267884,151872,1378,-26628,-5848,1960,733,-56,-40,0,1 # comp 8x3 (0*1) r=0
99308304,-25070592,-36883968,-50598976,76460064,37721472,6902976,-5441856,-12326208,-10692832,-540576,5176032,4010792,-890976,-1660224,75856,329244,-5040,-35232,288,2172,-8,-72,0,1 # comp 4x6 (4*0) r=0
2164088,-7366352,37000256,-44425948,106796718,-23533132,-13161281,40858720,517657,-1059324,4278405,719068,447740,192108,-69362,-35728,-7631,2100,1261,392,67,-56,-8,0,1 # comp 8x3 (0*1) r=0
18755053,-1197888,-41955680,37190720,50075934,-70147136,13647710,38722304,-3388985,-58304,3260984,27776,-983088,-552192,166852,227200,24355,-34176,-9248,2368,1018,-64,-50,0,1 # comp 8x3 (0*1) r=0
141128740,-8491440,-66293736,-73029184,54216936,41930808,28726780,-5100504,-20047395,-11427736,2358240,5509320,3265722,-948288,-1543536,79288,320775,-5112,-34868,288,2166,-8,-72,0,1 # comp 4x6 (4*0) r=0
26667496,13330560,91701000,-12736,45116940,-21469440,-57220520,10548720,32293290,-1988944,-13765230,98880,4924089,39180,-1252920,-9524,212490,1440,-22970,-120,1560,4,-60,0,1 # comp 6x4 (0*4) r=0
12960000,0,8418816,0,31739904,0,-16466688,0,5048640,0,-3221184,0,2254816,0,-833280,0,174960,0,-21184,0,1524,0,-60,0,1 # comp 4x6 (4*0) r=0
8931625,-43974000,96342000,1374000,-21698700,71673600,-8164700,-35884800,16550280,7031920,-12116580,-348480,4945766,-150960,-1255920,37904,210960,-5760,-22884,480,1560,-16,-60,0,1 # comp 4x6 (4*0) r=0
428445,65448,1198971,-564636,-259538,278586,121412,1609554,1016458,-2197458,-1143288,1675260,949810,-642378,-411070,142188,103987,-16920,-15123,1020,1255,-24,-55,0,1 # comp 8x3 (0*3) r=0
639737731,-2396257992,4776177132,-4297595940,1318520943,515700648,-295274520,-183230748,209623071,-77704056,9346968,5690628,-1402167,-1016172,391218,-4968,-31227,6480,2482,-432,93,72,6,0,1 # comp 3x8 (1*0) r=0
72012196,0,-32471592,0,42360216,0,10360700,0,-10033875,0,1013088,0,3315914,0,-1556592,0,320775,0,-34900,0,2166,0,-72,0,1 # comp 6x4 (0*4) r=0
303351889,0,300560232,0,577156908,0,-234902500,0,64749084,0,-35734188,0,17460022,0,-4542384,0,673044,0,-58212,0,2988,0,-84,0,1 # comp 6x4 (0*4) r=0
160779,584592,2251020,2004364,4547103,830328,4233064,1020444,3959967,306152,1894800,54636,869233,-56292,358386,-25784,90741,-3960,13514,-288,1173,-8,54,0,1 # comp 8x3 (0*1) r=0
369693,3021576,9772478,15859476,12097605,1134612,-4472944,-6998244,155251,-489024,1714620,-227844,84915,-78648,-15260,12192,-533,-1332,116,-168,79,24,-8,0,1 # comp 3x8 (1*0) r=0
137853153,576607896,1285102152,1413112824,672949380,-250979904,-277091876,-6172128,69657268,46434312,8525908,-5447088,-1631914,792792,442480,23688,-45920,-15120,764,1584,244,-72,-20,0,1 # comp 8x3 (0*1) r=0
42565117,-183928932,313209312,-88549044,110735382,210039480,-47466430,-67924656,49309722,-16809192,-47660958,10078992,20837955,-1605528,-4942728,136872,694962,-9504,-59014,504,3000,-12,-84,0,1 # comp 4x6 (4*0) r=0
16408257,123402312,403417200,630589752,366070476,-103298328,-169976676,-39341016,33973486,36151200,8030216,-5663736,-3433274,-63216,609116,222336,-25037,-35856,-4852,2520,718,-72,-40,0,1 # comp 8x3 (0*1) r=0
14156489,-47007732,116968818,-36985448,69369009,81905904,-47880786,-30061176,38587662,-6171884,-30742950,4427520,13759629,-769608,-3468006,71680,520890,-5436,-47418,312,2589,-8,-78,0,1 # comp 4x6 (4*0) r=0
7088581,6094920,13830450,907708,23588685,-7010340,-14982238,2781480,6460980,720120,-4543590,-625800,2677391,142560,-904560,-16760,180825,1620,-21482,-120,1530,4,-60,0,1 # comp 6x4 (0*4) r=0
8317184,-2344448,44085504,-5274368,51411584,5948672,10038624,12879808,2534344,3957232,2755268,343744,320273,235680,24424,13568,6331,-8304,-3420,896,499,-32,-32,0,1 # comp 8x3 (0*1) r=0
160919125,194383800,62420550,104932500,222037785,-129955140,6771050,22878288,-15698028,35110728,-16331130,-14934096,13560423,2201544,-4032768,-167040,635541,10044,-56906,-504,2970,12,-84,0,1 # comp 6x4 (0*4) r=0
2670463,3841524,4106340,3719956,15481215,-5394276,-1572038,1517616,904230,4903864,-5018472,-2446560,4933135,414216,-1804032,-36272,337203,2484,-35630,-144,2178,4,-72,0,1 # comp 4x6 (4*0) r=0
246304,3099904,14814400,32086720,28098824,2993440,-8708008,-15250624,169078,-467408,2981124,-361216,156961,-111360,-28952,15520,-1631,-1776,324,-224,79,32,-8,0,1 # comp 3x8 (1*0) r=0
18391721,-11976876,54333300,557692,41143830,14933832,-39750718,-6887568,20309424,735408,-9580938,207984,3953371,-81360,-1107816,12416,199770,-1512,-22374,120,1548,-4,-60,0,1 # comp 4x6 (4*0) r=0
1656988,-2123868,6395346,-424330,7473165,3709692,-6786178,-1827282,4081017,-126862,-2975712,280242,1683245,-77622,-581820,10988,123333,-1278,-15916,108,1245,-4,-54,0,1 # comp 6x4 (0*4) r=0
27934672,85475904,71962320,-2736736,18598956,-67751856,-800744,22923576,3410805,3795680,-9715122,-3389976,5398941,739176,-1544406,-82928,270576,7704,-28814,-528,1857,16,-66,0,1 # comp 6x4 (0*4) r=0
9086848,-28270080,50995776,-134976,8305344,38378592,-14548904,-17799264,11998212,1807776,-8790318,650952,3987609,-241020,-1111704,37188,198870,-4536,-22330,360,1548,-12,-60,0,1 # comp 4x6 (4*0) r=0
134848305,41332968,-55401516,88789332,77309544,-64437840,24979714,7579008,-21167862,16361592,293316,-7749360,4038475,1337328,-1656384,-113688,328920,7560,-35198,-432,2172,12,-72,0,1 # comp 6x4 (0*4) r=0
39873171,-3756672,-65993772,-84585672,59355706,120207132,8298428,-48363624,-861524,-5125356,8567502,-1095768,-2670392,1600056,247964,-455400,60559,54972,-15288,-3168,1378,72,-58,0,1 # comp 3x8 (1*0) r=0
9285277500,-53897673200,114690603659,-67070680256,27849996192,-3697840784,828662129,-2216482704,1980812539,-987386416,223439995,-19344128,-3560842,-1688000,1125716,-78816,-30905,16896,3990,-416,361,64,17,0,1 # comp 3x8 (1*0) r=0
22620477,-17189700,29158680,-6593684,72329091,15995172,-29189022,-4829304,9806952,-3764384,-9587160,2038296,6308351,-358296,-2011296,32792,355155,-2412,-36342,144,2190,-4,-72,0,1 # comp 4x6 (4*0) r=0
62252100,0,2389392,0,127082628,0,-16580064,0,-1857699,0,-8953308,0,10881898,0,-3697464,0,612411,0,-56128,0,2958,0,-84,0,1 # comp 6x4 (0*4) r=0
26142769,0,116573112,0,104534880,0,-91618740,0,50411148,0,-26652888,0,10464086,0,-2590272,0,399588,0,-38148,0,2220,0,-72,0,1 # comp 4x6 (4*0) r=0
7997462255,27331094070,37473094622,27960237750,14734392668,7147591660,3342139585,1889934230,977545045,356750520,202783033,36763160,38568876,2459010,5893531,-23540,645562,-16680,49392,-1340,2437,-40,73,0,1 # comp 8x3 (0*1) r=0
35607384,61376832,67962132,23173452,104503761,-53335296,-29006874,15186156,11822019,12152348,-17112312,-6036012,10425997,976500,-3027882,-82888,490029,5652,-46244,-312,2571,8,-78,0,1 # comp 6x4 (0*4) r=0
50022189,105362908,236551960,218943592,133676238,-54644240,-20808412,54624528,35544862,13284824,5407446,-95144,-25534,335356,64940,-27048,-13814,-1176,1484,280,46,-56,2,0,1 # comp 8x3 (0*1) r=0
156143844,92558376,-34623018,106177806,132634449,-87944832,25392486,11225790,-24278499,25204758,-3784860,-11195478,7308421,1771650,-2585868,-141012,459321,8802,-45032,-468,2553,12,-78,0,1 # comp 6x4 (0*4) r=0
164596,546144,1945576,1767712,2632404,-5645440,3122168,3892096,-2591636,-30448,844004,-85472,25836,-816,-284,8576,1501,-3120,-1076,512,274,-32,-26,0,1 # comp 8x3 (0*1) r=0
207425,886840,1582234,1397632,1460720,-591164,945122,-1241248,773617,-602348,302154,-149416,32932,-10440,2992,1528,604,-12,336,16,70,8,10,0,1 # comp 3x8 (1*0) r=0
942841,512688,-285366,1552076,2417325,-1324476,1325402,219168,-1160856,1862072,-395238,-1095072,1284919,221160,-655632,-22544,156105,1764,-20290,-120,1506,4,-60,0,1 # comp 4x6 (4*0) r=0
120947373,38004372,33231240,12153396,181613283,-27844932,-67140542,7045896,13697448,3675312,-8960952,-2004360,6138143,360888,-1986336,-32744,356019,2412,-36326,-144,2190,4,-72,0,1 # comp 6x4 (0*4) r=0
139191832,82516152,327176964,11357288,320190600,-67204560,-193819028,22675878,76141461,1639964,-36994896,-1887006,14746689,353118,-3592452,-33932,532602,2682,-47810,-156,2595,4,-78,0,1 # comp 6x4 (0*4) r=0
1421071,-503920,1092496,-428544,1810802,-747568,402400,-448064,489751,-68000,72480,-214208,98772,61536,-31040,-26176,14809,4944,-3568,-448,466,16,-32,0,1 # comp 3x8 (3*0) r=0
69282637,-23316204,26566323,-4273632,108813987,18295470,-48569320,-5349288,12346962,-1771684,-6442602,1159836,4045995,-236316,-1348572,23936,257577,-1998,-28236,132,1845,-4,-66,0,1 # comp 4x6 (4*0) r=0
49636881,27264600,4693059,-24952212,53046414,51941250,14964372,-37456830,3749814,4334562,-1886088,1147068,10330,-198666,201558,-73656,-17877,21708,-3059,-2052,627,72,-39,0,1 # comp 3x8 (1*0) r=0
8133904,0,32303616,0,16188720,0,-29123000,0,19977948,0,-9159924,0,3276269,0,-845454,0,149163,0,-17264,0,1275,0,-54,0,1 # comp 4x6 (4*0) r=0
214212496,0,-47829360,0,211698108,0,-36315424,0,-4418307,0,-4318782,0,7055453,0,-2569338,0,460608,0,-45082,0,2553,0,-78,0,1 # comp 6x4 (0*4) r=0
3637512,-3105024,57245632,-54692864,93424696,42931456,-15628480,-32463360,5913892,1486848,96640,184576,624928,-387584,15296,41472,-20270,2496,1264,-896,142,64,-16,0,1 # comp 3x8 (1*0) r=0
4781863,9871176,44055483,15890416,48560478,-30233814,-37834176,11693748,32925984,4127412,-26484228,-2500032,12635781,418824,-3326568,-37736,510612,2754,-47050,-156,2583,4,-78,0,1 # comp 4x6 (4*0) r=0
111428593,58605432,258405060,1101596,215927208,-50062512,-153893102,18587136,62998098,-490168,-27327612,-901200,10393563,213648,-2575296,-24104,400344,2232,-38126,-144,2220,4,-72,0,1 # comp 6x4 (0*4) r=0
7615529692,-1255303520,6474799504,-1646514820,4642721296,-1383479632,1171770147,-567856628,521147500,-157904460,79247101,-9330284,4380195,-267720,301501,-5644,19510,3252,4020,8,451,16,25,0,1 # comp 3x8 (3*0) r=0
554238,3525636,10990682,16712172,17556927,1608264,-1906686,-7938300,540499,-950316,1712518,-301644,146479,-128040,-2200,16104,-1373,180,-344,-336,163,24,-16,0,1 # comp 3x8 (1*0) r=0
7,-104,1124,2704,5926,-752,-1176,-7480,445,-1856,4940,-1336,1602,-1632,-116,544,-68,24,-44,-56,40,8,-8,0,1 # comp 3x8 (1*0) r=0
129766976,407031552,384374976,80351744,157107072,-275598816,-1958728,74308368,15063153,28877344,-39243516,-14763408,19356610,2304048,-4751448,-190352,682539,12816,-58544,-672,2994,16,-84,0,1 # comp 6x4 (0*4) r=0
176978077,-75343068,-58254960,-174781932,110106846,100909512,85217354,-8000208,-45754590,-42577200,-1477998,17571888,9685851,-2547792,-3515304,185184,599946,-10368,-55646,504,2952,-12,-84,0,1 # comp 4x6 (4*0) r=0
26445175,63023400,167386659,15569844,25694955,-101764278,-54357400,45130932,38766354,-6715512,-21335094,-265320,7954827,251064,-1916508,-43272,301389,5346,-30176,-396,1881,12,-66,0,1 # comp 6x4 (0*4) r=0
5649581,-76140288,384128714,-868349412,748771565,69839604,-146301488,-17853084,39695779,-34494984,7408032,5381748,-1881401,-524952,534428,-161856,-25601,33588,-4992,-2520,739,72,-40,0,1 # comp 3x8 (1*0) r=0
20707849,35310252,92154594,7516680,49749669,-48637200,-48587762,20663088,27921726,-1269644,-15909390,-965016,6591905,269376,-1727922,-35248,286566,3708,-29550,-264,1869,8,-66,0,1 # comp 6x4 (0*4) r=0
79445362,-1228960762,4305044135,4834541042,-11667409373,-3839865922,8751776103,856147000,-2196087047,-163255636,148610669,39632356,14151957,-4977042,-2506043,284954,229777,-10698,-27371,404,2143,-8,-77,0,1 # comp 8x3 (6*3) r=18
231949,-14498466,40002747,67271856,-192482790,-52449018,199104920,37721652,-67176660,-24006844,2450112,7575996,2878539,-1258050,-784302,125620,146676,-8136,-20837,348,1725,-8,-69,0,1 # comp 3x8 (3*6) r=18
-36085325,82987590,513088602,-759255196,-2650231170,1583221440,4838481147,-476023332,-2555389821,40529204,507253125,-14727348,-27654294,3750120,-2027322,-287896,236283,11124,-13677,-384,1197,8,-60,0,1 # comp 3x8 (3*6) r=18
-395157563,2586561762,7396139883,-5688649632,-12213512814,3197552202,6644869900,-697591980,-1328308128,150648996,55671600,-35087772,11328743,4279362,-1251846,-243124,94320,8712,-16949,-348,1677,8,-69,0,1 # comp 8x3 (6*3) r=18
-5696984,39192264,166200960,-455888108,-1176410858,1249756964,2908635333,-390397368,-1639284377,30941972,334602687,-10756252,-18367254,2958044,-1410238,-238320,145765,9060,-6689,-328,817,8,-52,0,1 # comp 3x8 (3*6) r=18
-187850354,63807918,1036836735,-122209590,-1757119293,165607278,1245346499,-142962288,-356660067,71670532,549501,-20409420,21547281,3090726,-5170263,-272374,689277,15102,-60803,-516,3291,8,-93,0,1 # comp 3x8 (3*6) r=18
231949,14498466,40002747,-67271856,-192482790,52449018,199104920,-37721652,-67176660,24006844,2450112,-7575996,2878539,1258050,-784302,-125620,146676,8136,-20837,-348,1725,8,-69,0,1 # comp 3x8 (3*6) r=18
-310249,-2877468,8831448,15370412,-39271503,-18988344,45723188,14879340,-17727741,-8721236,163590,3220380,1530883,-639960,-504036,73744,105363,-5724,-15494,312,1359,-8,-60,0,1 # comp 8x3 (6*3) r=18
-187850354,-63807918,1036836735,122209590,-1757119293,-165607278,1245346499,142962288,-356660067,-71670532,549501,20409420,21547281,-3090726,-5170263,272374,689277,-15102,-60803,516,3291,-8,-93,0,1 # comp 8x3 (6*3) r=18
-25053516,39507588,291477042,-202797756,-966534309,241816644,1182506742,-89496180,-599177817,22649984,120124290,-9769284,-3301505,2115948,-1635066,-191176,236241,10260,-22142,-408,1629,8,-66,0,1 # comp 3x8 (3*6) r=18
309568768,2170896128,1971867008,-8990057344,-9159322496,7590988160,8341979280,-1676080064,-2061336320,328416752,133186832,-79176032,13733592,9950064,-2446868,-569572,227356,21396,-27287,-808,2143,16,-77,0,1 # comp 3x8 (3*6) r=18
156951,-1808568,-4960116,63752724,-90914697,-98316072,187970760,35620956,-109213677,-7329752,23111088,3411324,-633527,-866580,-297918,88360,28305,-4752,-2918,240,549,-8,-42,0,1 # comp 8x3 (6*3) r=18
-36085325,-82987590,513088602,759255196,-2650231170,-1583221440,4838481147,476023332,-2555389821,-40529204,507253125,14727348,-27654294,-3750120,-2027322,287896,236283,-11124,-13677,384,1197,-8,-60,0,1 # comp 8x3 (6*3) r=18
3157800,3141960,-196672336,354206580,1176309094,-3738681468,2625760917,1125946056,-1577554649,-96163404,318557087,31632948,-20365062,-8843412,-1208734,713616,138757,-27180,-6465,984,817,-24,-52,0,1 # comp 8x3 (6*3) r=18
3157800,-3141960,-196672336,-354206580,1176309094,3738681468,2625760917,-1125946056,-1577554649,96163404,318557087,-31632948,-20365062,8843412,-1208734,-713616,138757,27180,-6465,-984,817,24,-52,0,1 # comp 3x8 (3*6) r=18
1455327,-14936076,23208984,70491708,-121388679,-123996096,161688708,99995700,-67509101,-55949460,2343902,19824948,5622355,-3798696,-1852852,414528,315883,-29124,-34270,1272,2239,-24,-76,0,1 # comp 8x3 (6*3) r=18
-39899599,57005258,434336399,-97074204,-902604306,111402110,708143740,-94641624,-218879216,49618232,5134960,-14704924,11844459,2310866,-3058186,-212736,447172,12444,-44533,-460,2713,8,-85,0,1 # comp 3x8 (3*6) r=18
-2912849,10097348,59431624,-33302420,-170834103,44451200,176921220,-34781340,-67612445,18754908,-755202,-6691804,6721939,1274552,-1978324,-138624,323467,9708,-34494,-424,2239,8,-76,0,1 # comp 3x8 (3*6) r=18
-17742672,-62646048,203429232,363236832,-824016456,-478422720,1146827952,176327568,-593210628,-45110776,120745578,19401408,-4056401,-4222896,-1565406,382016,233055,-20520,-22058,816,1629,-16,-66,0,1 # comp 8x3 (6*3) r=18
-139405522,-581300210,100211975,45845130,-51377133,130545310,-128205725,-47346720,-23330603,84484900,9296317,-26055980,-1146255,4562470,39329,-467190,51661,32430,-12067,-1460,1315,40,-61,0,1 # comp 3x8 (1*6) r=6
-612323,1442034,3642990,192140,901926,598422,2606103,-469776,-489891,150056,486534,-73440,-112548,83910,-21195,-15520,7620,2160,-1725,-180,270,8,-27,0,1 # comp 8x3 (2*3) r=6
-1528591800,7689982680,434431952,-20882792196,9442042830,-8419469940,-408165643,-1541821752,236347279,-324229716,-107636385,29046492,2045226,-10173420,686338,993744,-2867,-37476,6383,936,-143,-72,-20,0,1 # comp 8x3 (6*1) r=6
-3623682,121253502,-107416841,79855290,-55401021,-98114130,24390979,56638560,-28036427,-51121980,3078813,16159860,407937,-2742762,-158767,283002,59197,-19458,-12515,876,1315,-24,-61,0,1 # comp 8x3 (6*1) r=6
-827217441,1092318048,2862687852,-2413887156,3977991,-684337896,-315976968,-623402820,149514643,-113681736,-31753880,11899116,-50255,-4306212,576034,441864,-22799,-24840,3778,1152,109,-72,-26,0,1 # comp 8x3 (6*1) r=6
-1708281,13189356,-7086168,19852932,-9427551,-49168296,27992116,39447972,-12921741,-26461116,703206,9522036,1031619,-1908360,-432324,219888,100467,-17172,-15270,936,1359,-24,-60,0,1 # comp 8x3 (6*1) r=6
-386758271,-141896928,519483184,-52510088,-36839712,-48045760,219697436,17715616,-25477064,821576,22125344,304864,-3028410,-575904,-116288,60872,30880,-4704,-2660,224,280,-8,-32,0,1 # comp 8x3 (2*3) r=6
-51087826,41753980,137064968,6338284,-137305190,-97959350,215305593,59375066,-132785363,-14006048,52638740,79910,-8608014,594804,285619,-81986,49165,5046,-2492,-164,-86,8,-17,0,1 # comp 3x8 (3*2) r=6
-150415082124,57240721938,132310109271,-15304128058,74356866081,-2885954202,7858402629,901295904,583414125,50837208,98246097,7259856,-3454803,1582062,-454269,-27442,-33819,8046,-9403,-252,117,8,-27,0,1 # comp 3x8 (3*2) r=6
-236822200,540872360,709224432,-1052888956,-1292049490,581519860,877308117,-108906952,-261172721,13343444,30899615,-4501948,973706,1143180,-522302,-114896,13453,4164,4143,-104,-143,8,-20,0,1 # comp 3x8 (1*6) r=6
-60051277,-83003986,392336699,41726928,-305594383,206524504,519627931,-119062716,-307896584,22179666,101197932,653776,-13895681,-919010,320096,112632,70960,-6288,-3906,220,76,-8,-25,0,1 # comp 8x3 (2*3) r=6
9375567,24819396,-31449128,-29745204,-7763879,-13837392,-20017388,15431604,5768947,-15195300,-724226,4891284,-28973,-983208,28492,113376,12139,-9252,-4718,600,703,-24,-44,0,1 # comp 8x3 (6*1) r=6
10562683193,-19473714666,-90977980433,-35405380188,17304390494,-9462903030,-10276773760,-685758888,3327572740,-1569265704,-389476272,249354396,7109887,-29162898,1366798,1593576,-89144,-51732,-693,2124,913,-72,-53,0,1 # comp 8x3 (6*1) r=6
-30357504,21316608,74559744,-28408320,20017152,171901440,116081280,-170504160,-66499760,110088408,12330878,-37959264,1977409,7428912,-1429384,-819984,290287,58248,-33514,-2544,2239,48,-76,0,1 # comp 3x8 (1*6) r=6
-151278642,-153852660,919593432,48594156,-185729082,-28206966,172340509,4931058,-37919907,-5955416,5710788,846030,-1134874,-542028,-393657,70534,79917,-6138,-10300,324,870,-8,-45,0,1 # comp 8x3 (2*3) r=6
-2725175,-10381040,-10925114,3715560,8058206,-2789648,-2637719,3422816,3567643,-1351732,-2487012,818360,1235571,-405624,-470816,97564,115789,-11748,-16591,664,1357,-16,-59,0,1 # comp 8x3 (2*3) r=6
-2819169,-17710068,2523314,10685868,13608079,3403476,8881340,6047652,-3621041,-6681444,-153274,3440556,971347,-1094412,-493930,190968,119059,-19728,-16648,1056,1339,-24,-58,0,1 # comp 8x3 (2*3) r=6
-97877621024,69276411264,-10371155744,-835720736,19165414512,-1905085984,3650866184,727142512,525600448,97946384,79474724,19218424,1843032,2448360,-77258,91172,-58694,10884,-6431,-280,-191,16,-11,0,1 # comp 3x8 (3*2) r=6
-1194303344,-488528160,-2995136,-295174816,-212407752,-104596688,289930472,-4533808,-93518228,7253560,43451054,5015264,-3972651,-1801452,-187727,172852,45346,-12972,-3515,520,442,-16,-41,0,1 # comp 8x3 (2*3) r=6
-417169304,-61626160,835770916,-61712836,-304903732,-21098852,178964949,-2863416,-91958279,-5567596,13361651,-2197964,-6177022,-355556,207398,61776,31207,-3660,-2501,184,133,-8,-16,0,1 # comp 8x3 (2*3) r=6
-1934717,8943452,-19074635,-11105096,46264872,6932018,-30741894,-7037310,21397438,3342858,-10081824,-1379068,3624166,431846,-1047580,-78972,207727,7872,-25137,-388,1771,8,-67,0,1 # comp 3x8 (3*2) r=6
26959731,-36692142,-1346707006,-1289336604,688068958,2170909944,927361227,-419620044,-389222237,53008260,53739269,-15117804,-1942422,4325160,-510394,-412296,24019,14652,3555,-480,13,24,-28,0,1 # comp 3x8 (1*6) r=6
476208,17676384,-82253712,102841760,5832568,-153170464,101025968,40234032,-52393844,-11524056,8952282,5057888,-65825,-1291408,-145822,137088,4879,-7176,6,368,301,-16,-34,0,1 # comp 8x3 (6*1) r=6
-19760549,-9491772,25675821,-15748612,-26296734,48386700,47736658,-29276892,-37396593,1956752,11468226,2378556,-1278869,-875004,-161946,129476,57987,-11124,-7790,600,684,-16,-39,0,1 # comp 8x3 (2*3) r=6
-388723968,287608320,2026122336,1911168000,1544158512,582190848,-77282424,89615232,25650108,94244608,-9015510,-21756672,-5216273,6600000,450522,-678656,-6849,38016,-1154,-1920,549,64,-42,0,1 # comp 3x8 (1*6) r=6
-36597981,242075526,-18034637,46535856,149846873,-638764200,368060827,367385460,-319147064,-70609350,109376180,-1170576,-16037465,2719830,508712,-336552,64600,18864,-3682,-660,76,24,-25,0,1 # comp 3x8 (3*2) r=6
-755305162,1367853718,1459058399,-112351470,-191974581,-110646410,-394031021,-37521120,-12680507,-117146540,19164973,34636420,-3410343,-6368978,336473,644658,40357,-45402,-11395,2044,1315,-56,-61,0,1 # comp 8x3 (6*1) r=6
-7688313,46179000,-87723684,36020220,153384567,-290492568,141290216,88930548,-92503917,-23610888,19203120,9970452,-1246263,-2583900,-202878,263736,23841,-14256,-2694,720,549,-24,-42,0,1 # comp 8x3 (6*1) r=6
157304616,-5640701256,16674894560,-24086341908,21945244342,-10632775716,734469093,2184810552,-983435417,-381505428,167810687,77732028,-37942134,-25700796,604802,2104560,75685,-81540,-4449,2952,817,-72,-52,0,1 # comp 8x3 (6*1) r=6
-9762176,31559168,-24818240,-92054592,352069088,-491660128,225982840,168142720,-162772220,-44018768,37501050,18106336,-3385281,-4606464,-301454,453440,57415,-25008,-6898,1184,853,-32,-50,0,1 # comp 8x3 (6*1) r=6
-615772864,-1243609792,9524287248,-16545816976,15882710216,-8194446608,485674341,1329863744,-620365667,-288293680,73604267,53337536,-21426046,-18138816,315478,1555072,41923,-58656,15,2176,493,-64,-44,0,1 # comp 8x3 (6*1) r=6
-27341,-160932,428823,127810,-333042,254286,751519,-521514,-888273,164356,524328,-10872,-186122,-49182,8478,12472,3681,-1512,-692,132,90,-8,-15,0,1 # comp 3x8 (3*2) r=6
-246394953,-54363960,1032231276,1318755060,1213998327,572127192,-36202104,738108,-7140717,74763752,-1085520,-20189988,-4175543,5844300,272322,-599704,1521,33264,-1574,-1680,549,56,-42,0,1 # comp 3x8 (1*6) r=6
-352797888,-947868288,568591744,115579584,-95454144,128688192,-244649360,-16673280,-18984272,100888992,13738656,-30543552,-2193972,5467704,175520,-556932,46480,38916,-11759,-1752,1315,48,-61,0,1 # comp 3x8 (1*6) r=6
-40896476,88073512,287058304,150552164,72234262,50135780,554229,-7008320,-40858865,13331100,1333783,4129552,-3834054,371472,199306,-87904,16609,5160,-1341,-256,25,16,-8,0,1 # comp 3x8 (3*2) r=6
-3106474,3254288,5300288,-2790100,2330745,2053360,878954,-2134012,1889569,969476,-986148,-498964,630369,189012,-253766,-38456,64891,4740,-10408,-296,979,8,-50,0,1 # comp 3x8 (3*2) r=6
-11098603,62717220,160847409,-31368506,51210198,49654632,-46356183,28456836,-13178331,2988198,-2847528,906336,-849757,95796,-76236,1856,-9408,1152,-149,-24,120,8,12,0,1 # comp 3x8 (3*2) r=6
-11098603,-62717220,160847409,31368506,51210198,-49654632,-46356183,-28456836,-13178331,-2988198,-2847528,-906336,-849757,-95796,-76236,-1856,-9408,-1152,-149,24,120,-8,12,0,1 # comp 3x8 (3*2) r=6
-261957857,-898863392,370304812,1359732108,277065479,518004760,-179944328,251189372,77505427,64995896,-18127512,-11194708,53169,3371676,303394,-356216,-15695,19320,2882,-896,109,56,-26,0,1 # comp 3x8 (1*6) r=6
-267773772,452973120,1727083316,-6099808572,8606594964,-6129201276,1013274197,1372568016,-817824047,-183976020,136087779,43728048,-16861878,-13772112,-283946,1175712,61747,-43992,-769,1632,493,-48,-44,0,1 # comp 8x3 (6*1) r=6
