645954410557,0,-833932531940,0,490238799797,0,-173509785320,0,41175050633,0,-6901588760,0,837812346,0,-74217680,0,4761721,0,-215800,0,6558,0,-120,0,1 # liftE_full r=24
566919981271,0,-748001631860,0,448573145993,0,-161648010440,0,38979698261,0,-6625612280,0,813948738,0,-72816080,0,4708201,0,-214600,0,6546,0,-120,0,1 # liftE_full r=24
6278955641281,0,-6657232779072,0,3218274972408,0,-937945538688,0,183534966040,0,-25401632688,0,2549672902,0,-187009728,0,9947794,0,-374280,0,9455,0,-144,0,1 # liftE_full r=24
530532889657,0,-707778424100,0,428778284405,0,-155938728320,0,37911202208,0,-6490050440,0,802141374,0,-72118880,0,4681486,0,-214000,0,6540,0,-120,0,1 # liftE_full r=24
10196557148154889,0,-5780383991583906,0,1496687097073668,0,-234048750216018,0,24618779685484,0,-1835026717770,0,99385083007,0,-3940771206,0,113538220,0,-2318004,0,31832,0,-264,0,1 # liftE_full r=24
6889,0,94454,0,90271,0,-170798,0,-55410,0,60186,0,18838,0,-6972,0,-2922,0,68,0,150,0,22,0,1 # liftE_full r=8
118441,0,-930856,0,1561533,0,-602294,0,-471388,0,451398,0,-93318,0,-31084,0,20782,0,-4872,0,596,0,-38,0,1 # liftE_full r=20
1660874786677,0,-2014777190514,0,1109915028823,0,-367072336356,0,81154194683,0,-12633811344,0,1419941160,0,-116087664,0,6852024,0,-284790,0,7913,0,-132,0,1 # liftE_full r=24
458771100481,0,-626957055840,0,388328303992,0,-144097197120,0,35666563928,0,-6202241640,0,776863494,0,-70617120,0,4623714,0,-212700,0,6527,0,-120,0,1 # liftE_full r=24
5247970522081,0,-5732999813184,0,2848334750296,0,-850897727232,0,170202668048,0,-24012951984,0,2450057478,0,-182150208,0,9793494,0,-371400,0,9431,0,-144,0,1 # liftE_full r=24
5868736985780299,0,-3481768959034730,0,943567785438715,0,-154452058518072,0,17007682239662,0,-1327264224482,0,75269081705,0,-3125357102,0,94302751,0,-2016504,0,29006,0,-252,0,1 # liftE_full r=24
11946673189854943,0,-6646622552299856,0,1690668577756765,0,-259987078136240,0,26919497993021,0,-1977136987630,0,105620977734,0,-4135111120,0,117752245,0,-2378530,0,32350,0,-266,0,1 # liftE_full r=24
-3359,0,35210,0,221293,0,19516,0,-142719,0,7518,0,29926,0,-5208,0,-1923,0,518,0,18,0,-14,0,1 # liftE_full r=14
5328092209441,0,-5805847745472,0,2877862975016,0,-857922690048,0,171288759680,0,-24126957648,0,2458285626,0,-182553408,0,9806334,0,-371640,0,9433,0,-144,0,1 # liftE_full r=24
5784789429721,0,-6218124770568,0,3043907490443,0,-897203951616,0,177332621248,0,-24758848656,0,2503747714,0,-184776000,0,9877006,0,-372960,0,9444,0,-144,0,1 # liftE_full r=24
6006626809471,0,-6415740823848,0,3122555665015,0,-915616443408,0,180140370155,0,-25050235392,0,2524589376,0,-185790528,0,9909174,0,-373560,0,9449,0,-144,0,1 # liftE_full r=24
119183621761,0,-183526756704,0,127938291680,0,-53365939776,0,14829159300,0,-2891135916,0,405446754,0,-41206896,0,3012524,0,-154530,0,5281,0,-108,0,1 # liftE_full r=24
530512483957,0,-707764817500,0,428774580075,0,-155938201920,0,37911161048,0,-6490048760,0,802141346,0,-72118880,0,4681486,0,-214000,0,6540,0,-120,0,1 # liftE_full r=24
10743230414553673,0,-6036628070362058,0,1550552609863444,0,-240735880017474,0,25161720299360,0,-1865151366962,0,100541843807,0,-3971125766,0,114059164,0,-2323284,0,31856,0,-264,0,1 # liftE_full r=24
160777,0,-409108,0,150967,0,250166,0,-114334,0,-63014,0,21846,0,8428,0,-1370,0,-560,0,10,0,14,0,1 # liftE_full r=12
57865516864,0,-90347228640,0,64339415776,0,-27635351168,0,7974254416,0,-1628584328,0,241401105,0,-26168660,0,2059124,0,-114704,0,4294,0,-97,0,1 # liftE_full r=24
5830591662721,0,-6258673024128,0,3059954448432,0,-900942030912,0,177900194668,0,-24817539600,0,2507933618,0,-184979328,0,9883444,0,-373080,0,9445,0,-144,0,1 # liftE_full r=24
27123474511,0,-47520247152,0,37654872535,0,-17835760992,0,5622046955,0,-1242006528,0,197144256,0,-22653312,0,1870374,0,-108240,0,4169,0,-96,0,1 # liftE_full r=24
-5207,0,47650,0,-149417,0,167848,0,-356,0,-72350,0,9267,0,10562,0,-509,0,-632,0,-22,0,12,0,1 # liftE_full r=14
20106122401,0,-37029757568,0,30725764136,0,-15175652352,0,4965310880,0,-1133122272,0,184869306,0,-21724032,0,1825134,0,-106960,0,4153,0,-96,0,1 # liftE_full r=24
2987325706203931,0,-1873508059663758,0,536784943987011,0,-92906465943018,0,10818721579982,0,-892937820250,0,53563588910,0,-2352885780,0,75116686,0,-1699768,0,25878,0,-238,0,1 # liftE_full r=24
-3569,0,105642,0,-58081,0,-202662,0,221698,0,-37982,0,-36826,0,17332,0,-1042,0,-912,0,250,0,-26,0,1 # liftE_full r=18
25202136961,0,-44698794752,0,35821396912,0,-17142022528,0,5452902668,0,-1214251360,0,194040498,0,-22419712,0,1859044,0,-107920,0,4165,0,-96,0,1 # liftE_full r=24
18938011093,0,-35240568336,0,29517941857,0,-14703026368,0,4846719494,0,-1113198368,0,182600102,0,-21550976,0,1816670,0,-106720,0,4150,0,-96,0,1 # liftE_full r=24
40867683463699,0,-36900525596557,0,15208142853406,0,-3782728766278,0,632358655944,0,-74840549210,0,6429292155,0,-403892034,0,18412066,0,-593908,0,12865,0,-168,0,1 # liftE_full r=24
1886346185137,0,-2240248590206,0,1210352288809,0,-393309008356,0,85603993883,0,-13145724592,0,1460393880,0,-118255984,0,6927484,0,-286330,0,7927,0,-132,0,1 # liftE_full r=24
518859887007631,0,-377094922453600,0,125167662702463,0,-25090363258014,0,3382840638958,0,-323183538370,0,22433651094,0,-1140026524,0,42093718,0,-1101340,0,19382,0,-206,0,1 # liftE_full r=24
121171,0,-64510,0,-384567,0,76708,0,320021,0,6126,0,-81810,0,-18328,0,4957,0,2658,0,446,0,34,0,1 # liftE_full r=8
491025070537,0,-663477404540,0,406694021827,0,-149496335160,0,36693688379,0,-6334330400,0,788491640,0,-71309120,0,4650364,0,-213300,0,6533,0,-120,0,1 # liftE_full r=24
129749936617,0,-196987590954,0,135544946649,0,-55875334284,0,15364094683,0,-2968107408,0,413016920,0,-41709456,0,3034084,0,-155070,0,5287,0,-108,0,1 # liftE_full r=24
432181,0,-1099594,0,564885,0,604468,0,-770155,0,235926,0,73206,0,-79720,0,28129,0,-5442,0,614,0,-38,0,1 # liftE_full r=20
22534343371,0,-40720041744,0,33199444849,0,-16137631072,0,5205419435,0,-1173287936,0,189428672,0,-22070912,0,1842074,0,-107440,0,4159,0,-96,0,1 # liftE_full r=24
9830156250764851,0,-5564578815960306,0,1439887230283727,0,-225205696361194,0,23712065268538,0,-1770638119058,0,96149830566,0,-3825644212,0,110692630,0,-2271448,0,31378,0,-262,0,1 # liftE_full r=24
90172183837,0,-145507016934,0,105895095935,0,-45926963316,0,13212148417,0,-2654691300,0,381897502,0,-39629160,0,2944441,0,-152820,0,5262,0,-108,0,1 # liftE_full r=24
210421,0,-296696,0,-214543,0,336344,0,23953,0,-105826,0,16542,0,10640,0,-3347,0,-90,0,154,0,-22,0,1 # liftE_full r=16
115826336641,0,-179208131616,0,125476544544,0,-52547604480,0,14653574284,0,-2865735828,0,402938206,0,-41039856,0,3005344,0,-154350,0,5279,0,-108,0,1 # liftE_full r=24
536947931521,0,-714796192960,0,432198524848,0,-156916543520,0,38092787588,0,-6512938040,0,804124434,0,-72235520,0,4685944,0,-214100,0,6541,0,-120,0,1 # liftE_full r=24
3084073861997857,0,-1923829662413834,0,548522683545979,0,-94523317243474,0,10964374790394,0,-901903970226,0,53945552494,0,-2364005028,0,75328374,0,-1702148,0,25890,0,-238,0,1 # liftE_full r=24
5953766236083667,0,-3523601897222470,0,952795731148606,0,-155653964245962,0,17110041489482,0,-1333220152684,0,75508872797,0,-3131953174,0,94421392,0,-2017764,0,29012,0,-252,0,1 # liftE_full r=24
17734234235174269,0,-9584179514095598,0,2366473089418087,0,-353006321504280,0,35430863027888,0,-2520751764386,0,130351071557,0,-4936432862,0,135876751,0,-2651064,0,34802,0,-276,0,1 # liftE_full r=24
2332115915221,0,-2673422337806,0,1398427339265,0,-441346844004,0,93596286395,0,-14050683504,0,1531014744,0,-122006544,0,7057224,0,-288970,0,7951,0,-132,0,1 # liftE_full r=24
5582103139712191,0,-3313325148152044,0,898947533196941,0,-147414112934546,0,16272808799792,0,-1273901577678,0,72518164746,0,-3024643044,0,91735682,0,-1973108,0,28568,0,-250,0,1 # liftE_full r=24
80857,0,55020,0,-157927,0,-32816,0,93093,0,-1722,0,-18514,0,1152,0,1633,0,-90,0,-66,0,2,0,1 # liftE_full r=12
6417135075961,0,-6779407732584,0,3266574179023,0,-949186668192,0,185240528654,0,-25577897040,0,2562238650,0,-187619904,0,9967110,0,-374640,0,9458,0,-144,0,1 # liftE_full r=24
2231783454103,0,-2577395617258,0,1357302385831,0,-430969350504,0,91887675026,0,-13858896436,0,1516151498,0,-121221232,0,7030150,0,-288420,0,7946,0,-132,0,1 # liftE_full r=24
-6929,0,92976,0,234705,0,-217952,0,-117065,0,68186,0,29126,0,-6400,0,-3481,0,-42,0,144,0,22,0,1 # liftE_full r=10
19347400801,0,-35861456256,0,29933311576,0,-14864260608,0,4886897648,0,-1119910176,0,183361158,0,-21608832,0,1819494,0,-106800,0,4151,0,-96,0,1 # liftE_full r=24
149093141401,0,-221169582486,0,148980506079,0,-60242118156,0,16283198875,0,-3098976624,0,425782504,0,-42551856,0,3070084,0,-155970,0,5297,0,-108,0,1 # liftE_full r=24
141085546561,0,-211226849424,0,143490205160,0,-58467351600,0,15911391824,0,-3046239900,0,420653946,0,-42214176,0,3055674,0,-155610,0,5293,0,-108,0,1 # liftE_full r=24
5530487806711,0,-5989495013544,0,2952165455687,0,-875570853360,0,174013399861,0,-24412623984,0,2478883870,0,-183562080,0,9838441,0,-372240,0,9438,0,-144,0,1 # liftE_full r=24
48223,0,-591458,0,539539,0,97048,0,-232106,0,35266,0,29919,0,-8494,0,-1181,0,568,0,-10,0,-12,0,1 # liftE_full r=16
6092693466534613,0,-3593309803929202,0,968473126398880,0,-157735519994038,0,17290764377350,0,-1343942587456,0,75949213047,0,-3144314474,0,94648432,0,-2020228,0,29024,0,-252,0,1 # liftE_full r=24
5744609137405993,0,-3393361162597064,0,916635578125965,0,-149724003853258,0,16470200980724,0,-1285435230438,0,72984819354,0,-3037552916,0,91969390,0,-1975608,0,28580,0,-250,0,1 # liftE_full r=24
24673747561,0,-43936843952,0,35334508683,0,-16960564224,0,5409239648,0,-1207165024,0,193254914,0,-22360960,0,1856206,0,-107840,0,4164,0,-96,0,1 # liftE_full r=24
6371977206337,0,-6739321282752,0,3250670559752,0,-945473749632,0,184675686648,0,-25519393872,0,2558060730,0,-187416768,0,9960674,0,-374520,0,9457,0,-144,0,1 # liftE_full r=24
21699738061,0,-39459182512,0,32358879355,0,-15812346720,0,5124572699,0,-1159811200,0,187903064,0,-21955072,0,1836424,0,-107280,0,4157,0,-96,0,1 # liftE_full r=24
612511377121,0,-797684969760,0,472712235688,0,-168532286720,0,40255733168,0,-6786219160,0,827849786,0,-73633120,0,4739414,0,-215300,0,6553,0,-120,0,1 # liftE_full r=24
1691631727171,0,-2045822576534,0,1123860164237,0,-370741839204,0,81780437195,0,-12706226016,0,1425686688,0,-116396544,0,6862794,0,-285010,0,7915,0,-132,0,1 # liftE_full r=24
561222067771,0,-741622374060,0,445398012703,0,-160723145400,0,38805150635,0,-6603313920,0,811996032,0,-72700320,0,4703754,0,-214500,0,6545,0,-120,0,1 # liftE_full r=24
19496362704064,0,-18736866747040,0,8218087246704,0,-2175023933744,0,386828133684,0,-48698874600,0,4449460687,0,-297244125,0,14408082,0,-494134,0,11380,0,-158,0,1 # liftE_full r=24
31843137481,0,-54330525936,0,42010857103,0,-19461064128,0,6013604654,0,-1305627360,0,204204090,0,-23181696,0,1895910,0,-108960,0,4178,0,-96,0,1 # liftE_full r=24
6006626809471,0,-6415740823848,0,3122555665015,0,-915616443408,0,180140370155,0,-25050235392,0,2524589376,0,-185790528,0,9909174,0,-373560,0,9449,0,-144,0,1 # liftE_full r=24
459229,0,865210,0,-640711,0,-2099242,0,-969092,0,615902,0,796146,0,353948,0,85726,0,12360,0,1060,0,50,0,1 # liftE_full r=4
6371977206337,0,-6739321282752,0,3250670559752,0,-945473749632,0,184675686648,0,-25519393872,0,2558060730,0,-187416768,0,9960674,0,-374520,0,9457,0,-144,0,1 # liftE_full r=24
6755776099453417,0,-3946848623140772,0,1053953651639327,0,-170106367207446,0,18481348500266,0,-1423945993706,0,79779137766,0,-3274925228,0,97757830,0,-2069440,0,29490,0,-254,0,1 # liftE_full r=24
5491421909821,0,-5953779095688,0,2937619753755,0,-872096509200,0,173474476699,0,-24355903680,0,2474781784,0,-183360768,0,9832024,0,-372120,0,9437,0,-144,0,1 # liftE_full r=24
9830156250764851,0,-5564578815960306,0,1439887230283727,0,-225205696361194,0,23712065268538,0,-1770638119058,0,96149830566,0,-3825644212,0,110692630,0,-2271448,0,31378,0,-262,0,1 # liftE_full r=24
2446639106437,0,-2761598891523,0,1425175751118,0,-444662413903,0,93419431360,0,-13922777960,0,1509348891,0,-119925722,0,6931370,0,-284201,0,7847,0,-131,0,1 # liftE_full r=24
653493479731,0,-841917388180,0,494019291409,0,-174563478200,0,41366518955,0,-6925291520,0,839836992,0,-74335520,0,4766194,0,-215900,0,6559,0,-120,0,1 # liftE_full r=24
19347400801,0,-35861456256,0,29933311576,0,-14864260608,0,4886897648,0,-1119910176,0,183361158,0,-21608832,0,1819494,0,-106800,0,4151,0,-96,0,1 # liftE_full r=24
-398519057,0,528938909,0,-11599632,0,-329230015,0,260209279,0,-105354291,0,26898026,0,-4629289,0,547877,0,-44154,0,2322,0,-72,0,1 # liftE_full r=22
2213204609281,0,-2559338449184,0,1349461883392,0,-428966801824,0,91554529100,0,-13821178756,0,1513208418,0,-121064944,0,7024744,0,-288310,0,7945,0,-132,0,1 # liftE_full r=24
87824540224,0,-154601184736,0,117179792352,0,-51433581088,0,14715490816,0,-2911651680,0,410573339,0,-41724529,0,3041300,0,-155394,0,5292,0,-108,0,1 # liftE_full r=24
2310633815407,0,-2653130130310,0,1389840037277,0,-439202862604,0,93246537197,0,-14011728676,0,1528014522,0,-121848760,0,7051801,0,-288860,0,7950,0,-132,0,1 # liftE_full r=24
3990078016,0,-8525940672,0,8137554928,0,-4592830240,0,1709583388,0,-442797628,0,81954993,0,-10937752,0,1046168,0,-70030,0,3118,0,-83,0,1 # liftE_full r=24
377287,0,-537934,0,-6064,0,309930,0,-104908,0,-46732,0,28365,0,182,0,-2456,0,352,0,54,0,-16,0,1 # liftE_full r=16
150942243817,0,-223503704586,0,150288292129,0,-60670229940,0,16373846521,0,-3111946236,0,427052354,0,-42635880,0,3073681,0,-156060,0,5298,0,-108,0,1 # liftE_full r=24
6569621428068931,0,-3856192188405728,0,1034153095618087,0,-167552207807310,0,18265862307230,0,-1411521937474,0,79283374918,0,-3261405788,0,97516702,0,-2066900,0,29478,0,-254,0,1 # liftE_full r=24
25202136961,0,-44698794752,0,35821396912,0,-17142022528,0,5452902668,0,-1214251360,0,194040498,0,-22419712,0,1859044,0,-107920,0,4165,0,-96,0,1 # liftE_full r=24
1682732056796743,0,-1102594349962866,0,330299319760961,0,-59816519431860,0,7293569933581,0,-630805077070,0,39680104766,0,-1829154376,0,61326245,0,-1458378,0,23350,0,-226,0,1 # liftE_full r=24
12352722463934623,0,-6885423471330918,0,1753233129192500,0,-269661876088966,0,27903223396908,0,-2046328142346,0,109061149105,0,-4256158554,0,120708864,0,-2426308,0,32810,0,-268,0,1 # liftE_full r=24
-125243,0,87190,0,1706476,0,155778,0,-1362946,0,-556478,0,187739,0,192838,0,61024,0,10164,0,956,0,48,0,1 # liftE_full r=6
502184731231,0,-676020149940,0,412959629497,0,-151327446200,0,37040274155,0,-6378714880,0,792386048,0,-71540320,0,4659254,0,-213500,0,6535,0,-120,0,1 # liftE_full r=24
540751,0,-2431404,0,869139,0,2688424,0,-1941370,0,-182004,0,656061,0,-312902,0,76999,0,-11252,0,986,0,-48,0,1 # liftE_full r=20
118441,0,-930856,0,1561533,0,-602294,0,-471388,0,451398,0,-93318,0,-31084,0,20782,0,-4872,0,596,0,-38,0,1 # liftE_full r=20
2375837920576,0,-2747411669664,0,1447700426912,0,-459565794272,0,97869777456,0,-14728008312,0,1605650137,0,-127754205,0,7361430,0,-299534,0,8168,0,-134,0,1 # liftE_full r=24
709171,0,380918,0,-637269,0,-255542,0,214982,0,55050,0,-33090,0,-4780,0,2446,0,168,0,-82,0,-2,0,1 # liftE_full r=12
6139790085331,0,-6534354660792,0,3169758459133,0,-926666402256,0,181825289247,0,-25225086096,0,2537095170,0,-186399264,0,9928475,0,-373920,0,9452,0,-144,0,1 # liftE_full r=24
423089064553,0,-586123179820,0,367595683391,0,-137950600440,0,34488771011,0,-6049872360,0,763387206,0,-69812400,0,4592655,0,-212000,0,6520,0,-120,0,1 # liftE_full r=24
746446283584,0,-932901211872,0,532783304272,0,-183857686432,0,42699366364,0,-7030859668,0,841662585,0,-73806796,0,4705556,0,-212716,0,6472,0,-119,0,1 # liftE_full r=24
95747828197,0,-152951358546,0,110283781433,0,-47429786376,0,13542887246,0,-2703544452,0,386801430,0,-39959568,0,2958750,0,-153180,0,5266,0,-108,0,1 # liftE_full r=24
106220137597,0,-166734991206,0,118305766663,0,-50145862284,0,14134900283,0,-2790302256,0,395457000,0,-40540176,0,2983824,0,-153810,0,5273,0,-108,0,1 # liftE_full r=24
3183408193030423,0,-1975222241580630,0,560453732941827,0,-96160032048346,0,11111298864934,0,-910921962314,0,54328832846,0,-2375143316,0,75540182,0,-1704528,0,25902,0,-238,0,1 # liftE_full r=24
660151330573,0,-849140595380,0,497514858169,0,-175556934840,0,41550117371,0,-6948343640,0,841828394,0,-74452400,0,4770655,0,-216000,0,6560,0,-120,0,1 # liftE_full r=24
250060099177,0,-343621189597,0,215609380938,0,-81687614897,0,20813621360,0,-3757424160,0,492819811,0,-47319078,0,3301190,0,-163199,0,5427,0,-109,0,1 # liftE_full r=24
916092938944,0,-1125260488608,0,631612751952,0,-214228150688,0,48902029564,0,-7914892132,0,931386345,0,-80291764,0,5032676,0,-223684,0,6692,0,-121,0,1 # liftE_full r=24
170521,0,-144274,0,-241859,0,215414,0,64760,0,-85802,0,6426,0,10684,0,-2738,0,-200,0,160,0,-22,0,1 # liftE_full r=16
115826336641,0,-179208131616,0,125476544544,0,-52547604480,0,14653574284,0,-2865735828,0,402938206,0,-41039856,0,3005344,0,-154350,0,5279,0,-108,0,1 # liftE_full r=24
141085546561,0,-211226849424,0,143490205160,0,-58467351600,0,15911391824,0,-3046239900,0,420653946,0,-42214176,0,3055674,0,-155610,0,5293,0,-108,0,1 # liftE_full r=24
6096277955881,0,-6495441227832,0,3154217235821,0,-923016852240,0,181267305659,0,-25167053376,0,2532937224,0,-186196608,0,9922044,0,-373800,0,9451,0,-144,0,1 # liftE_full r=24
19666356067,0,-36371832368,0,30291146211,0,-15008860800,0,4924159316,0,-1126304608,0,184101266,0,-21665920,0,1822306,0,-106880,0,4152,0,-96,0,1 # liftE_full r=24
5247970522081,0,-5732999813184,0,2848334750296,0,-850897727232,0,170202668048,0,-24012951984,0,2450057478,0,-182150208,0,9793494,0,-371400,0,9431,0,-144,0,1 # liftE_full r=24
27123474511,0,-47520247152,0,37654872535,0,-17835760992,0,5622046955,0,-1242006528,0,197144256,0,-22653312,0,1870374,0,-108240,0,4169,0,-96,0,1 # liftE_full r=24
1660874786677,0,-2014777190514,0,1109915028823,0,-367072336356,0,81154194683,0,-12633811344,0,1419941160,0,-116087664,0,6852024,0,-284790,0,7913,0,-132,0,1 # liftE_full r=24
172937886620773,0,-137748575489482,0,50108585105390,0,-11007871721050,0,1626488912754,0,-170290688666,0,12954280095,0,-721437318,0,29192260,0,-837012,0,16142,0,-188,0,1 # liftE_full r=24
2062557875281,0,-2413322473474,0,1286215196719,0,-412847135844,0,88877680475,0,-13518565456,0,1489623464,0,-119813584,0,6981484,0,-287430,0,7937,0,-132,0,1 # liftE_full r=24
696735459841,0,-888090485440,0,516048324272,0,-180746604000,0,42497083100,0,-7065994680,0,851907378,0,-75040320,0,4793004,0,-216500,0,6565,0,-120,0,1 # liftE_full r=24
2075546476774471,0,-1336605676681250,0,393502174023229,0,-70031994600956,0,8391457289855,0,-713184999538,0,44083838190,0,-1996862632,0,65785327,0,-1537210,0,24184,0,-230,0,1 # liftE_full r=24
208321,0,-724382,0,-207943,0,1551910,0,-736940,0,-484146,0,606578,0,-269412,0,66622,0,-10000,0,908,0,-46,0,1 # liftE_full r=20
164022433944433,0,-131848761359470,0,48358620783706,0,-10701494017434,0,1591427417032,0,-167550274438,0,12806130399,0,-715967398,0,29060260,0,-835132,0,16130,0,-188,0,1 # liftE_full r=24
458771100481,0,-626957055840,0,388328303992,0,-144097197120,0,35666563928,0,-6202241640,0,776863494,0,-70617120,0,4623714,0,-212700,0,6527,0,-120,0,1 # liftE_full r=24
149093141401,0,-221169582486,0,148980506079,0,-60242118156,0,16283198875,0,-3098976624,0,425782504,0,-42551856,0,3070084,0,-155970,0,5297,0,-108,0,1 # liftE_full r=24
530111104866631,0,-383875636315198,0,126999686920637,0,-25382580098452,0,3413313028915,0,-325354270698,0,22540629902,0,-1143628056,0,42172987,0,-1102370,0,19388,0,-206,0,1 # liftE_full r=24
465891290384437,0,-341410508050498,0,114273925469815,0,-23101360187960,0,3141536735024,0,-302760986618,0,21203359715,0,-1087276290,0,40516267,0,-1070008,0,19010,0,-204,0,1 # liftE_full r=24
2007487944337,0,-2359667291146,0,1262867123559,0,-406872481048,0,87882129302,0,-13405702772,0,1480807658,0,-119345072,0,6965270,0,-287100,0,7934,0,-132,0,1 # liftE_full r=24
39267170383,0,-64695103984,0,48445831455,0,-21799925056,0,6564553898,0,-1393502432,0,213814490,0,-23893376,0,1930070,0,-109920,0,4190,0,-96,0,1 # liftE_full r=24
5285570753107,0,-5767639968072,0,2862539616611,0,-854311212480,0,170734894516,0,-24069207312,0,2454139666,0,-182351040,0,9799906,0,-371520,0,9432,0,-144,0,1 # liftE_full r=24
2446639106437,0,-2761598891523,0,1425175751118,0,-444662413903,0,93419431360,0,-13922777960,0,1509348891,0,-119925722,0,6931370,0,-284201,0,7847,0,-131,0,1 # liftE_full r=24
6889,0,94454,0,90271,0,-170798,0,-55410,0,60186,0,18838,0,-6972,0,-2922,0,68,0,150,0,22,0,1 # liftE_full r=8
28128047641,0,-48982605008,0,38597603021,0,-18189936480,0,5707872059,0,-1256018304,0,198704904,0,-22770432,0,1876044,0,-108400,0,4171,0,-96,0,1 # liftE_full r=24
431971,0,115604,0,-523147,0,-34008,0,206081,0,-7786,0,-31914,0,1856,0,2305,0,-110,0,-78,0,2,0,1 # liftE_full r=12
629797,0,2026738,0,-747152,0,-1583498,0,768838,0,192976,0,-180249,0,24170,0,8464,0,-3452,0,512,0,-36,0,1 # liftE_full r=16
458771100481,0,-626957055840,0,388328303992,0,-144097197120,0,35666563928,0,-6202241640,0,776863494,0,-70617120,0,4623714,0,-212700,0,6527,0,-120,0,1 # liftE_full r=24
19347400801,0,-35861456256,0,29933311576,0,-14864260608,0,4886897648,0,-1119910176,0,183361158,0,-21608832,0,1819494,0,-106800,0,4151,0,-96,0,1 # liftE_full r=24
50351042112035743,0,-24855088934715650,0,5609344077536002,0,-765296229937458,0,70299482863556,0,-4580473796144,0,217065598805,0,-7538259062,0,190400764,0,-3411084,0,41144,0,-300,0,1 # liftE_full r=24
5530487806711,0,-5989495013544,0,2952165455687,0,-875570853360,0,174013399861,0,-24412623984,0,2478883870,0,-183562080,0,9838441,0,-372240,0,9438,0,-144,0,1 # liftE_full r=24
11946673189854943,0,-6646622552299856,0,1690668577756765,0,-259987078136240,0,26919497993021,0,-1977136987630,0,105620977734,0,-4135111120,0,117752245,0,-2378530,0,32350,0,-266,0,1 # liftE_full r=24
6278955641281,0,-6657232779072,0,3218274972408,0,-937945538688,0,183534966040,0,-25401632688,0,2549672902,0,-187009728,0,9947794,0,-374280,0,9455,0,-144,0,1 # liftE_full r=24
5582103139712191,0,-3313325148152044,0,898947533196941,0,-147414112934546,0,16272808799792,0,-1273901577678,0,72518164746,0,-3024643044,0,91735682,0,-1973108,0,28568,0,-250,0,1 # liftE_full r=24
6755776099453417,0,-3946848623140772,0,1053953651639327,0,-170106367207446,0,18481348500266,0,-1423945993706,0,79779137766,0,-3274925228,0,97757830,0,-2069440,0,29490,0,-254,0,1 # liftE_full r=24
-3989,0,30502,0,-64240,0,18370,0,57402,0,-36652,0,-7839,0,6678,0,760,0,-408,0,-46,0,8,0,1 # liftE_full r=14
20336334599486011,0,-10821498113445274,0,2632821172973509,0,-387263791780860,0,38355710110063,0,-2694780901666,0,137713413342,0,-5157846568,0,140514631,0,-2715490,0,35336,0,-278,0,1 # liftE_full r=24
1660874786677,0,-2014777190514,0,1109915028823,0,-367072336356,0,81154194683,0,-12633811344,0,1419941160,0,-116087664,0,6852024,0,-284790,0,7913,0,-132,0,1 # liftE_full r=24
168342369343,0,-244756843182,0,161851337991,0,-64359387576,0,17138059426,0,-3219334524,0,437419018,0,-43314768,0,3102550,0,-156780,0,5306,0,-108,0,1 # liftE_full r=24
5328092209441,0,-5805847745472,0,2877862975016,0,-857922690048,0,171288759680,0,-24126957648,0,2458285626,0,-182553408,0,9806334,0,-371640,0,9433,0,-144,0,1 # liftE_full r=24
916092938944,0,-1125260488608,0,631612751952,0,-214228150688,0,48902029564,0,-7914892132,0,931386345,0,-80291764,0,5032676,0,-223684,0,6692,0,-121,0,1 # liftE_full r=24
-484301,0,-411470,0,583195,0,473112,0,-138538,0,-131318,0,10625,0,14542,0,31,0,-696,0,-34,0,12,0,1 # liftE_full r=10
502184731231,0,-676020149940,0,412959629497,0,-151327446200,0,37040274155,0,-6378714880,0,792386048,0,-71540320,0,4659254,0,-213500,0,6535,0,-120,0,1 # liftE_full r=24
561222067771,0,-741622374060,0,445398012703,0,-160723145400,0,38805150635,0,-6603313920,0,811996032,0,-72700320,0,4703754,0,-214500,0,6545,0,-120,0,1 # liftE_full r=24
177541608007,0,-255868139970,0,167836273837,0,-66252129156,0,17527201597,0,-3273677964,0,442639322,0,-43655400,0,3117001,0,-157140,0,5310,0,-108,0,1 # liftE_full r=24
1556135182477,0,-1908478519574,0,1061932229273,0,-354391385304,0,78981982046,0,-12381855948,0,1399901910,0,-115008432,0,6814350,0,-284020,0,7906,0,-132,0,1 # liftE_full r=24
109344259291,0,-170811988146,0,120660199997,0,-50937552396,0,14306443595,0,-2815318944,0,397943328,0,-40706496,0,2990994,0,-153990,0,5275,0,-108,0,1 # liftE_full r=24
170521,0,-144274,0,-241859,0,215414,0,64760,0,-85802,0,6426,0,10684,0,-2738,0,-200,0,160,0,-22,0,1 # liftE_full r=16
6371977206337,0,-6739321282752,0,3250670559752,0,-945473749632,0,184675686648,0,-25519393872,0,2558060730,0,-187416768,0,9960674,0,-374520,0,9457,0,-144,0,1 # liftE_full r=24
1971888496795981,0,-1280877038431376,0,380064354906763,0,-68118215966678,0,8213188296206,0,-701836144402,0,43583788254,0,-1981804684,0,65488750,0,-1533760,0,24166,0,-230,0,1 # liftE_full r=24
6006626809471,0,-6415740823848,0,3122555665015,0,-915616443408,0,180140370155,0,-25050235392,0,2524589376,0,-185790528,0,9909174,0,-373560,0,9449,0,-144,0,1 # liftE_full r=24
149093141401,0,-221169582486,0,148980506079,0,-60242118156,0,16283198875,0,-3098976624,0,425782504,0,-42551856,0,3070084,0,-155970,0,5297,0,-108,0,1 # liftE_full r=24
119183621761,0,-183526756704,0,127938291680,0,-53365939776,0,14829159300,0,-2891135916,0,405446754,0,-41206896,0,3012524,0,-154530,0,5281,0,-108,0,1 # liftE_full r=24
17499792493,0,-33001867184,0,27984515451,0,-14095251744,0,4692542153,0,-1087063840,0,179602982,0,-21321280,0,1805401,0,-106400,0,4146,0,-96,0,1 # liftE_full r=24
115826336641,0,-179208131616,0,125476544544,0,-52547604480,0,14653574284,0,-2865735828,0,402938206,0,-41039856,0,3005344,0,-154350,0,5279,0,-108,0,1 # liftE_full r=24
87558561133,0,-141971287518,0,103785931875,0,-45197208828,0,13050126163,0,-2630586564,0,379464350,0,-39464568,0,2937295,0,-152640,0,5260,0,-108,0,1 # liftE_full r=24
17290039104751771,0,-9316103804164824,0,2295502486512825,0,-342024800151874,0,34320908689588,0,-2443502807318,0,126563235938,0,-4805312132,0,132731786,0,-2601228,0,34332,0,-274,0,1 # liftE_full r=24
485190218611,0,-656977669180,0,403473126259,0,-148561672280,0,36517847807,0,-6311924360,0,786533406,0,-71193200,0,4645915,0,-213200,0,6532,0,-120,0,1 # liftE_full r=24
-32780096,0,165106464,0,-171469984,0,61238752,0,8135440,0,-15510824,0,6579903,0,-1580145,0,243596,0,-24674,0,1596,0,-60,0,1 # liftE_full r=22
21250043767,0,-38789869232,0,31918669291,0,-15644019424,0,5083162967,0,-1152966304,0,187133262,0,-21896896,0,1833595,0,-107200,0,4156,0,-96,0,1 # liftE_full r=24
2062557875281,0,-2413322473474,0,1286215196719,0,-412847135844,0,88877680475,0,-13518565456,0,1489623464,0,-119813584,0,6981484,0,-287430,0,7937,0,-132,0,1 # liftE_full r=24
5574625272091,0,-6028859985816,0,2967847744529,0,-879245299728,0,174574097835,0,-24470843904,0,2483049792,0,-183764928,0,9844874,0,-372360,0,9439,0,-144,0,1 # liftE_full r=24
95747828197,0,-152951358546,0,110283781433,0,-47429786376,0,13542887246,0,-2703544452,0,386801430,0,-39959568,0,2958750,0,-153180,0,5266,0,-108,0,1 # liftE_full r=24
542590567471,0,-721123991660,0,435353163583,0,-157836848400,0,38266715210,0,-6535183640,0,806074394,0,-72351200,0,4690390,0,-214200,0,6542,0,-120,0,1 # liftE_full r=24
709171,0,380918,0,-637269,0,-255542,0,214982,0,55050,0,-33090,0,-4780,0,2446,0,168,0,-82,0,-2,0,1 # liftE_full r=12
746446283584,0,-932901211872,0,532783304272,0,-183857686432,0,42699366364,0,-7030859668,0,841662585,0,-73806796,0,4705556,0,-212716,0,6472,0,-119,0,1 # liftE_full r=24
30232319041,0,-52016971648,0,40537307128,0,-18913312512,0,5882069240,0,-1284312352,0,201843782,0,-23005312,0,1887394,0,-108720,0,4175,0,-96,0,1 # liftE_full r=24
618815819077,0,-804599799660,0,476091483583,0,-169500981360,0,40436078534,0,-6809001240,0,829827354,0,-73749600,0,4743870,0,-215400,0,6554,0,-120,0,1 # liftE_full r=24
20106122401,0,-37029757568,0,30725764136,0,-15175652352,0,4965310880,0,-1133122272,0,184869306,0,-21724032,0,1825134,0,-106960,0,4153,0,-96,0,1 # liftE_full r=24
21699738061,0,-39459182512,0,32358879355,0,-15812346720,0,5124572699,0,-1159811200,0,187903064,0,-21955072,0,1836424,0,-107280,0,4157,0,-96,0,1 # liftE_full r=24
2117161706353,0,-2466610198998,0,1309437947533,0,-418797647796,0,89870358779,0,-13631211924,0,1498429218,0,-120281832,0,6997695,0,-287760,0,7940,0,-132,0,1 # liftE_full r=24
138943203631,0,-208598861322,0,142055666893,0,-58008529440,0,15816175156,0,-3032842932,0,419359550,0,-42129360,0,3052066,0,-155520,0,5292,0,-108,0,1 # liftE_full r=24
27123474511,0,-47520247152,0,37654872535,0,-17835760992,0,5622046955,0,-1242006528,0,197144256,0,-22653312,0,1870374,0,-108240,0,4169,0,-96,0,1 # liftE_full r=24
5247970522081,0,-5732999813184,0,2848334750296,0,-850897727232,0,170202668048,0,-24012951984,0,2450057478,0,-182150208,0,9793494,0,-371400,0,9431,0,-144,0,1 # liftE_full r=24
356703839806021,0,-267956034735330,0,91895141842211,0,-19025587389340,0,2648472498804,0,-261159125790,0,18705215633,0,-980512662,0,37333813,0,-1006992,0,18264,0,-200,0,1 # liftE_full r=24
63673,0,72500,0,-93963,0,-81296,0,54671,0,25986,0,-13266,0,-3088,0,1423,0,138,0,-64,0,-2,0,1 # liftE_full r=12
-15539,0,7472,0,314987,0,421974,0,-13714,0,-239662,0,-90210,0,14732,0,16750,0,4480,0,582,0,38,0,1 # liftE_full r=6
6606960915241,0,-6946251525816,0,3332181477085,0,-964384674096,0,187537197553,0,-25814459088,0,2579058314,0,-188435040,0,9992881,0,-375120,0,9462,0,-144,0,1 # liftE_full r=24
696735459841,0,-888090485440,0,516048324272,0,-180746604000,0,42497083100,0,-7065994680,0,851907378,0,-75040320,0,4793004,0,-216500,0,6565,0,-120,0,1 # liftE_full r=24
23792583871,0,-42619468304,0,34464702881,0,-16626872640,0,5326925450,0,-1193529120,0,191718822,0,-22244736,0,1850550,0,-107680,0,4162,0,-96,0,1 # liftE_full r=24
268913,0,-639120,0,157638,0,320728,0,-154650,0,-41760,0,34432,0,-1100,0,-2665,0,432,0,48,0,-16,0,1 # liftE_full r=16
25627332529,0,-45338754080,0,36246590146,0,-17306072416,0,5493571243,0,-1221016288,0,194805050,0,-22477696,0,1861870,0,-108000,0,4166,0,-96,0,1 # liftE_full r=24
-16351,0,-76820,0,982700,0,-87876,0,-826517,0,476700,0,-15168,0,-71036,0,29954,0,-6008,0,670,0,-40,0,1 # liftE_full r=18
19719466201,0,-36436617984,0,30324824240,0,-15018585536,0,4925862766,0,-1126489856,0,184113488,0,-21666368,0,1822313,0,-106880,0,4152,0,-96,0,1 # liftE_full r=24
605853644761,0,-790461814080,0,469216677104,0,-167538830640,0,40072134766,0,-6763167040,0,825858384,0,-73516240,0,4734953,0,-215200,0,6552,0,-120,0,1 # liftE_full r=24
16839441529,0,-31955882080,0,27256730886,0,-13802800768,0,4617484084,0,-1074219552,0,178119222,0,-21206976,0,1799775,0,-106240,0,4144,0,-96,0,1 # liftE_full r=24
1676112170041,0,-2030185949748,0,1116847918202,0,-368899308932,0,81466377331,0,-12669947312,0,1422810584,0,-116242016,0,6857408,0,-284900,0,7914,0,-132,0,1 # liftE_full r=24
-6719,0,33772,0,233110,0,-353960,0,-118821,0,114524,0,34054,0,-11008,0,-4322,0,68,0,178,0,24,0,1 # liftE_full r=10
1770536299393,0,-2125053371760,0,1159283973056,0,-380025203976,0,83359233862,0,-12888263696,0,1440097296,0,-117169976,0,6889733,0,-285560,0,7920,0,-132,0,1 # liftE_full r=24
6139789958701,0,-6534354615600,0,3169758453218,0,-926666401920,0,181825289240,0,-25225086096,0,2537095170,0,-186399264,0,9928475,0,-373920,0,9452,0,-144,0,1 # liftE_full r=24
5713,0,33484,0,-39094,0,-182392,0,9351,0,79804,0,10086,0,-11168,0,-2906,0,308,0,190,0,24,0,1 # liftE_full r=8
453254020913,0,-620742084360,0,385217331018,0,-143186390680,0,35493905767,0,-6180102760,0,774919046,0,-70501600,0,4619270,0,-212600,0,6526,0,-120,0,1 # liftE_full r=24
567389343241,0,-748416625320,0,448731482066,0,-161682041080,0,38984203027,0,-6625988320,0,813968072,0,-72816640,0,4708208,0,-214600,0,6546,0,-120,0,1 # liftE_full r=24
1869352075361,0,-2223434372412,0,1202933861894,0,-391387482244,0,85280462419,0,-13108729040,0,1457484328,0,-118100576,0,6922088,0,-286220,0,7926,0,-132,0,1 # liftE_full r=24
3508245761715289,0,-2159870718599748,0,608050205129990,0,-103503913114672,0,11864922088243,0,-964928763876,0,57086745990,0,-2475500640,0,78090406,0,-1747628,0,26338,0,-240,0,1 # liftE_full r=24
30772181881,0,-52791599616,0,41030224928,0,-19096383936,0,5925997966,0,-1291426304,0,202631136,0,-23064128,0,1890233,0,-108800,0,4176,0,-96,0,1 # liftE_full r=24
2171921327191981,0,-1400043618849184,0,412234039002310,0,-73312980644616,0,8770741443106,0,-743601631976,0,45812002468,0,-2066474844,0,67734659,0,-1573368,0,24584,0,-232,0,1 # liftE_full r=24
31428190775415953,0,-16112362541819700,0,3777431556226414,0,-535504995230016,0,51126454442955,0,-3463181812852,0,170663580646,0,-6164838496,0,162008782,0,-3020668,0,37930,0,-288,0,1 # liftE_full r=24
5287727874521,0,-5769203020416,0,2863029450480,0,-854397891744,0,170744365166,0,-24069861504,0,2454167568,0,-182351712,0,9799913,0,-371520,0,9432,0,-144,0,1 # liftE_full r=24
10746526743672721,0,-6039539574334172,0,1551475263745110,0,-240892117676360,0,25178064617579,0,-1866277557804,0,100594182534,0,-3972756672,0,114091918,0,-2323668,0,31858,0,-264,0,1 # liftE_full r=24
2117161617761,0,-2466610164348,0,1309437942570,0,-418797647488,0,89870358772,0,-13631211924,0,1498429218,0,-120281832,0,6997695,0,-287760,0,7940,0,-132,0,1 # liftE_full r=24
6040978835692781,0,-3567307881255216,0,962633120032174,0,-156963599878008,0,17224243338696,0,-1340036080432,0,75790840558,0,-3139936744,0,94569451,0,-2019388,0,29020,0,-252,0,1 # liftE_full r=24
-9239,0,54424,0,250598,0,-26728,0,-165948,0,41032,0,24870,0,-8168,0,-1097,0,548,0,-8,0,-12,0,1 # liftE_full r=14
5448554778773,0,-5915327692752,0,2922221898750,0,-868472121600,0,172919224560,0,-24298058736,0,2470631822,0,-183158304,0,9825595,0,-372000,0,9436,0,-144,0,1 # liftE_full r=24
6051120341393,0,-6455354868720,0,3138313628394,0,-919303934352,0,180702463667,0,-25108550208,0,2528759304,0,-185993472,0,9915608,0,-373680,0,9450,0,-144,0,1 # liftE_full r=24
394615673929,0,-553066155000,0,350592880150,0,-132852085240,0,33502268131,0,-5921225960,0,751937766,0,-69125600,0,4566070,0,-211400,0,6514,0,-120,0,1 # liftE_full r=24
163988305778081,0,-131830610594572,0,48354378740796,0,-10700925434720,0,1591379657019,0,-167547702596,0,12806043788,0,-715965732,0,29060246,0,-835132,0,16130,0,-188,0,1 # liftE_full r=24
87558529241,0,-141971270508,0,103785928662,0,-45197208576,0,13050126156,0,-2630586564,0,379464350,0,-39464568,0,2937295,0,-152640,0,5260,0,-108,0,1 # liftE_full r=24
155194174801,0,-228721656852,0,153139026090,0,-61583038272,0,16563514372,0,-3138665436,0,429636738,0,-42805368,0,3080895,0,-156240,0,5300,0,-108,0,1 # liftE_full r=24
461500621,0,-1401204132,0,1791104112,0,-1296632296,0,598710083,0,-187272484,0,40948020,0,-6338780,0,692390,0,-52228,0,2590,0,-76,0,1 # liftE_full r=24
117480998593,0,-181342763280,0,126696523296,0,-52954080984,0,14740960262,0,-2878397424,0,404190256,0,-41123304,0,3008933,0,-154440,0,5280,0,-108,0,1 # liftE_full r=24
1972721397241,0,-2325425655168,0,1247821233848,0,-402989171816,0,87230277022,0,-13331351264,0,1474971800,0,-119033816,0,6954473,0,-286880,0,7932,0,-132,0,1 # liftE_full r=24
-140447,0,622340,0,557454,0,-958384,0,-1046245,0,45732,0,453606,0,252576,0,68542,0,10668,0,970,0,48,0,1 # liftE_full r=6
127922472721,0,-194676418548,0,134247532854,0,-55449831276,0,15273846419,0,-2955175920,0,411749288,0,-41625504,0,3030488,0,-154980,0,5286,0,-108,0,1 # liftE_full r=24
2080810599841,0,-2431125681732,0,1293969992210,0,-414833316612,0,89208892051,0,-13556138288,0,1492559832,0,-119969696,0,6986888,0,-287540,0,7938,0,-132,0,1 # liftE_full r=24
21250023733,0,-38789857248,0,31918666750,0,-15644019200,0,5083162960,0,-1152966304,0,187133262,0,-21896896,0,1833595,0,-107200,0,4156,0,-96,0,1 # liftE_full r=24
195133,0,-593276,0,684,0,812516,0,86003,0,-333116,0,-124452,0,17948,0,20182,0,5168,0,642,0,40,0,1 # liftE_full r=8
4973823050329,0,-5482615919760,0,2746431926406,0,-826567637952,0,166429580884,0,-23615888688,0,2421342582,0,-180741024,0,9748575,0,-370560,0,9424,0,-144,0,1 # liftE_full r=24
1902589721341,0,-2256466031468,0,1217565665794,0,-395190784912,0,85922771728,0,-13182361060,0,1463286698,0,-118410952,0,6932875,0,-286440,0,7928,0,-132,0,1 # liftE_full r=24
-4031,0,259436,0,-529242,0,198344,0,179492,0,-121548,0,-1938,0,16128,0,-3161,0,-372,0,196,0,-24,0,1 # liftE_full r=18
11593,0,220896,0,380702,0,-136172,0,-206777,0,67536,0,27126,0,-10416,0,-1010,0,608,0,-14,0,-12,0,1 # liftE_full r=12
463984408441,0,-632896725120,0,391331958656,0,-144984520240,0,35836069006,0,-6224114560,0,778794176,0,-70732240,0,4628153,0,-212800,0,6528,0,-120,0,1 # liftE_full r=24
18825447976910281,0,-10073810453046144,0,2465068909548350,0,-364739826523828,0,36344757653575,0,-2569431123504,0,132146948214,0,-4981744080,0,136625038,0,-2658368,0,34834,0,-276,0,1 # liftE_full r=24
354061,0,-694144,0,62094,0,430328,0,-76504,0,-104928,0,11598,0,11784,0,-389,0,-612,0,-20,0,12,0,1 # liftE_full r=12
5206681760281,0,-5695685227824,0,2833291299490,0,-847335780816,0,169654214687,0,-23955575472,0,2445927462,0,-181948224,0,9787070,0,-371280,0,9430,0,-144,0,1 # liftE_full r=24
2795127149357201,0,-1757718883483116,0,505215587410140,0,-87764994441616,0,10262982421707,0,-851078231460,0,51321618172,0,-2267501284,0,72850598,0,-1659852,0,25458,0,-236,0,1 # liftE_full r=24
2351530080901,0,-2692126134060,0,1406484932482,0,-443390669744,0,93934293256,0,-14088764228,0,1533974618,0,-122163272,0,7062635,0,-289080,0,7952,0,-132,0,1 # liftE_full r=24
20329,0,30548,0,-47130,0,-40768,0,40643,0,13076,0,-12410,0,-1120,0,1366,0,28,0,-62,0,0,0,1 # liftE_full r=12
6214706600237521,0,-3652412974250432,0,981335303973526,0,-159391431735032,0,17430422242748,0,-1352004622080,0,76271794598,0,-3153147816,0,94806847,0,-2021908,0,29032,0,-252,0,1 # liftE_full r=24
5787079784641,0,-6219759681216,0,3044413236936,0,-897292481568,0,177342211094,0,-24759506880,0,2503775672,0,-184776672,0,9877013,0,-372960,0,9444,0,-144,0,1 # liftE_full r=24
496542206161,0,-669692401080,0,409804998854,0,-150407141880,0,36866346547,0,-6356469280,0,790436088,0,-71424640,0,4654808,0,-213400,0,6534,0,-120,0,1 # liftE_full r=24
-96599,0,-294256,0,-21330,0,413828,0,187175,0,-134176,0,-93386,0,-2800,0,10798,0,3568,0,514,0,36,0,1 # liftE_full r=6
459561615186793,0,-337492722683872,0,113189869969330,0,-22924721134924,0,3122762060859,0,-301400535800,0,21135282358,0,-1084952912,0,40464502,0,-1069328,0,19006,0,-204,0,1 # liftE_full r=24
139126025081,0,-208783023552,0,142135457688,0,-58027933944,0,15819070622,0,-3033114336,0,419375160,0,-42129864,0,3052073,0,-155520,0,5292,0,-108,0,1 # liftE_full r=24
31843115921,0,-54330513504,0,42010854534,0,-19461063904,0,6013604647,0,-1305627360,0,204204090,0,-23181696,0,1895910,0,-108960,0,4178,0,-96,0,1 # liftE_full r=24
6303112800527369,0,-3695567719968432,0,990788905577314,0,-160615283948028,0,17534111529531,0,-1358011986184,0,76512825334,0,-3159760912,0,94925590,0,-2023168,0,29038,0,-252,0,1 # liftE_full r=24
518979661201,0,-694885799000,0,422378547150,0,-154078673720,0,37560772843,0,-6445344360,0,798230406,0,-71887200,0,4672590,0,-213800,0,6538,0,-120,0,1 # liftE_full r=24
542590511401,0,-721123966600,0,435353159530,0,-157836848120,0,38266715203,0,-6535183640,0,806074394,0,-72351200,0,4690390,0,-214200,0,6542,0,-120,0,1 # liftE_full r=24
95747795353,0,-152951341284,0,110283778206,0,-47429786124,0,13542887239,0,-2703544452,0,386801430,0,-39959568,0,2958750,0,-153180,0,5266,0,-108,0,1 # liftE_full r=24
3400389127306753,0,-2104518696369844,0,595303939914626,0,-101769570480800,0,11710503610695,0,-955528335172,0,56690492550,0,-2464080256,0,77875030,0,-1745228,0,26326,0,-240,0,1 # liftE_full r=24
5532710796361,0,-5991093725904,0,2952663210462,0,-875658455952,0,174022930067,0,-24413280192,0,2478911800,0,-183562752,0,9838448,0,-372240,0,9438,0,-144,0,1 # liftE_full r=24
168342331529,0,-244756824660,0,161851334694,0,-64359387324,0,17138059419,0,-3219334524,0,437419018,0,-43314768,0,3102550,0,-156780,0,5306,0,-108,0,1 # liftE_full r=24
356646699829001,0,-267927489705768,0,91888880438118,0,-19024800256840,0,2648410521126,0,-261155998512,0,18705116968,0,-980510884,0,37333799,0,-1006992,0,18264,0,-200,0,1 # liftE_full r=24
485190162541,0,-656977644120,0,403473122206,0,-148561672000,0,36517847800,0,-6311924360,0,786533406,0,-71193200,0,4645915,0,-213200,0,6532,0,-120,0,1 # liftE_full r=24
87558529241,0,-141971270508,0,103785928662,0,-45197208576,0,13050126156,0,-2630586564,0,379464350,0,-39464568,0,2937295,0,-152640,0,5260,0,-108,0,1 # liftE_full r=24
605853644761,0,-790461814080,0,469216677104,0,-167538830640,0,40072134766,0,-6763167040,0,825858384,0,-73516240,0,4734953,0,-215200,0,6552,0,-120,0,1 # liftE_full r=24
3400389127306753,0,-2104518696369844,0,595303939914626,0,-101769570480800,0,11710503610695,0,-955528335172,0,56690492550,0,-2464080256,0,77875030,0,-1745228,0,26326,0,-240,0,1 # liftE_full r=24
1869352075361,0,-2223434372412,0,1202933861894,0,-391387482244,0,85280462419,0,-13108729040,0,1457484328,0,-118100576,0,6922088,0,-286220,0,7926,0,-132,0,1 # liftE_full r=24
542590511401,0,-721123966600,0,435353159530,0,-157836848120,0,38266715203,0,-6535183640,0,806074394,0,-72351200,0,4690390,0,-214200,0,6542,0,-120,0,1 # liftE_full r=24
27616628593,0,-48240788640,0,38120928074,0,-18011367008,0,5664706867,0,-1248985472,0,197922824,0,-22711808,0,1873208,0,-108320,0,4170,0,-96,0,1 # liftE_full r=24
-586571,0,3898460,0,-5721272,0,785360,0,4627627,0,-4714724,0,2293516,0,-670908,0,126086,0,-15388,0,1182,0,-52,0,1 # liftE_full r=22
6214706600237521,0,-3652412974250432,0,981335303973526,0,-159391431735032,0,17430422242748,0,-1352004622080,0,76271794598,0,-3153147816,0,94806847,0,-2021908,0,29032,0,-252,0,1 # liftE_full r=24
18605582724990661,0,-9975842409474568,0,2445478400359774,0,-362424670061176,0,36165697622352,0,-2559960623672,0,131800054126,0,-4973054936,0,136482595,0,-2656988,0,34828,0,-276,0,1 # liftE_full r=24
6051120341393,0,-6455354868720,0,3138313628394,0,-919303934352,0,180702463667,0,-25108550208,0,2528759304,0,-185993472,0,9915608,0,-373680,0,9450,0,-144,0,1 # liftE_full r=24
3944328294716461,0,-2421129873538468,0,678738453776028,0,-114909588634480,0,13084698619235,0,-1055737407460,0,61889992744,0,-2656048156,0,82817586,0,-1829748,0,27190,0,-244,0,1 # liftE_full r=24
5699719123561,0,-6141694233744,0,3013257418566,0,-889980603024,0,176224865443,0,-24643347120,0,2495455782,0,-184371264,0,9864150,0,-372720,0,9442,0,-144,0,1 # liftE_full r=24
28594773901,0,-49672089120,0,39048034018,0,-18361153280,0,5749779640,0,-1262916704,0,199478210,0,-22828736,0,1878875,0,-108480,0,4172,0,-96,0,1 # liftE_full r=24
1411659370635221,0,-944382886020112,0,288495353134110,0,-53216358383720,0,6601802202998,0,-580272065128,0,37055153064,0,-1732205300,0,58831595,0,-1415792,0,22916,0,-224,0,1 # liftE_full r=24
139126025081,0,-208783023552,0,142135457688,0,-58027933944,0,15819070622,0,-3033114336,0,419375160,0,-42129864,0,3052073,0,-155520,0,5292,0,-108,0,1 # liftE_full r=24
1770536299393,0,-2125053371760,0,1159283973056,0,-380025203976,0,83359233862,0,-12888263696,0,1440097296,0,-117169976,0,6889733,0,-285560,0,7920,0,-132,0,1 # liftE_full r=24
6127331814803473,0,-3609660630970520,0,971950155651918,0,-158174211019580,0,17327133109199,0,-1346012658536,0,76031133046,0,-3146539760,0,94688134,0,-2020648,0,29026,0,-252,0,1 # liftE_full r=24
463984408441,0,-632896725120,0,391331958656,0,-144984520240,0,35836069006,0,-6224114560,0,778794176,0,-70732240,0,4628153,0,-212800,0,6528,0,-120,0,1 # liftE_full r=24
95747795353,0,-152951341284,0,110283778206,0,-47429786124,0,13542887239,0,-2703544452,0,386801430,0,-39959568,0,2958750,0,-153180,0,5266,0,-108,0,1 # liftE_full r=24
354061,0,-694144,0,62094,0,430328,0,-76504,0,-104928,0,11598,0,11784,0,-389,0,-612,0,-20,0,12,0,1 # liftE_full r=12
6417134947441,0,-6779407687056,0,3266574173094,0,-949186667856,0,185240528647,0,-25577897040,0,2562238650,0,-187619904,0,9967110,0,-374640,0,9458,0,-144,0,1 # liftE_full r=24
11026708258861793,0,-6170220069231324,0,1578825200579786,0,-244274445541688,0,25451779865751,0,-1881422870924,0,101174475366,0,-3987959072,0,114352534,0,-2326308,0,31870,0,-264,0,1 # liftE_full r=24
918533939596561,0,-636387412001804,0,201377999780554,0,-38485517087048,0,4947234425159,0,-450650234364,0,29827545446,0,-1445361504,0,50890726,0,-1269748,0,21310,0,-216,0,1 # liftE_full r=24
1972721397241,0,-2325425655168,0,1247821233848,0,-402989171816,0,87230277022,0,-13331351264,0,1474971800,0,-119033816,0,6954473,0,-286880,0,7932,0,-132,0,1 # liftE_full r=24
20329,0,-82528,0,50034,0,81548,0,-44869,0,-33096,0,9654,0,5712,0,-650,0,-432,0,-2,0,12,0,1 # liftE_full r=12
5713,0,33484,0,-39094,0,-182392,0,9351,0,79804,0,10086,0,-11168,0,-2906,0,308,0,190,0,24,0,1 # liftE_full r=8
567389343241,0,-748416625320,0,448731482066,0,-161682041080,0,38984203027,0,-6625988320,0,813968072,0,-72816640,0,4708208,0,-214600,0,6546,0,-120,0,1 # liftE_full r=24
220603669719721,0,-172311258887188,0,61460820557286,0,-13237247367552,0,1917328256771,0,-196755268948,0,14668156294,0,-800429728,0,31731478,0,-891228,0,16834,0,-192,0,1 # liftE_full r=24
117480998593,0,-181342763280,0,126696523296,0,-52954080984,0,14740960262,0,-2878397424,0,404190256,0,-41123304,0,3008933,0,-154440,0,5280,0,-108,0,1 # liftE_full r=24
14938308001,0,-28920756960,0,25129383598,0,-12942262112,0,4395346171,0,-1036024096,0,173690502,0,-20864896,0,1782910,0,-105760,0,4138,0,-96,0,1 # liftE_full r=24
7003218372361,0,-7291567176816,0,3466933917338,0,-995391458448,0,192195970691,0,-26292037968,0,2612885850,0,-190069824,0,10044470,0,-376080,0,9470,0,-144,0,1 # liftE_full r=24
2080810599841,0,-2431125681732,0,1293969992210,0,-414833316612,0,89208892051,0,-13556138288,0,1492559832,0,-119969696,0,6986888,0,-287540,0,7938,0,-132,0,1 # liftE_full r=24
107759559881,0,-168749851932,0,119472416682,0,-50539069548,0,14220270131,0,-2802772368,0,396697944,0,-40623264,0,2987408,0,-153900,0,5274,0,-108,0,1 # liftE_full r=24
3508245761715289,0,-2159870718599748,0,608050205129990,0,-103503913114672,0,11864922088243,0,-964928763876,0,57086745990,0,-2475500640,0,78090406,0,-1747628,0,26338,0,-240,0,1 # liftE_full r=24
172905759273829,0,-137731185543580,0,50104462585128,0,-11007313059520,0,1626441611227,0,-170288127996,0,12954193596,0,-721435652,0,29192246,0,-837012,0,16142,0,-188,0,1 # liftE_full r=24
-595979,0,328880,0,891534,0,-758344,0,-128416,0,309680,0,-89186,0,-16408,0,15595,0,-4052,0,532,0,-36,0,1 # liftE_full r=18
234361,0,-1413852,0,-1085434,0,2777872,0,-714029,0,-1035132,0,931974,0,-363552,0,82438,0,-11572,0,994,0,-48,0,1 # liftE_full r=20
155194174801,0,-228721656852,0,153139026090,0,-61583038272,0,16563514372,0,-3138665436,0,429636738,0,-42805368,0,3080895,0,-156240,0,5300,0,-108,0,1 # liftE_full r=24
-46199,0,314908,0,-426738,0,57864,0,189347,0,-89012,0,-11738,0,15232,0,-2378,0,-492,0,202,0,-24,0,1 # liftE_full r=18
2231783363929,0,-2577395582300,0,1357302380854,0,-430969350196,0,91887675019,0,-13858896436,0,1516151498,0,-121221232,0,7030150,0,-288420,0,7946,0,-132,0,1 # liftE_full r=24
1800214078214441,0,-1176831653268744,0,351503697331718,0,-63431054825432,0,7702213317252,0,-662983438232,0,41481250950,0,-1900827512,0,63313543,0,-1494948,0,23752,0,-228,0,1 # liftE_full r=24
-1553327,0,-4433636,0,3666144,0,22778044,0,29617387,0,19149564,0,7294932,0,1756636,0,275006,0,27928,0,1774,0,64,0,1 # liftE_full r=2
5787079784641,0,-6219759681216,0,3044413236936,0,-897292481568,0,177342211094,0,-24759506880,0,2503775672,0,-184776672,0,9877013,0,-372960,0,9444,0,-144,0,1 # liftE_full r=24
142913045233,0,-213538039596,0,144787622210,0,-58892854860,0,16001640095,0,-3059171388,0,421921578,0,-42298128,0,3059270,0,-155700,0,5294,0,-108,0,1 # liftE_full r=24
660151270681,0,-849140569480,0,497514854074,0,-175556934560,0,41550117364,0,-6948343640,0,841828394,0,-74452400,0,4770655,0,-216000,0,6560,0,-120,0,1 # liftE_full r=24
738417160736473,0,-520798475625756,0,167767554234628,0,-32640600051736,0,4271829298003,0,-396199698340,0,26702555620,0,-1317691460,0,47252102,0,-1200852,0,20530,0,-212,0,1 # liftE_full r=24
5872506261329,0,-6296439328560,0,3075138988386,0,-904528875024,0,178451362443,0,-24875103312,0,2512071610,0,-185181504,0,9889870,0,-373200,0,9446,0,-144,0,1 # liftE_full r=24
703762331329,0,-895632244200,0,519662928610,0,-181765203640,0,42683964091,0,-7089318040,0,853912634,0,-75157600,0,4797470,0,-216600,0,6566,0,-120,0,1 # liftE_full r=24
5287727874521,0,-5769203020416,0,2863029450480,0,-854397891744,0,170744365166,0,-24069861504,0,2454167568,0,-182351712,0,9799913,0,-371520,0,9432,0,-144,0,1 # liftE_full r=24
954990683588761,0,-657305948586188,0,206760019717902,0,-39303150677624,0,5028457820147,0,-456163187228,0,30086463142,0,-1453669952,0,51065062,0,-1271908,0,21322,0,-216,0,1 # liftE_full r=24
30772181881,0,-52791599616,0,41030224928,0,-19096383936,0,5925997966,0,-1291426304,0,202631136,0,-23064128,0,1890233,0,-108800,0,4176,0,-96,0,1 # liftE_full r=24
-140447,0,622340,0,557454,0,-958384,0,-1046245,0,45732,0,453606,0,252576,0,68542,0,10668,0,970,0,48,0,1 # liftE_full r=6
7374790329597797,0,-4278682198373848,0,1134610320147174,0,-181840350233880,0,19616637840482,0,-1500651792136,0,83472326652,0,-3401645324,0,100794563,0,-2117848,0,29952,0,-256,0,1 # liftE_full r=24
151135513201,0,-223695704268,0,150370477890,0,-60690015468,0,16376775251,0,-3112219152,0,427067992,0,-42636384,0,3073688,0,-156060,0,5298,0,-108,0,1 # liftE_full r=24
-9239,0,54424,0,250598,0,-26728,0,-165948,0,41032,0,24870,0,-8168,0,-1097,0,548,0,-8,0,-12,0,1 # liftE_full r=14
5006944025390861,0,-3002594277645736,0,822828020771102,0,-136253917151256,0,15184766961382,0,-1199841457560,0,68926946640,0,-2900592292,0,88744331,0,-1925152,0,28108,0,-248,0,1 # liftE_full r=24
6051120341393,0,-6455354868720,0,3138313628394,0,-919303934352,0,180702463667,0,-25108550208,0,2528759304,0,-185993472,0,9915608,0,-373680,0,9450,0,-144,0,1 # liftE_full r=24
168342331529,0,-244756824660,0,161851334694,0,-64359387324,0,17138059419,0,-3219334524,0,437419018,0,-43314768,0,3102550,0,-156780,0,5306,0,-108,0,1 # liftE_full r=24
220603669719721,0,-172311258887188,0,61460820557286,0,-13237247367552,0,1917328256771,0,-196755268948,0,14668156294,0,-800429728,0,31731478,0,-891228,0,16834,0,-192,0,1 # liftE_full r=24
2117161617761,0,-2466610164348,0,1309437942570,0,-418797647488,0,89870358772,0,-13631211924,0,1498429218,0,-120281832,0,6997695,0,-287760,0,7940,0,-132,0,1 # liftE_full r=24
469742581283221,0,-343691605465440,0,114881837592494,0,-23197345128376,0,3151479083584,0,-303466820160,0,21238133694,0,-1088449992,0,40542235,0,-1070348,0,19012,0,-204,0,1 # liftE_full r=24
30772181881,0,-52791599616,0,41030224928,0,-19096383936,0,5925997966,0,-1291426304,0,202631136,0,-23064128,0,1890233,0,-108800,0,4176,0,-96,0,1 # liftE_full r=24
567389343241,0,-748416625320,0,448731482066,0,-161682041080,0,38984203027,0,-6625988320,0,813968072,0,-72816640,0,4708208,0,-214600,0,6546,0,-120,0,1 # liftE_full r=24
5532710796361,0,-5991093725904,0,2952663210462,0,-875658455952,0,174022930067,0,-24413280192,0,2478911800,0,-183562752,0,9838448,0,-372240,0,9438,0,-144,0,1 # liftE_full r=24
463984408441,0,-632896725120,0,391331958656,0,-144984520240,0,35836069006,0,-6224114560,0,778794176,0,-70732240,0,4628153,0,-212800,0,6528,0,-120,0,1 # liftE_full r=24
5287727874521,0,-5769203020416,0,2863029450480,0,-854397891744,0,170744365166,0,-24069861504,0,2454167568,0,-182351712,0,9799913,0,-371520,0,9432,0,-144,0,1 # liftE_full r=24
1863876016069453,0,-1211321201923384,0,359885151141918,0,-64634190619896,0,7815188515880,0,-670234412680,0,41803393150,0,-1910609848,0,63507859,0,-1497228,0,23764,0,-228,0,1 # liftE_full r=24
107759559881,0,-168749851932,0,119472416682,0,-50539069548,0,14220270131,0,-2802772368,0,396697944,0,-40623264,0,2987408,0,-153900,0,5274,0,-108,0,1 # liftE_full r=24
19719466201,0,-36436617984,0,30324824240,0,-15018585536,0,4925862766,0,-1126489856,0,184113488,0,-21666368,0,1822313,0,-106880,0,4152,0,-96,0,1 # liftE_full r=24
2231783363929,0,-2577395582300,0,1357302380854,0,-430969350196,0,91887675019,0,-13858896436,0,1516151498,0,-121221232,0,7030150,0,-288420,0,7946,0,-132,0,1 # liftE_full r=24
117480998593,0,-181342763280,0,126696523296,0,-52954080984,0,14740960262,0,-2878397424,0,404190256,0,-41123304,0,3008933,0,-154440,0,5280,0,-108,0,1 # liftE_full r=24
20329,0,-82528,0,50034,0,81548,0,-44869,0,-33096,0,9654,0,5712,0,-650,0,-432,0,-2,0,12,0,1 # liftE_full r=12
1902589721341,0,-2256466031468,0,1217565665794,0,-395190784912,0,85922771728,0,-13182361060,0,1463286698,0,-118410952,0,6932875,0,-286440,0,7928,0,-132,0,1 # liftE_full r=24
10746526743672721,0,-6039539574334172,0,1551475263745110,0,-240892117676360,0,25178064617579,0,-1866277557804,0,100594182534,0,-3972756672,0,114091918,0,-2323668,0,31858,0,-264,0,1 # liftE_full r=24
664553,0,-853556,0,-1005312,0,1020804,0,626531,0,-246596,0,-191316,0,-12292,0,15062,0,4768,0,630,0,40,0,1 # liftE_full r=8
3295297425332641,0,-2050302143717572,0,582760920101518,0,-100055938600720,0,11557399189083,0,-946181064932,0,56295578086,0,-2452679072,0,77659774,0,-1742828,0,26314,0,-240,0,1 # liftE_full r=24
1869352075361,0,-2223434372412,0,1202933861894,0,-391387482244,0,85280462419,0,-13108729040,0,1457484328,0,-118100576,0,6922088,0,-286220,0,7926,0,-132,0,1 # liftE_full r=24
2007487857313,0,-2359667256804,0,1262867118610,0,-406872480740,0,87882129295,0,-13405702772,0,1480807658,0,-119345072,0,6965270,0,-287100,0,7934,0,-132,0,1 # liftE_full r=24
142913045233,0,-213538039596,0,144787622210,0,-58892854860,0,16001640095,0,-3059171388,0,421921578,0,-42298128,0,3059270,0,-155700,0,5294,0,-108,0,1 # liftE_full r=24
5787079784641,0,-6219759681216,0,3044413236936,0,-897292481568,0,177342211094,0,-24759506880,0,2503775672,0,-184776672,0,9877013,0,-372960,0,9444,0,-144,0,1 # liftE_full r=24
182405800501,0,-261678864420,0,170935122242,0,-67223558736,0,17725418456,0,-3301185132,0,445268538,0,-43826328,0,3124235,0,-157320,0,5312,0,-108,0,1 # liftE_full r=24
6139789958701,0,-6534354615600,0,3169758453218,0,-926666401920,0,181825289240,0,-25225086096,0,2537095170,0,-186399264,0,9928475,0,-373920,0,9452,0,-144,0,1 # liftE_full r=24
1972721397241,0,-2325425655168,0,1247821233848,0,-402989171816,0,87230277022,0,-13331351264,0,1474971800,0,-119033816,0,6954473,0,-286880,0,7932,0,-132,0,1 # liftE_full r=24
579659813461,0,-761947811880,0,455376334594,0,-163595046400,0,39341670160,0,-6671283640,0,817909394,0,-73049200,0,4717115,0,-214800,0,6548,0,-120,0,1 # liftE_full r=24
234361,0,-1413852,0,-1085434,0,2777872,0,-714029,0,-1035132,0,931974,0,-363552,0,82438,0,-11572,0,994,0,-48,0,1 # liftE_full r=20
18605582724990661,0,-9975842409474568,0,2445478400359774,0,-362424670061176,0,36165697622352,0,-2559960623672,0,131800054126,0,-4973054936,0,136482595,0,-2656988,0,34828,0,-276,0,1 # liftE_full r=24
2080810599841,0,-2431125681732,0,1293969992210,0,-414833316612,0,89208892051,0,-13556138288,0,1492559832,0,-119969696,0,6986888,0,-287540,0,7938,0,-132,0,1 # liftE_full r=24
6040978835692781,0,-3567307881255216,0,962633120032174,0,-156963599878008,0,17224243338696,0,-1340036080432,0,75790840558,0,-3139936744,0,94569451,0,-2019388,0,29020,0,-252,0,1 # liftE_full r=24
20329,0,-134252,0,-128576,0,268680,0,51043,0,-162820,0,45760,0,8988,0,-5398,0,468,0,98,0,-20,0,1 # liftE_full r=16
5448554778773,0,-5915327692752,0,2922221898750,0,-868472121600,0,172919224560,0,-24298058736,0,2470631822,0,-183158304,0,9825595,0,-372000,0,9436,0,-144,0,1 # liftE_full r=24
151135513201,0,-223695704268,0,150370477890,0,-60690015468,0,16376775251,0,-3112219152,0,427067992,0,-42636384,0,3073688,0,-156060,0,5298,0,-108,0,1 # liftE_full r=24
-79631,0,2676620,0,-6128122,0,3532976,0,2056906,0,-3546592,0,1985572,0,-621348,0,121271,0,-15128,0,1176,0,-52,0,1 # liftE_full r=22
27616628593,0,-48240788640,0,38120928074,0,-18011367008,0,5664706867,0,-1248985472,0,197922824,0,-22711808,0,1873208,0,-108320,0,4170,0,-96,0,1 # liftE_full r=24
139126025081,0,-208783023552,0,142135457688,0,-58027933944,0,15819070622,0,-3033114336,0,419375160,0,-42129864,0,3052073,0,-155520,0,5292,0,-108,0,1 # liftE_full r=24
63281,0,59556,0,-111338,0,-60984,0,70548,0,16156,0,-17282,0,-1232,0,1663,0,28,0,-68,0,0,0,1 # liftE_full r=12
131452593581,0,-199171601892,0,136786718274,0,-56287193328,0,15452293728,0,-2980845900,0,414273418,0,-41793048,0,3037675,0,-155160,0,5288,0,-108,0,1 # liftE_full r=24
6303112800527369,0,-3695567719968432,0,990788905577314,0,-160615283948028,0,17534111529531,0,-1358011986184,0,76512825334,0,-3159760912,0,94925590,0,-2023168,0,29038,0,-252,0,1 # liftE_full r=24
95747795353,0,-152951341284,0,110283778206,0,-47429786124,0,13542887239,0,-2703544452,0,386801430,0,-39959568,0,2958750,0,-153180,0,5266,0,-108,0,1 # liftE_full r=24
703762331329,0,-895632244200,0,519662928610,0,-181765203640,0,42683964091,0,-7089318040,0,853912634,0,-75157600,0,4797470,0,-216600,0,6566,0,-120,0,1 # liftE_full r=24
973,0,51996,0,55118,0,-267848,0,-41888,0,98532,0,21078,0,-11328,0,-3629,0,188,0,184,0,24,0,1 # liftE_full r=8
485190162541,0,-656977644120,0,403473122206,0,-148561672000,0,36517847800,0,-6311924360,0,786533406,0,-71193200,0,4645915,0,-213200,0,6532,0,-120,0,1 # liftE_full r=24
-140447,0,622340,0,557454,0,-958384,0,-1046245,0,45732,0,453606,0,252576,0,68542,0,10668,0,970,0,48,0,1 # liftE_full r=6
24735430721,0,-44009322624,0,35370968456,0,-16970805952,0,5410995094,0,-1207352960,0,193267192,0,-22361408,0,1856213,0,-107840,0,4164,0,-96,0,1 # liftE_full r=24
63281,0,-188208,0,66806,0,155192,0,-57252,0,-51280,0,10758,0,7496,0,-593,0,-492,0,-8,0,12,0,1 # liftE_full r=12
6325124432761,0,-6698035586304,0,3234398787168,0,-941696797344,0,184103943566,0,-25460418816,0,2553862816,0,-187213152,0,9954233,0,-374400,0,9456,0,-144,0,1 # liftE_full r=24
22109167081,0,-40080094176,0,32774254142,0,-15973581408,0,5164750867,0,-1166523008,0,188664120,0,-22012928,0,1839248,0,-107360,0,4158,0,-96,0,1 # liftE_full r=24
5699719123561,0,-6141694233744,0,3013257418566,0,-889980603024,0,176224865443,0,-24643347120,0,2495455782,0,-184371264,0,9864150,0,-372720,0,9442,0,-144,0,1 # liftE_full r=24
5206681760281,0,-5695685227824,0,2833291299490,0,-847335780816,0,169654214687,0,-23955575472,0,2445927462,0,-181948224,0,9787070,0,-371280,0,9430,0,-144,0,1 # liftE_full r=24
4973823050329,0,-5482615919760,0,2746431926406,0,-826567637952,0,166429580884,0,-23615888688,0,2421342582,0,-180741024,0,9748575,0,-370560,0,9424,0,-144,0,1 # liftE_full r=24
496542206161,0,-669692401080,0,409804998854,0,-150407141880,0,36866346547,0,-6356469280,0,790436088,0,-71424640,0,4654808,0,-213400,0,6534,0,-120,0,1 # liftE_full r=24
10885869232624093,0,-6104601159623116,0,1565104983613038,0,-242579097389112,0,25314681239312,0,-1873841360692,0,100884126358,0,-3980355232,0,114222211,0,-2324988,0,31864,0,-264,0,1 # liftE_full r=24
518979661201,0,-694885799000,0,422378547150,0,-154078673720,0,37560772843,0,-6445344360,0,798230406,0,-71887200,0,4672590,0,-213800,0,6538,0,-120,0,1 # liftE_full r=24
11593,0,220896,0,380702,0,-136172,0,-206777,0,67536,0,27126,0,-10416,0,-1010,0,608,0,-14,0,-12,0,1 # liftE_full r=12
530981843393,0,-708179810400,0,428932916120,0,-155972232560,0,37915665814,0,-6490424800,0,802160680,0,-72119440,0,4681493,0,-214000,0,6540,0,-120,0,1 # liftE_full r=24
127922472721,0,-194676418548,0,134247532854,0,-55449831276,0,15273846419,0,-2955175920,0,411749288,0,-41625504,0,3030488,0,-154980,0,5286,0,-108,0,1 # liftE_full r=24
-96599,0,-294256,0,-21330,0,413828,0,187175,0,-134176,0,-93386,0,-2800,0,10798,0,3568,0,514,0,36,0,1 # liftE_full r=6
10930015651379437,0,-6125231457470796,0,1569434559095778,0,-243116451767336,0,25358359445550,0,-1876270925748,0,100977783566,0,-3982825824,0,114264891,0,-2325424,0,31866,0,-264,0,1 # liftE_full r=24
-23939,0,-9600,0,337776,0,-317992,0,-130299,0,106644,0,32034,0,-10896,0,-4128,0,104,0,180,0,24,0,1 # liftE_full r=10
6049493940781,0,-6454192226832,0,3137953520022,0,-919240831008,0,180695622294,0,-25108080336,0,2528739338,0,-185992992,0,9915603,0,-373680,0,9450,0,-144,0,1 # liftE_full r=24
24743919201,0,-44019391680,0,35376075468,0,-16972250400,0,5411244009,0,-1207379712,0,193268944,0,-22361472,0,1856214,0,-107840,0,4164,0,-96,0,1 # liftE_full r=24
464044339261,0,-632951225280,0,391353267264,0,-144989194600,0,35836697865,0,-6224167680,0,778796928,0,-70732320,0,4628154,0,-212800,0,6528,0,-120,0,1 # liftE_full r=24
1775327519420677,0,-1163654748501840,0,348368312747742,0,-62989588568640,0,7661484916485,0,-660411205968,0,41368642040,0,-1897453620,0,63247344,0,-1494180,0,23748,0,-228,0,1 # liftE_full r=24
1868573833057,0,-2222821206012,0,1202724830946,0,-391347225544,0,85275673074,0,-13108368636,0,1457467574,0,-118100136,0,6922083,0,-286220,0,7926,0,-132,0,1 # liftE_full r=24
5288031383181,0,-5769423785664,0,2863098863496,0,-854410208688,0,170745713865,0,-24069954816,0,2454171552,0,-182351808,0,9799914,0,-371520,0,9432,0,-144,0,1 # liftE_full r=24
496604908801,0,-669748780800,0,409826826240,0,-150411890720,0,36866981268,0,-6356522640,0,790438844,0,-71424720,0,4654809,0,-213400,0,6534,0,-120,0,1 # liftE_full r=24
6051452400897,0,-6455591032320,0,3138386451264,0,-919316647872,0,180703837908,0,-25108644384,0,2528763300,0,-185993568,0,9915609,0,-373680,0,9450,0,-144,0,1 # liftE_full r=24
1770682648897,0,-2125170475560,0,1159324431936,0,-380033083276,0,83360179593,0,-12888335328,0,1440100640,0,-117170064,0,6889734,0,-285560,0,7920,0,-132,0,1 # liftE_full r=24
1499140350361,0,-1850064102876,0,1035330580626,0,-347306388968,0,77760279210,0,-12239374620,0,1388520966,0,-114393576,0,6792843,0,-283580,0,7902,0,-132,0,1 # liftE_full r=24
151163884801,0,-223723700352,0,150382391184,0,-60692869296,0,16377196020,0,-3112258248,0,427070228,0,-42636456,0,3073689,0,-156060,0,5298,0,-108,0,1 # liftE_full r=24
-13283,0,42876,0,135618,0,-244664,0,-53250,0,91428,0,19406,0,-11136,0,-3429,0,224,0,186,0,24,0,1 # liftE_full r=10
6146651341502317,0,-3619864646668392,0,974338446041814,0,-158501219357608,0,17356193001765,0,-1347766438272,0,76104007376,0,-3148600308,0,94726104,0,-2021060,0,29028,0,-252,0,1 # liftE_full r=24
-23939,0,25248,0,171924,0,-13828,0,-111507,0,23376,0,19650,0,-5712,0,-1104,0,464,0,0,0,-12,0,1 # liftE_full r=14
924135331240801,0,-639617192047680,0,202213632637980,0,-38613271603560,0,4960015652889,0,-451524569076,0,29868962626,0,-1446702960,0,50919156,0,-1270104,0,21312,0,-216,0,1 # liftE_full r=24
3311701178710861,0,-2058789361132992,0,584731691778840,0,-100326402212000,0,11581693301253,0,-947673473196,0,56359076034,0,-2454526704,0,77694960,0,-1743224,0,26316,0,-240,0,1 # liftE_full r=24
6325466442301,0,-6698277037440,0,3234472766928,0,-941709644208,0,184105326345,0,-25460513280,0,2553866816,0,-187213248,0,9954234,0,-374400,0,9456,0,-144,0,1 # liftE_full r=24
959352543750529,0,-659941129981716,0,207469235657226,0,-39415266293884,0,5039998103961,0,-456971999928,0,30125577380,0,-1454959428,0,51092808,0,-1272260,0,21324,0,-216,0,1 # liftE_full r=24
-289007,0,535776,0,-138390,0,-250256,0,129600,0,33756,0,-25888,0,-1596,0,2139,0,20,0,-78,0,0,0,1 # liftE_full r=14
17868597669761001,0,-9644555256776532,0,2378649154132170,0,-354457636294656,0,35544087408024,0,-2526792818508,0,130574309208,0,-4942074420,0,135970059,0,-2651976,0,34806,0,-276,0,1 # liftE_full r=24
-146483,0,426684,0,48486,0,-349068,0,-41283,0,100464,0,21152,0,-10788,0,-3588,0,156,0,180,0,24,0,1 # liftE_full r=10
5785501289037,0,-6218622818496,0,3044058826824,0,-897230040048,0,177335412309,0,-24759038448,0,2503755726,0,-184776192,0,9877008,0,-372960,0,9444,0,-144,0,1 # liftE_full r=24
22117043521,0,-40089613824,0,32779162464,0,-15974988928,0,5164996068,0,-1166549568,0,188665868,0,-22012992,0,1839249,0,-107360,0,4158,0,-96,0,1 # liftE_full r=24
107782203201,0,-168773492160,0,119482983792,0,-50541707376,0,14220671940,0,-2802810600,0,396700164,0,-40623336,0,2987409,0,-153900,0,5274,0,-108,0,1 # liftE_full r=24
27625764097,0,-48251427840,0,38126238144,0,-18012848768,0,5664959508,0,-1249012416,0,197924580,0,-22711872,0,1873209,0,-108320,0,4170,0,-96,0,1 # liftE_full r=24
5050347827977,0,-5552839467504,0,2775132763626,0,-833445451872,0,167499530562,0,-23728776048,0,2429522942,0,-181143072,0,9761403,0,-370800,0,9426,0,-144,0,1 # liftE_full r=24
1676253268801,0,-2030299888320,0,1116887597232,0,-368907087824,0,81467315940,0,-12670018680,0,1422813924,0,-116242104,0,6857409,0,-284900,0,7914,0,-132,0,1 # liftE_full r=24
24695104717,0,-43960884864,0,35346125544,0,-16963712672,0,5409763509,0,-1207219872,0,193258446,0,-22361088,0,1856208,0,-107840,0,4164,0,-96,0,1 # liftE_full r=24
567457876801,0,-748476892800,0,448754367840,0,-161686940320,0,38984849508,0,-6626042160,0,813970836,0,-72816720,0,4708209,0,-214600,0,6546,0,-120,0,1 # liftE_full r=24
1869503820801,0,-2223554699520,0,1202975109072,0,-391395462480,0,85281415284,0,-13108800936,0,1457487676,0,-118100664,0,6922089,0,-286220,0,7926,0,-132,0,1 # liftE_full r=24
127947859201,0,-194702175360,0,134258761872,0,-55452576240,0,15274257684,0,-2955214584,0,411751516,0,-41625576,0,3030489,0,-154980,0,5286,0,-108,0,1 # liftE_full r=24
2080973583361,0,-2431252631808,0,1294012841424,0,-414841500304,0,89209859220,0,-13556210712,0,1492563188,0,-119969784,0,6986889,0,-287540,0,7938,0,-132,0,1 # liftE_full r=24
238141,0,-210816,0,-2022816,0,2458144,0,-67155,0,-1369524,0,1024130,0,-378768,0,83952,0,-11656,0,996,0,-48,0,1 # liftE_full r=20
3358705396222513,0,-2083570149092976,0,590572301966250,0,-101137094261744,0,11655102097200,0,-952205792796,0,56552347472,0,-2460148644,0,77801739,0,-1744420,0,26322,0,-240,0,1 # liftE_full r=24
10281376990998901,0,-5820337556284572,0,1505131385828238,0,-235103305579460,0,24704956322733,0,-1839841707360,0,99571366608,0,-3945698652,0,113623500,0,-2318876,0,31836,0,-264,0,1 # liftE_full r=24
161955361,0,-561456588,0,813770922,0,-660755684,0,338494041,0,-116323464,0,27707396,0,-4638396,0,544488,0,-43900,0,2316,0,-72,0,1 # liftE_full r=24
139152873021,0,-208809884448,0,142147026036,0,-58030733124,0,15819486633,0,-3033153216,0,419377392,0,-42129936,0,3052074,0,-155520,0,5292,0,-108,0,1 # liftE_full r=24
5286177610561,0,-5768081440992,0,2862678435060,0,-854335845936,0,170737591905,0,-24069393936,0,2454147634,0,-182351232,0,9799908,0,-371520,0,9432,0,-144,0,1 # liftE_full r=24
403901988157,0,-563895625920,0,356185231296,0,-134534869000,0,33828829725,0,-5963914680,0,755744178,0,-69354240,0,4574928,0,-211600,0,6516,0,-120,0,1 # liftE_full r=24
117504984097,0,-181367446680,0,126707418576,0,-52956772164,0,14741366793,0,-2878435872,0,404192480,0,-41123376,0,3008934,0,-154440,0,5280,0,-108,0,1 # liftE_full r=24
17513272297,0,-33018815136,0,27993560106,0,-14097921088,0,4693017762,0,-1087116192,0,179606462,0,-21321408,0,1805403,0,-106400,0,4146,0,-96,0,1 # liftE_full r=24
222286110447421,0,-173406412489344,0,61780628773824,0,-13292421389744,0,1923555920445,0,-197235810876,0,14693827010,0,-801367152,0,31753872,0,-891544,0,16836,0,-192,0,1 # liftE_full r=24
98606546497,0,-156749682600,0,112513011960,0,-48190086324,0,13709632377,0,-2728103436,0,389261138,0,-40125024,0,2965908,0,-153360,0,5268,0,-108,0,1 # liftE_full r=24
496218586861,0,-669403742280,0,409694016714,0,-150383134960,0,36863152374,0,-6356201640,0,790422294,0,-71424240,0,4654803,0,-213400,0,6534,0,-120,0,1 # liftE_full r=24
605925241741,0,-790524090720,0,469240102536,0,-167543805800,0,40072787145,0,-6763221120,0,825861152,0,-73516320,0,4734954,0,-215200,0,6552,0,-120,0,1 # liftE_full r=24
37935655741,0,-62862680832,0,47322882864,0,-21396474784,0,6470460765,0,-1378619040,0,212197454,0,-23774208,0,1924368,0,-109760,0,4188,0,-96,0,1 # liftE_full r=24
5787402112801,0,-6219990635040,0,3044484913068,0,-897305062320,0,177343576809,0,-24759600768,0,2503779664,0,-184776768,0,9877014,0,-372960,0,9444,0,-144,0,1 # liftE_full r=24
-18611,0,385728,0,99096,0,-1018016,0,-837051,0,198636,0,505794,0,262896,0,69744,0,10744,0,972,0,48,0,1 # liftE_full r=6
10790392499918461,0,-6060065302343040,0,1555787814460656,0,-241427890074088,0,25221651058101,0,-1868703720324,0,100687760994,0,-3975226224,0,114134592,0,-2324104,0,31860,0,-264,0,1 # liftE_full r=24
5785433921341,0,-6218586619776,0,3044050835088,0,-897229112688,0,177335352669,0,-24759036432,0,2503755698,0,-184776192,0,9877008,0,-372960,0,9444,0,-144,0,1 # liftE_full r=24
163852372797,0,-239306765472,0,158902845444,0,-63423363204,0,16944992037,0,-3192301044,0,434816718,0,-43144704,0,3095328,0,-156600,0,5304,0,-108,0,1 # liftE_full r=24
19726764301,0,-36445608576,0,30329538216,0,-15019956512,0,4926104265,0,-1126516224,0,184115232,0,-21666432,0,1822314,0,-106880,0,4152,0,-96,0,1 # liftE_full r=24
530663957821,0,-707894996160,0,428822985408,0,-155948375560,0,37912483389,0,-6490157640,0,802146894,0,-72119040,0,4681488,0,-214000,0,6540,0,-120,0,1 # liftE_full r=24
206497,0,-458760,0,63816,0,296996,0,-66159,0,-75192,0,11426,0,9168,0,-540,0,-536,0,-12,0,12,0,1 # liftE_full r=12
6242248463006161,0,-3665908152064680,0,984304760405130,0,-159777828613680,0,17463349890666,0,-1353924743184,0,76349388142,0,-3155293416,0,94845699,0,-2022324,0,29034,0,-252,0,1 # liftE_full r=24
18674868641052709,0,-10006787611785360,0,2451685505284986,0,-363161010276320,0,36222908029230,0,-2563002562728,0,131912151366,0,-4975881816,0,136529283,0,-2657444,0,34830,0,-276,0,1 # liftE_full r=24
4823351075661,0,-5344071277248,0,2689636019976,0,-812920636656,0,164301675525,0,-23390948880,0,2405017650,0,-179937792,0,9722928,0,-370080,0,9420,0,-144,0,1 # liftE_full r=24
1726984524817297,0,-1136588758280064,0,341583863314950,0,-61986638929112,0,7564623950793,0,-654024073656,0,41077339260,0,-1888378284,0,63062472,0,-1491956,0,23736,0,-228,0,1 # liftE_full r=24
-639323,0,928404,0,523794,0,-624828,0,-217563,0,135336,0,48592,0,-9828,0,-4944,0,-84,0,168,0,24,0,1 # liftE_full r=10
472901892688261,0,-345619371699864,0,115409744662074,0,-23282782729552,0,3160528935294,0,-304122366672,0,21271020374,0,-1089578184,0,40567563,0,-1070684,0,19014,0,-204,0,1 # liftE_full r=24
531047412897,0,-708238112400,0,428955269220,0,-155977056360,0,37916306409,0,-6490478400,0,802163440,0,-72119520,0,4681494,0,-214000,0,6540,0,-120,0,1 # liftE_full r=24
6146651341502317,0,-3619864646668392,0,974338446041814,0,-158501219357608,0,17356193001765,0,-1347766438272,0,76104007376,0,-3148600308,0,94726104,0,-2021060,0,29028,0,-252,0,1 # liftE_full r=24
496218586861,0,-669403742280,0,409694016714,0,-150383134960,0,36863152374,0,-6356201640,0,790422294,0,-71424240,0,4654803,0,-213400,0,6534,0,-120,0,1 # liftE_full r=24
1841708760706621,0,-1199354066884608,0,356987667405444,0,-64219868569612,0,7776440766093,0,-667758048576,0,41693863170,0,-1907299248,0,63442416,0,-1496464,0,23760,0,-228,0,1 # liftE_full r=24
206497,0,119760,0,-277596,0,-80832,0,122697,0,16092,0,-22814,0,-1104,0,1908,0,24,0,-72,0,0,0,1 # liftE_full r=12
464044339261,0,-632951225280,0,391353267264,0,-144989194600,0,35836697865,0,-6224167680,0,778796928,0,-70732320,0,4628154,0,-212800,0,6528,0,-120,0,1 # liftE_full r=24
1770682648897,0,-2125170475560,0,1159324431936,0,-380033083276,0,83360179593,0,-12888335328,0,1440100640,0,-117170064,0,6889734,0,-285560,0,7920,0,-132,0,1 # liftE_full r=24
238141,0,-210816,0,-2022816,0,2458144,0,-67155,0,-1369524,0,1024130,0,-378768,0,83952,0,-11656,0,996,0,-48,0,1 # liftE_full r=20
1585224206497,0,-1938172071000,0,1075405057320,0,-357968039836,0,79596996777,0,-12453415524,0,1405607378,0,-115316256,0,6825108,0,-284240,0,7908,0,-132,0,1 # liftE_full r=24
177604784101,0,-255928839084,0,167861509854,0,-66258057672,0,17528062230,0,-3273757020,0,442643810,0,-43655544,0,3117003,0,-157140,0,5310,0,-108,0,1 # liftE_full r=24
1675388190741,0,-2029605135228,0,1116646787250,0,-368860062648,0,81461659350,0,-12669589548,0,1422793870,0,-116241576,0,6857403,0,-284900,0,7914,0,-132,0,1 # liftE_full r=24
1972878686461,0,-2325549264192,0,1247863277796,0,-402997253516,0,87231237033,0,-13331423424,0,1474975152,0,-119033904,0,6954474,0,-286880,0,7932,0,-132,0,1 # liftE_full r=24
6607665112497,0,-6946745101200,0,3332331763110,0,-964410635232,0,187539980202,0,-25814648592,0,2579066322,0,-188435232,0,9992883,0,-375120,0,9462,0,-144,0,1 # liftE_full r=24
139749,0,-162072,0,-411030,0,235920,0,151848,0,-108828,0,-4464,0,15444,0,-2805,0,-420,0,198,0,-24,0,1 # liftE_full r=16
567457876801,0,-748476892800,0,448754367840,0,-161686940320,0,38984849508,0,-6626042160,0,813970836,0,-72816720,0,4708209,0,-214600,0,6546,0,-120,0,1 # liftE_full r=24
6051452400897,0,-6455591032320,0,3138386451264,0,-919316647872,0,180703837908,0,-25108644384,0,2528763300,0,-185993568,0,9915609,0,-373680,0,9450,0,-144,0,1 # liftE_full r=24
1676253268801,0,-2030299888320,0,1116887597232,0,-368907087824,0,81467315940,0,-12670018680,0,1422813924,0,-116242104,0,6857409,0,-284900,0,7914,0,-132,0,1 # liftE_full r=24
1873854019960957,0,-1216734733018752,0,361204021887882,0,-64824189776384,0,7833112676262,0,-671391407928,0,41855143766,0,-1912193592,0,63539595,0,-1497604,0,23766,0,-228,0,1 # liftE_full r=24
5785501289037,0,-6218622818496,0,3044058826824,0,-897230040048,0,177335412309,0,-24759038448,0,2503755726,0,-184776192,0,9877008,0,-372960,0,9444,0,-144,0,1 # liftE_full r=24
4823351075661,0,-5344071277248,0,2689636019976,0,-812920636656,0,164301675525,0,-23390948880,0,2405017650,0,-179937792,0,9722928,0,-370080,0,9420,0,-144,0,1 # liftE_full r=24
28477,0,39552,0,-67392,0,-39312,0,46461,0,10620,0,-12094,0,-912,0,1296,0,24,0,-60,0,0,0,1 # liftE_full r=12
5288031383181,0,-5769423785664,0,2863098863496,0,-854410208688,0,170745713865,0,-24069954816,0,2454171552,0,-182351808,0,9799914,0,-371520,0,9432,0,-144,0,1 # liftE_full r=24
960700845337741,0,-660585524325792,0,207605611879992,0,-39432041817912,0,5041320007053,0,-457041207060,0,30127984994,0,-1455013104,0,51093504,0,-1272264,0,21324,0,-216,0,1 # liftE_full r=24
605925241741,0,-790524090720,0,469240102536,0,-167543805800,0,40072787145,0,-6763221120,0,825861152,0,-73516320,0,4734954,0,-215200,0,6552,0,-120,0,1 # liftE_full r=24
19726764301,0,-36445608576,0,30329538216,0,-15019956512,0,4926104265,0,-1126516224,0,184115232,0,-21666432,0,1822314,0,-106880,0,4152,0,-96,0,1 # liftE_full r=24
451469131189161,0,-332688914157636,0,111908828928762,0,-22722652179888,0,3101886201432,0,-299924820108,0,21063005764,0,-1082531532,0,40411407,0,-1068640,0,19002,0,-204,0,1 # liftE_full r=24
139152873021,0,-208809884448,0,142147026036,0,-58030733124,0,15819486633,0,-3033153216,0,419377392,0,-42129936,0,3052074,0,-155520,0,5292,0,-108,0,1 # liftE_full r=24
-23939,0,-9600,0,337776,0,-317992,0,-130299,0,106644,0,32034,0,-10896,0,-4128,0,104,0,180,0,24,0,1 # liftE_full r=10
151163884801,0,-223723700352,0,150382391184,0,-60692869296,0,16377196020,0,-3112258248,0,427070228,0,-42636456,0,3073689,0,-156060,0,5298,0,-108,0,1 # liftE_full r=24
98606546497,0,-156749682600,0,112513011960,0,-48190086324,0,13709632377,0,-2728103436,0,389261138,0,-40125024,0,2965908,0,-153360,0,5268,0,-108,0,1 # liftE_full r=24
206497,0,-458760,0,63816,0,296996,0,-66159,0,-75192,0,11426,0,9168,0,-540,0,-536,0,-12,0,12,0,1 # liftE_full r=12
867021,0,283392,0,-813960,0,-144240,0,265653,0,22716,0,-38526,0,-1296,0,2640,0,24,0,-84,0,0,0,1 # liftE_full r=12
688944588877,0,-879894922080,0,512191228104,0,-179677104200,0,42303589605,0,-7042126920,0,849874382,0,-74922240,0,4788528,0,-216400,0,6564,0,-120,0,1 # liftE_full r=24
646103858761,0,-834061158840,0,490286738742,0,-173519888080,0,41176367202,0,-6901697400,0,837817890,0,-74217840,0,4761723,0,-215800,0,6558,0,-120,0,1 # liftE_full r=24
24743919201,0,-44019391680,0,35376075468,0,-16972250400,0,5411244009,0,-1207379712,0,193268944,0,-22361472,0,1856214,0,-107840,0,4164,0,-96,0,1 # liftE_full r=24
463674982497,0,-632617614000,0,391223594700,0,-144960887400,0,35832904185,0,-6223848120,0,778780402,0,-70731840,0,4628148,0,-212800,0,6528,0,-120,0,1 # liftE_full r=24
2080015498401,0,-2430502580484,0,1293758558190,0,-414792754728,0,89204081250,0,-13555777092,0,1492543066,0,-119969256,0,6986883,0,-287540,0,7938,0,-132,0,1 # liftE_full r=24
3470758228506241,0,-2140697596232964,0,603650790770514,0,-102907526224136,0,11812029019122,0,-961721935212,0,56952144390,0,-2471638512,0,78017907,0,-1746824,0,26334,0,-240,0,1 # liftE_full r=24
27625764097,0,-48251427840,0,38126238144,0,-18012848768,0,5664959508,0,-1249012416,0,197924580,0,-22711872,0,1873209,0,-108320,0,4170,0,-96,0,1 # liftE_full r=24
5533023608641,0,-5991319547136,0,2952733749984,0,-875670904512,0,174024287268,0,-24413373792,0,2478915788,0,-183562848,0,9838449,0,-372240,0,9438,0,-144,0,1 # liftE_full r=24
117504984097,0,-181367446680,0,126707418576,0,-52956772164,0,14741366793,0,-2878435872,0,404192480,0,-41123376,0,3008934,0,-154440,0,5280,0,-108,0,1 # liftE_full r=24
-106523,0,367512,0,436170,0,-736072,0,-4947,0,284664,0,-102240,0,-9708,0,14340,0,-3940,0,528,0,-36,0,1 # liftE_full r=18
3525165301126717,0,-2168569792121472,0,610058998680288,0,-103778271117568,0,11889465184461,0,-966431346540,0,57150503426,0,-2477352048,0,78125616,0,-1748024,0,26340,0,-240,0,1 # liftE_full r=24
-35999,0,-160536,0,-24552,0,308268,0,140889,0,-131040,0,-84670,0,528,0,11412,0,3624,0,516,0,36,0,1 # liftE_full r=6
18674868641052709,0,-10006787611785360,0,2451685505284986,0,-363161010276320,0,36222908029230,0,-2563002562728,0,131912151366,0,-4975881816,0,136529283,0,-2657444,0,34830,0,-276,0,1 # liftE_full r=24
6049493940781,0,-6454192226832,0,3137953520022,0,-919240831008,0,180695622294,0,-25108080336,0,2528739338,0,-185992992,0,9915603,0,-373680,0,9450,0,-144,0,1 # liftE_full r=24
-289007,0,-223908,0,287946,0,216256,0,-89184,0,-67476,0,10736,0,9060,0,-357,0,-544,0,-18,0,12,0,1 # liftE_full r=10
-67707,0,216108,0,869922,0,-285204,0,-1178091,0,-325608,0,279256,0,212316,0,63384,0,10316,0,960,0,48,0,1 # liftE_full r=6
5531113268997,0,-5989946598000,0,2952306527130,0,-875595750048,0,174016114254,0,-24412811184,0,2478891846,0,-183562272,0,9838443,0,-372240,0,9438,0,-144,0,1 # liftE_full r=24
22117043521,0,-40089613824,0,32779162464,0,-15974988928,0,5164996068,0,-1166549568,0,188665868,0,-22012992,0,1839249,0,-107360,0,4158,0,-96,0,1 # liftE_full r=24
1778789513435617,0,-1165185989759976,0,348666816200280,0,-63023231404652,0,7663899119193,0,-660525500640,0,41372208194,0,-1897524240,0,63248148,0,-1494184,0,23748,0,-228,0,1 # liftE_full r=24
6093668351819233,0,-3592335167313132,0,967945735541706,0,-157626858537536,0,17278135179216,0,-1343011148844,0,75903712736,0,-3142838340,0,94617723,0,-2019856,0,29022,0,-252,0,1 # liftE_full r=24
3327660039041677,0,-2066492625411108,0,586378993475478,0,-100531222030428,0,11598010534845,0,-948537189024,0,56389451816,0,-2455211100,0,77703924,0,-1743276,0,26316,0,-240,0,1 # liftE_full r=24
221796213635377,0,-173143419994908,0,61718173605690,0,-13283809190580,0,1922795897721,0,-197191290072,0,14692095596,0,-801324036,0,31753248,0,-891540,0,16836,0,-192,0,1 # liftE_full r=24
107641602181,0,-168627977172,0,119418428370,0,-50525693352,0,14218244550,0,-2802580452,0,396686830,0,-40622904,0,2987403,0,-153900,0,5274,0,-108,0,1 # liftE_full r=24
17513272297,0,-33018815136,0,27993560106,0,-14097921088,0,4693017762,0,-1087116192,0,179606462,0,-21321408,0,1805403,0,-106400,0,4146,0,-96,0,1 # liftE_full r=24
90361,0,1108932,0,-1729590,0,-395264,0,805224,0,169548,0,-120792,0,-40620,0,2379,0,2776,0,486,0,36,0,1 # liftE_full r=8
-3231,0,43200,0,20124,0,-169176,0,-1575,0,73524,0,8770,0,-10896,0,-2700,0,344,0,192,0,24,0,1 # liftE_full r=10
127790379217,0,-194543747028,0,134190195906,0,-55435916376,0,15271773474,0,-2954981844,0,411738134,0,-41625144,0,3030483,0,-154980,0,5286,0,-108,0,1 # liftE_full r=24
867021,0,283392,0,-813960,0,-144240,0,265653,0,22716,0,-38526,0,-1296,0,2640,0,24,0,-84,0,0,0,1 # liftE_full r=12
84561,0,-236520,0,62730,0,176400,0,-55734,0,-51456,0,10702,0,7176,0,-621,0,-476,0,-6,0,12,0,1 # liftE_full r=12
-160047,0,312660,0,-75834,0,-172092,0,88857,0,26400,0,-19940,0,-1404,0,1812,0,20,0,-72,0,0,0,1 # liftE_full r=14
496604908801,0,-669748780800,0,409826826240,0,-150411890720,0,36866981268,0,-6356522640,0,790438844,0,-71424720,0,4654809,0,-213400,0,6534,0,-120,0,1 # liftE_full r=24
-107963,0,-48840,0,1136394,0,374944,0,-1150176,0,-589476,0,140876,0,180348,0,59511,0,10076,0,954,0,48,0,1 # liftE_full r=6
28477,0,106572,0,-309546,0,31396,0,274173,0,-148944,0,-15472,0,27996,0,-6324,0,-4,0,180,0,-24,0,1 # liftE_full r=16
1841708760706621,0,-1199354066884608,0,356987667405444,0,-64219868569612,0,7776440766093,0,-667758048576,0,41693863170,0,-1907299248,0,63442416,0,-1496464,0,23760,0,-228,0,1 # liftE_full r=24
222286110447421,0,-173406412489344,0,61780628773824,0,-13292421389744,0,1923555920445,0,-197235810876,0,14693827010,0,-801367152,0,31753872,0,-891544,0,16836,0,-192,0,1 # liftE_full r=24
1869503820801,0,-2223554699520,0,1202975109072,0,-391395462480,0,85281415284,0,-13108800936,0,1457487676,0,-118100664,0,6922089,0,-286220,0,7926,0,-132,0,1 # liftE_full r=24
1778789513435617,0,-1165185989759976,0,348666816200280,0,-63023231404652,0,7663899119193,0,-660525500640,0,41372208194,0,-1897524240,0,63248148,0,-1494184,0,23748,0,-228,0,1 # liftE_full r=24
6049493940781,0,-6454192226832,0,3137953520022,0,-919240831008,0,180695622294,0,-25108080336,0,2528739338,0,-185992992,0,9915603,0,-373680,0,9450,0,-144,0,1 # liftE_full r=24
5050347827977,0,-5552839467504,0,2775132763626,0,-833445451872,0,167499530562,0,-23728776048,0,2429522942,0,-181143072,0,9761403,0,-370800,0,9426,0,-144,0,1 # liftE_full r=24
-330807,0,658656,0,225882,0,-483360,0,-114624,0,119556,0,33900,0,-10548,0,-4281,0,36,0,174,0,24,0,1 # liftE_full r=10
940632389926309,0,-649260066436728,0,204734635139370,0,-39001573231760,0,4999046805048,0,-454200445092,0,29995701696,0,-1450798644,0,51005595,0,-1271180,0,21318,0,-216,0,1 # liftE_full r=24
150998940721,0,-223559673516,0,150312114510,0,-60675937272,0,16374688050,0,-3112024428,0,427056826,0,-42636024,0,3073683,0,-156060,0,5298,0,-108,0,1 # liftE_full r=24
84561,0,71604,0,-144846,0,-57624,0,77922,0,13212,0,-16890,0,-1008,0,1587,0,24,0,-66,0,0,0,1 # liftE_full r=12
-23319,0,136944,0,270522,0,-89472,0,-145422,0,43320,0,22126,0,-7656,0,-1053,0,524,0,-6,0,-12,0,1 # liftE_full r=14
6154681496685697,0,-3623080731001080,0,974906795741976,0,-158559359196276,0,17359984810641,0,-1347929827128,0,76108654946,0,-3148684368,0,94726980,0,-2021064,0,29028,0,-252,0,1 # liftE_full r=24
5533023608641,0,-5991319547136,0,2952733749984,0,-875670904512,0,174024287268,0,-24413373792,0,2478915788,0,-183562848,0,9838449,0,-372240,0,9438,0,-144,0,1 # liftE_full r=24
605506306497,0,-790157430000,0,469101433500,0,-167514220200,0,40068893505,0,-6762897480,0,825844558,0,-73515840,0,4734948,0,-215200,0,6552,0,-120,0,1 # liftE_full r=24
1972878686461,0,-2325549264192,0,1247863277796,0,-402997253516,0,87231237033,0,-13331423424,0,1474975152,0,-119033904,0,6954474,0,-286880,0,7932,0,-132,0,1 # liftE_full r=24
151163884801,0,-223723700352,0,150382391184,0,-60692869296,0,16377196020,0,-3112258248,0,427070228,0,-42636456,0,3073689,0,-156060,0,5298,0,-108,0,1 # liftE_full r=24
22117043521,0,-40089613824,0,32779162464,0,-15974988928,0,5164996068,0,-1166549568,0,188665868,0,-22012992,0,1839249,0,-107360,0,4158,0,-96,0,1 # liftE_full r=24
19726764301,0,-36445608576,0,30329538216,0,-15019956512,0,4926104265,0,-1126516224,0,184115232,0,-21666432,0,1822314,0,-106880,0,4152,0,-96,0,1 # liftE_full r=24
3470758228506241,0,-2140697596232964,0,603650790770514,0,-102907526224136,0,11812029019122,0,-961721935212,0,56952144390,0,-2471638512,0,78017907,0,-1746824,0,26334,0,-240,0,1 # liftE_full r=24
30782000701,0,-52802830080,0,41035742448,0,-19097903392,0,5926254345,0,-1291453440,0,202632896,0,-23064192,0,1890234,0,-108800,0,4176,0,-96,0,1 # liftE_full r=24
117504984097,0,-181367446680,0,126707418576,0,-52956772164,0,14741366793,0,-2878435872,0,404192480,0,-41123376,0,3008934,0,-154440,0,5280,0,-108,0,1 # liftE_full r=24
567457876801,0,-748476892800,0,448754367840,0,-161686940320,0,38984849508,0,-6626042160,0,813970836,0,-72816720,0,4708209,0,-214600,0,6546,0,-120,0,1 # liftE_full r=24
1676253268801,0,-2030299888320,0,1116887597232,0,-368907087824,0,81467315940,0,-12670018680,0,1422813924,0,-116242104,0,6857409,0,-284900,0,7914,0,-132,0,1 # liftE_full r=24
2080015498401,0,-2430502580484,0,1293758558190,0,-414792754728,0,89204081250,0,-13555777092,0,1492543066,0,-119969256,0,6986883,0,-287540,0,7938,0,-132,0,1 # liftE_full r=24
206497,0,119760,0,-277596,0,-80832,0,122697,0,16092,0,-22814,0,-1104,0,1908,0,24,0,-72,0,0,0,1 # liftE_full r=12
3417049954827297,0,-2113111591121520,0,597293690305284,0,-102041979062928,0,11734922127897,0,-957025828812,0,56754120226,0,-2465929776,0,77910228,0,-1745624,0,26328,0,-240,0,1 # liftE_full r=24
6325466442301,0,-6698277037440,0,3234472766928,0,-941709644208,0,184105326345,0,-25460513280,0,2553866816,0,-187213248,0,9954234,0,-374400,0,9456,0,-144,0,1 # liftE_full r=24
27625764097,0,-48251427840,0,38126238144,0,-18012848768,0,5664959508,0,-1249012416,0,197924580,0,-22711872,0,1873209,0,-108320,0,4170,0,-96,0,1 # liftE_full r=24
50670073833126697,0,-24986254703786760,0,5633560350452538,0,-767940081757600,0,70488508229385,0,-4589721307536,0,217379099204,0,-7545531084,0,190511220,0,-3412076,0,41148,0,-300,0,1 # liftE_full r=24
3412371216143553,0,-2111134794192900,0,596924814055446,0,-102002090136468,0,11732168368857,0,-956900016000,0,56750317900,0,-2465856516,0,77909412,0,-1745620,0,26328,0,-240,0,1 # liftE_full r=24
1873854019960957,0,-1216734733018752,0,361204021887882,0,-64824189776384,0,7833112676262,0,-671391407928,0,41855143766,0,-1912193592,0,63539595,0,-1497604,0,23766,0,-228,0,1 # liftE_full r=24
127947859201,0,-194702175360,0,134258761872,0,-55452576240,0,15274257684,0,-2955214584,0,411751516,0,-41625576,0,3030489,0,-154980,0,5286,0,-108,0,1 # liftE_full r=24
50166554202593209,0,-24779627572919868,0,5595511690849482,0,-763799961207392,0,70193713794096,0,-4575368688060,0,216895213248,0,-7534376292,0,190342947,0,-3410576,0,41142,0,-300,0,1 # liftE_full r=24
18515832448237809,0,-9934046252097840,0,2436733363306374,0,-361342110358632,0,36077893761897,0,-2555085211416,0,131612370252,0,-4968108972,0,136397208,0,-2656116,0,34824,0,-276,0,1 # liftE_full r=24
5787402112801,0,-6219990635040,0,3044484913068,0,-897305062320,0,177343576809,0,-24759600768,0,2503779664,0,-184776768,0,9877014,0,-372960,0,9444,0,-144,0,1 # liftE_full r=24
107782203201,0,-168773492160,0,119482983792,0,-50541707376,0,14220671940,0,-2802810600,0,396700164,0,-40623336,0,2987409,0,-153900,0,5274,0,-108,0,1 # liftE_full r=24
139749,0,92340,0,-912726,0,226560,0,531048,0,-12732,0,-118400,0,-23532,0,6315,0,3136,0,498,0,36,0,1 # liftE_full r=8
646103858761,0,-834061158840,0,490286738742,0,-173519888080,0,41176367202,0,-6901697400,0,837817890,0,-74217840,0,4761723,0,-215800,0,6558,0,-120,0,1 # liftE_full r=24
472901892688261,0,-345619371699864,0,115409744662074,0,-23282782729552,0,3160528935294,0,-304122366672,0,21271020374,0,-1089578184,0,40567563,0,-1070684,0,19014,0,-204,0,1 # liftE_full r=24
28477,0,39552,0,-67392,0,-39312,0,46461,0,10620,0,-12094,0,-912,0,1296,0,24,0,-60,0,0,0,1 # liftE_full r=12
22067616997,0,-40030557600,0,32749013850,0,-15966414272,0,5163511854,0,-1166389536,0,188655366,0,-22012608,0,1839243,0,-107360,0,4158,0,-96,0,1 # liftE_full r=24
6068136893676621,0,-3580653065555304,0,965576963568042,0,-157347500650608,0,17257019141862,0,-1341950297472,0,75868290822,0,-3142080360,0,94608291,0,-2019804,0,29022,0,-252,0,1 # liftE_full r=24
81380487133436613,0,-38567058202624716,0,8357244648468894,0,-1094941061379732,0,96601451081517,0,-6046061314464,0,275260717536,0,-9184937436,0,222939516,0,-3838716,0,44508,0,-312,0,1 # liftE_full r=24
1806988774873753,0,-1180823414358828,0,352544145273690,0,-63589496026128,0,7717857240192,0,-664031591916,0,41529572668,0,-1902342588,0,63344487,0,-1495320,0,23754,0,-228,0,1 # liftE_full r=24
-106523,0,-427212,0,1137006,0,1114460,0,-949875,0,-785328,0,14280,0,149340,0,55668,0,9836,0,948,0,48,0,1 # liftE_full r=6
3364033309919101,0,-2085809575946148,0,590987417087778,0,-101181610695448,0,11658143794062,0,-952343012940,0,56556430814,0,-2460225840,0,77802579,0,-1744424,0,26322,0,-240,0,1 # liftE_full r=24
17513272297,0,-33018815136,0,27993560106,0,-14097921088,0,4693017762,0,-1087116192,0,179606462,0,-21321408,0,1805403,0,-106400,0,4146,0,-96,0,1 # liftE_full r=24
6051452400897,0,-6455591032320,0,3138386451264,0,-919316647872,0,180703837908,0,-25108644384,0,2528763300,0,-185993568,0,9915609,0,-373680,0,9450,0,-144,0,1 # liftE_full r=24
496218586861,0,-669403742280,0,409694016714,0,-150383134960,0,36863152374,0,-6356201640,0,790422294,0,-71424240,0,4654803,0,-213400,0,6534,0,-120,0,1 # liftE_full r=24
1770682648897,0,-2125170475560,0,1159324431936,0,-380033083276,0,83360179593,0,-12888335328,0,1440100640,0,-117170064,0,6889734,0,-285560,0,7920,0,-132,0,1 # liftE_full r=24
127800399021,0,-194551368588,0,134192551662,0,-55436294376,0,15271806654,0,-2954983356,0,411738162,0,-41625144,0,3030483,0,-154980,0,5286,0,-108,0,1 # liftE_full r=24
605925241741,0,-790524090720,0,469240102536,0,-167543805800,0,40072787145,0,-6763221120,0,825861152,0,-73516320,0,4734954,0,-215200,0,6552,0,-120,0,1 # liftE_full r=24
10790392499918461,0,-6060065302343040,0,1555787814460656,0,-241427890074088,0,25221651058101,0,-1868703720324,0,100687760994,0,-3975226224,0,114134592,0,-2324104,0,31860,0,-264,0,1 # liftE_full r=24
