148204324259564971677423795231573634485385577094546373538310258688,0,16339119133229311226641427176346364976508635995761160109424640,0,813710597231261263990723465837621118212498247363881598976,0,23108576700995888284646952179489190021827331713138688,0,387198275365011379425972707814086161462273769472,0,3676303385078141312659715091549039951347712,0,15556072741239565297961531919111815168,0,16733016053205293257659091255296,0,9289913604054701851017216,0,-2069487591660453888,0,-993748058112,0,1081344,0,1 # tower2 cube=(4, 0, 0, 1) r=0
197648183551104449734110819992147662567458069429565638414757170821168215494571723327985970135063642749597158875113944288506320975638992158895384424511153753103953397810272312709186499936803225926899981860197789734347984397380295795377850178168387805080024049664154560819945987817957972789256030797224541955745489018500706329611531527379513,0,-294798492031571578791324465176367092034702055485119428632907033942790443723276364177656720356078533541704729596568791074478686392598014194271448115032908053940935246295908971282796289523780883759061323890287712263755450581487511610667012514481695804833298175522327679819249767660497435502680127273419413074769956,0,1941219274490585744901185890064031354450042435870238398642749107854937120690644614441178702756872490448317114778614069283985288239757605367288551955296296126806684547743858002614064612973343919844412636618391037223080302245476148092612573130578603195068789916728035637542465166807670652,0,-1549884254010969710148642475940364494847579155333855578921111784432699544439835318122014467068491732049784890823700956886793128956268162439140072780611678256225194431588318658462783420947147462798198620286826341320681626279954472537237051034866450558484517184,0,432934293067061423428126042861749485430973746161863501258014713165407596398139509558369930715584957080233523732925141449381134160848161450220120705103170493906130742529981417897897782929029720368255621277640308773736113304071494391,0,-34872636475587545260364735880800561773022618845709315043573777477582470282766535551740800776044300843862810131660756595203393123125978282256082055000725614100282208489017658017367360358713090638635815164,0,-4075995601206146441245361632261404290041339133916671998118086530612713260159850654619165456309901835744911022360117027626661689493755288572996610149500233353501404793347717360,0,753422987672129447522899124397486924556786908850216701223824411332788164459440606681342757066295725462961488532165150765113095005862898139940694876,0,58178833003078492967860702021711633509002674165138312346762196761872357653383901636998070047430339612782336926932763047,0,-23392810059735264352277615201679817307708535589043169814396091743017610759825078688788705384,0,285229613752917881324834981372891853225373399977948592913333028,0,-3542908661379285032397547606189284,0,1 # tower2 cube=(1, -3, 0, 1) r=4
3819131105538931934008455883652844606209410324671546666398936611386998672172629989105576221953430053249521867929558353085621126538743570033499898232909769778584869281547241091206959284382237288242367751474863667148382645478267926552395809011437530888845173256100368816064851973177924096657848721394909592161507472638474351634350510482918698114223668482990694448773286778512518812699919381295722389246317750174012008336977122283760080496198254540901206171559208593100415419483656703421037966594359539269325208294523594322616809881584314181487119770021806998731700536570883866624000000,0,-18268503202733025049822966494266892372347759640871295822981703784499854903866350202899569038003103123731034534787336566790833332036654103703225301811881599286778894116958986940799109560828064124886840343081483746575425160408727273653490608438902732123673348899222319619902510393927810354034110429896889329862479507199559116271223100331811114603146179728350508516511546429333141715389883216040054907582360353949422510455572235034400273247266580138300874852073567606760681977641245515260054399728401720895430402805697713781018407731200000,0,32107192770089048730730447664167381271695953199732771580182731652599348146435852347110362004968314601457399884879205287011921417047437356891726622721739754986237848593659808649655469180785720825447116678998090378417978343147768628409543349753712358860511592978742666181440511977864977799104011719985688985071914811835368676825249376561351952812225106336162673728861076058254680582990320554631122276574813094364338123576864672152611442855358504011476601255455034383367282079207679590400000,0,-31351929652988711751591521139165461439037602092007890168461015867319127143904089344158592410979299480137165148918939642650465749235804977826774399134442733470955213630370078101025131244454815056760552162818450481208050889499426346228597190499883079276207981079384075836770182915365031514712364955743253171965570498764993767560067271049828372343346485622019025883157753427416352702414613564190552204530913152564030083958001367399138328576000,0,19783573827283384722741354277451079066110975030529296259585418024746458449454429717099408148954966490660248878178676510870280799295540032668304447307811739472649884362344051310781472415519582007578689106857322591432517186227656163262414522430827888964815608659825434861763937525819013759215928485731939794545280801833215010484757869538739852787101702098183157447746924971628311570813445734400,0,-8662525342446838561462620556710910990162202600511079637765120448880098712297355635562936810078347485694187804555795233462021424246090801974668471786948655926800668150382495689825627113420605716770064653322288435670325566034104336916289976393155337896388877399785166437197207490353081085953366135065696588220333042780664987787440162774555033600,0,2725431535828639112653033744322869309331179443237986449128759357106284786113703912242396271988241680786782136481890777727962180450396758284380011988347228309664429062089898902670583121883436175848917881554801027090406980123574124744803981719048176845579944940265522450399537053838135243049009152,0,-624237333150477909629477818774554527862997091047698346302037800846369850666504884226389095420540902964749051103173630383443431836680661345348478643577501373019031245748190119285669696923537834370084716107048983116919180642351474676454098659704832,0,103630542421554232596192730558176926147061147805198667667222101983084319157836899757582259300463325694252368387395040467010546752455823576023194513045357458049427811576928824258376298204194569977856,0,-12181307150162584152034067709703123477280347881371564858562662317331228138210225509477829093046263992942893135243113236103516855643484948816864477184,0,962875715893078520205516403270931365262579173083574229750015944579688562743965991292283851324260352,0,-45937571258621915627980666492933129147885706805248,0,1 # tower2 cube=(1, 2, 0, 1) r=4
7378897709507842263925965865352668597484970577630582940644165198990486106275840000000000000000000000000000000000000000000000000000000000000000000000000000000000000000000000000000000000000000000000000000000000000000000000000000000000000000000000000000000000000000000000000000000000000000000000000000000000000000000000000000000000000,0,-163595867103277213179967858212541863353580967466285376760156385247261360128000000000000000000000000000000000000000000000000000000000000000000000000000000000000000000000000000000000000000000000000000000000000000000000000000000000000000000000000000000000000000000000000000000000000000000000000000000000000000,0,1582047359486323535758254440310752027828016617205591455936647719708262400000000000000000000000000000000000000000000000000000000000000000000000000000000000000000000000000000000000000000000000000000000000000000000000000000000000000000000000000000000000000000000000000000000000000000,0,-8706526408319585878639649309183363358391952891908203485190527385600000000000000000000000000000000000000000000000000000000000000000000000000000000000000000000000000000000000000000000000000000000000000000000000000000000000000000000000000000000000000000000,0,29780617537979532012574419516872813693226290991986924933087232000000000000000000000000000000000000000000000000000000000000000000000000000000000000000000000000000000000000000000000000000000000000000000000000000000000000000000000,0,-64665424909084303882582446793833594492710951093480194048000000000000000000000000000000000000000000000000000000000000000000000000000000000000000000000000000000000000000000000000000000000000000000000000,0,86542178357653273805342287057156437495184419654205440000000000000000000000000000000000000000000000000000000000000000000000000000000000000000000000000000000000000000000000000,0,-64096814625541789192247895274525089180759883776000000000000000000000000000000000000000000000000000000000000000000000000000000000000000000000000000,0,18157876537437300188979926451583147048960000000000000000000000000000000000000000000000000000000000000000000000000000000,0,2166657918200029830702602520583208960000000000000000000000000000000000000000000000000000000,0,107187585473420869018247495680000000000000000000000000000000000,0,15430503898079349964800000000000,0,1 # tower2 cube=(1, 8, 0, 1) r=0
531905626088225624111976750547219687423224362853757328960998514450971767904957784262397243870739123562841915207868194547715652143337739861796789326540408076078851651048911037547399801181272369397031249686812433520567125440484681737943632554349528406337048599726188978104526512402880979587135212265588106317058832816221062053951792040498908421147140190756159667204892334570593977626045504712299948675382196336513040075710962309062934833693530116310921853034607546200538873394568136936952046102917333993087390168366705294860417419849757209599414536797069772211923321599906835485689787405387126847365439758021423829882056772883491703899489464251485128874180145057805818421366956749708627948435539854544050563255143309799086210446012821252345568207083369049462966802658189613104535979298451821374812827084605806051452436961765906603573248,0,3225290591441912733112460193082417734079816410468735812321452230524696038537763439551773242609472142956481763600342885897325607787565735625256594051426970442174421208777757047789363058907119762894432470265085995142455817288132621551895415431446079166594224166710452152288759959022629425740083142197344641605117080978340637582028185917591671709973721376516671904450618652145666340268808337700277610445869037681768938490324425085229226620826042161542727669900758946367528943016503340735481878622580175359623289132196384189595928040037037821413500211748156289412159027380585477128986981359052635111664742151631960054276703024922192605716810723186195146819221446544604917920483989904615151354323942677195334454222505032902567277020715257763797591334825986449694861033472,0,6744331266884622493213913732095816700135027181008745627518445338612595803577313949531355902390464941605982239960688146670168291357026172821879439380634945048006968397564420373930025719208541090652085988346241721707995495348078707834503963864520222810322599799231105227908627346945468007642560069512801205889038348978876159846330995585410900253432689096142709224898111804932943003846841834899044929378400738917820382173362306911965377085700189658788232198123382991647526036946392165808507151212669189643721830698327433935908231769753493236435778730895018889083582317867861436729102277682636689437789554515652704849687105748263396143139638632420119124617077343602397632879059724948033989520008413184,0,6934137750135961842662722485894917345443263343474678607006365601806147827660762975096092085686732180968985641853622753068406479211911295309557522769607648376033528711540262536937346946851916628093054416374973831394101275080608101431825316133116192632853880845107145306811758656085271437655680948190772997739861361345025559657562169244569397644074005167616974196120559387242558063733185260076913117812939179469979258433725107793234444432326096970279282876498322083596668071370743716861493332023406142087975573722724423988543130502758119723609958479694656235975913396576162746392417600054039533322656878643063120652302524665036800,0,3975463691638081097245365666374333454572943746105455573939908966181057654449557185216026484965777889974278978461774338320608648932264170141671021723687448486709998803138316318384037566584644026721169721371827631255007167889982898636624230590384782426032498062931296216035971680604280640865021370247347415068466321101119800504898361070810068908729301154130465760585736901757777239401075766319035806918805400731674055488969285057322908860806247193309909720509812611861900750838331047942300899119723609777951639059641937917437724194304203182538304398038700916736,0,1336686715200741178713575653021299375513975885773303558487140483820106088589908438025860516319878583700677305972672581239411249836276791852571616045994333374730555011835712781408932585497382479474418243799103617757282690341342428885242956348905687043502677972636762951658734871032725613067112032120997358270470416032952925716443948517246476619955986864223891215896038991240662210332886708531495018557212693254280018341946151784421352788708104992502470969814069674075399055920046629013422080,0,277492624987025436594252128442825015135049673014102565367882319350029817500673337632046296949477749806830102898415615725222699411706072530262223107600211340130009410903513947938006458443183532439598977005838682621088521924824495386283858193044982053242042658108679834154921104217390089663500547998765233192856277629367816782507550852034661229288122912244378815099896042815369219926546711550505649856305357467271252934656,0,45652228725349090471309629121552199828093055355575129371691720099839865799625193322343326932488281670524528726564179876843519840651921352210442382370751676297700934367871464706090448871309580109719320775051126524360366843014844482002199916749645793203148174306020184982994849364152817122908370800906414386569163571770553978385872845483655015100841984,0,9839756152416509343489077213570405550004270349953004781313651700509445666613721630830769320583253025982785274380351590185394458203366063566599331269670137939211740393410945007590810732957783742191444888928640626983344638857037268021943855802412639348677072338688199648094688641024,0,2241552673882050837668676743499303786408990897504181244176577814745732905183736628757240324950813803002688052308573923308696307467396132857996051720526817533323866330326523770956565417343421750411715103770542080,0,338990912200307095295813789433232074524493796180233334395243741555755785535915264916028245865934830197403832981952831202632540777912616353792,0,27999826938420245340066220824803444776809291397954276978545958066323456,0,1 # tower2 cube=(-3, -6, 0, 1) r=0
-91638393224514252544488495890690692839465779627236379175934353279114212473088768012848842663181114891962592512691877028795551690830923461747218037669069733413649405054871243257559418729590221827716558321387524651859654584350337754388529917686175451199422939553408532036157038146040509122239390147241516591388923003114832396483095121813653877756604828842899887104365738975086416428406020535842919799297406922347689904408574718868646425519444458728406999268644747809611389898117920640297601535380845678920869625082201783381181444689747747113994356255329349,0,51795497032447957814974039948959174546890480192746689846545521259870073705149439101789945703991180530722910420702206990857866815151172614349282713496760916758276203492410431317544388491450256151521400440230533270856152053720489573946073396188681099058589582045986747032879537168979057392975924994918393589572346834196015658110812061746259043994028379517678136606906727473484919525426815536316365886847916551515854012381566349272577235303921455120887443677020987822355952005169769282595440916265372060679653742,0,-6768939752056244625386482187958620508470489183878599892943084675518706933275135592752926769029530835230314077019411432702956250150147221920251889267911523451555215420344923185978340274197048033727380028589328436762232713731954228986990941231699895239816318415388475206659321511851066126348287335387676413823923953700070821399286687325534255870237005344306306813111246202819714745565393223258248884770820656830523630623103430913614914855272048949406480459741575432,0,-225149830564794671249495264998784305657427542469638945062449445726496766140049257598365001575335150899758978950879959515637500727978667251241025401454086946095434290649639814825297036534410283463103137264858758505369715042268859352822106205833532375525800294345525995270868901745418477576354896595131440800379213667074821727074690563158299789130032470551177323226965874386564239480709943781081023152460273999169547460,0,109599429917559774843116866570449709544086876527494204875261979498916473848275937407153283127460164468286014292656513243269599504943943947310751526846938800428972228065863010145889108211679661968180717006976066097776955055509512652096617935455259701286627124139064274465830912411358764462477614659971641262044890405202214948012676517092851309411696624024121964274739566517,0,-6845019837201311150454698359612053955289832422456913394091146678620769635078724651851706834975471330687178462707550133291545222676451225175891174309631892664099790761719884047948255305325910779714729592914440332228552908745960572204588843618304734634401872281776814846170624598866820393056283200294010255332389878289888058178,0,-234056205732928105376570843320651565439985765252598381263807817744424924934292927809321818813814481936681007666871231827057385344113368021375822040765070939186666177079004436962991764626269239786815076034675877660873629107088097447895063083455733380781501225599718122542925417923,0,53448810914026376953739054169889130791572731047187145547710597082503425176198334705761033128996456589583901197286681147591841632909484153131549874416089796448381046534220723104757057274435992340152928162955698306807423679881951850020,0,-2983577325275652363704903818454049711975911142892498107665121514097968076949962703080411016640172122780516982209318168324817079671369079883603549179916217305947706569532142514603448545474,0,60177877688140958846188855126554056132962448754424624251448925036426807119485526837283481732410811830664721166761447200556535029302294999610,0,1070582554523549691132739379163572191062165569222902805209681016696551499687139787182063572837,0,-73169321844180805256892423302169563406710137958,0,1 # tower2 cube=(1, 1, 0, 1) r=2
5057759507089934789414620787306453994907235526780088739816950211828968026042728217074099365145176538988642055196688032576360832031264675542220930027286060643825159833148456877676664602918965397320397745150831844681174451461457479862794944280732485643589584001502791636572123948064982168811094877964464295501955272878483835246699160585421642624843418143390049035909865872449532364780159782131583668523440414240745863782804459397303762430883485006288938636696834390202617135410050339319107171689584923448557800029413,0,-6510641172940191630389754931644740836651656631332248119735047000574079640504896908444443622060042072654768394917667711631657387187347847876818948559429115649488971888466552549491020899284506079966740274509916273967521956920020291293620725285808403909816195280505441913205642606901214857764316575956136521385004713794167946968803779437713382313454615458791914939835779462860412205752332815599771882980884921975360199860856629738166975611750517809493451895467387124801277102,0,3892291484944739022689880930533816995463097432687761611521115935636672960797470320960107048344760683314215056625318343907209911684761367143002706999897055253890794793717538052534426517046490409382649469175032689087272370119206202557613752303181377917110588814838133358737826573951266344070899104963692637805719304278475279000721519862032318605151198381645165915068070570416509512537928209850721549982476138857732225683386106087798,0,8068754727878860372442373507326687559479179080811476503363579239267540137923628009557791173008977593681373693234898597166014356401265646924679554189974431974424350385767932474680766322228684011581995890495994254172097178082786495903458906777704894276894593269378752006735033867768711891987597844822078954228066015215804813626721603046353771731635800210560491450827582350773549676359130838,0,-18132723168710066930926432343782108332178735080752342866630902668111795686827999557923491843815704685351716898088764209410351674149631090720696513546423529341313366504555246269565659676410313346775845541451555516764111917914098794025682338177353297781952238029910796747025573279118242066471682186830186031081875139274494156852055683199362749584241,0,-11643010603685891582703686504986934969953607065212598545211844612733470695057225395387530463040750099420470767177466757097800673845935491381442706543576063681618539721081438299072072148057339532112786557739335068557132491097660479441623451747726040587457651270712525210250521014870747490337731573538953164,0,209280717082900776240745052962545525750054364216621301024849210701929067142290224964984249904042978874379764275678597909703845668111817838313244176401696682588614715595470017618843535017309014244769785107033125253847359130912009166123982949043108600095593360652,0,-856996430399933498153301050840639883066479979921427437191482298737133130405836824156920914943143287370029455334455076933702219598497179987739959564526814185321062494052860187148586091774071678012096046172145252289399492,0,33809617801116778793982459662815172902035665079376082119862332942232075557730965233568412022293988869205497867104919662677271217294636925712762430413948315172715247819999365099,0,-900610883203914151657518816173249968021436090594165902618044502884992087983175630990928258397967445955789061584993280226248462043510,0,15435100716265673830500505336660152402737758640013802273094719899279949550669325253568814,0,-115843666782527999076257567561639046384060930,0,1 # tower2 cube=(-2, -2, 0, 1) r=4
632941411456042450344811760511909140440931419044913383333022259769784653337906399721101300525181080984509729052216451400268411175076277726463680517792821425924639682853468419498277647101106838412924954437729053178272599114383741408677872749287010858018585192932723150856506255652956609674805084994108054661854022602451257331505612354196468342106286308054752145956088819146408946518308429585129165618065080634661770466088573450953680325988003938484821815573341394885552396115906051041947377131453055812891170735537991336611566368134656244802036600356311664744241198790316584259573367102792176078348825382227646307223400679029021027903820172813835979455333943040164228374881799243294709350322692355272419618286943009545249603934750685427337857670948579855091,0,8955161345673914223617695209164813531747282676729492342577058670736887499220320513938309089917418062198284719763392004832928800881680597141334011591250571867085645101829809025891414700416539295116649664825096936252703230723483307216288750090174350710677193630858602674960444626301923025545599822945555061716767588891630974273742772616639114595492708395531369649767223021777857482477158728588660373861265529964954953203710311306902867559902075329024419432982782660513034152801055250201909864314768669831214670579292669167762388755052879178211022417645204684592779448881237040186634609142138334104468601346244654546497087879100682521660864868475715445554658350989858292352778083848606916799127468,0,55958815448513199962113776403537439325576336926956763816799576300231193948939242512082831982475382441071496249579507128047480212167766581671808475034851261806704394452598923386282643787397092694235784321273735324611496993700305343013062050199150028069830311148277172778593686167971882595220776761382002197691763407703426247921501709446482244272699965396568391067524216008165130524669369218062959396459651650274726734608706783149277734862378403926186423422777996496308792916833797344413347039384611447044507531409877681622423085122197153662737196544163273535306126363789925891477469837215561384700033514746135073224752344669888593860,0,214572281518256249647761789939007169175955288474109951383788519457998880744352703465010336818617474327113558149231092186452921560115416387356110880329671180979128485696601017226884984719941954816230043337590174756024213240333819678284644606195583709055269357914808889855050482368183606237763132178758657804519174049699710129888665863844342257021843332451629999050623417521181893991738407539734458712235261436771134138671045482070194905374933375958869329821787564178445212300542976009437884617553396940150908219408213142639925951932086721231026559381341390022856472380696,0,595565223558903613053468851009195786703087794912489341282055851558494306904102361774394832393541302780341950277717095791950392956283546581089422974778251254981181146480900565878073384049137289023050803274947358706540424323305666083066613939243322097729577837529132615135044915995369773779650143079587754868569716954577632633007086594149389194713840795894219500733701379925408999188716567243282361420722105728761798302363732659095240251432468451381325910420489235209474002493056981061344120400576765261999961,0,1277366352290753154366045361385839270273831755300805712636777915308801092604245277939839330595087789909600692902673699087083385832841454743519904801450110327325064094629189814884159907845672025802765632928326863071452895306109106061079963627403101287964183213268242165198121203216892388383319455758654676273983549092801806982385556727162341237307273839197871979400019053205324701547136600509882922525040558636649449508430532353304176045487858104,0,2065888496069077253927673043142698112850361653001550360809029267446890747149212092000037153059615464941061435125901690435359764449046835962887083573131297490208865890362682590916363200419971215959063244600923239974920496859021492702589609229288732728317754567728835715488618893304169795015744200224189761835367438875976732617897965959628687975963399694213533409254670168137885773236,0,2371435663146517654734394516421977105656440962932867599504020480245824363851228142693214093989160348465689391832212997829713865171133982639688012641280321119156355558038433079044827611839609104133729997498672904299256540630631257686440160297939371445011186703699333772797885833551970746674124146592968719243578894408164,0,1805450513263078634977539538987910044429186510827950641942103078190549186709325236246875214893113445051711159112012976682629758723991050426534096463794012467966916818594573861049740389265893856041518982433639582595355941325300951413803500952602563951664670,0,830388186247325850594756138889141320086901277880174742121922154488449738679025626768086227035463282122412937874270909268066657797366972618074424591282245810315330313628397151267521281939120080,0,192450845619501643910635888530594075269761146741615815037441954868955857742781992952644305222404932779190990997528775105052132334,0,14231361705651838442279908863235032549537455523265139346428855112,0,1 # tower2 cube=(-1, -3, 0, 1) r=0
7342497997210327465778880091012147203915066425123600379712197556171357040419350122273713775958433358619335032250365860809310181647347984011416171431891282237318939916251442162058217872489366104773840890157462437967913083795693055707960772249068883446455693896356743117234577946085986716571498411202389423335407616,0,54733479713073297602028453728511699226076691036061058657236814184095760749079372566815599235038972033636810322069167189794405842301613248196349364724147738104623597707630268086484804692314084289332258960924926047491460418629028732259574463795060437366719784075346783591197682435675121516544,0,179817508137433779267225841882860218339775862127523365878173270888728444607820976974086086412325943681759568347950303589211776198521177606146263516666364959702359478658979477247343057230239850945236813932485023185709649094197272688319359163318341501877102331557838848,0,341546040575590575394369116948969928679448026372301094215646381473796263853103401767666736092894653811545987388558216062996500777074662951386810344519272244987886846994668860974328657136627102464027293105042632412979920665635910428250983104512,0,413094696689589590855291420177850331932773463590804127318618456536538675411769376883779744710021699220731058135523650087440152118909950938436514332150169068315159271745519198140675386529883743826101601704256334339244032,0,329717042145470038525628620861415778115468909315121320167638603145521083118278104616233447198695309533940048156824843066351591833008737034228261998670121370334422013330799088085108784473932038144,0,173557111136274177705652871233872159438247113434534519894702753055026861064203851331517429159240297182950211591296381683086992369831024909591273996590637956168485227724800,0,58081001292145514150768835494945007637205923136653392210441679496632991650903887663223474436143471562404492791113486041041738421052802682243252224,0,11229480606076851808856030801846432455155078057110514245939936783529657369528188361543371834649566028763371673460901150720,0,967960284559728446643694898218113918354228498201005823039158362482154845841632898573549533396992,0,4156299313998099376012054732236763145586313080249234938006602399088640,0,137227180219027633102105855320391680,0,1 # tower2 cube=(3, -6, 0, 1) r=0
908342124823567337573430260199645261190843555410994183445932581897398368269140080568448406443804862165459073021157020730434917627894584419534908024024052247921857291384163618156711073165788602768266910871786796171177022179298431598218474553336525984809506464110747048896859255240800835181702682967898575070397437895193830368272775881336405702616694678058312139137285787916819862370845230267621512509790971624627408813870920541706952060573328916726470716043367613762699583391149725677497835328847908143367648386367036153192252563562736417822659454378134962548100261122141392175540782710056425136298924071659354206663911056073959496368888704941635692288657409938271668065323880703312241969683178788528005898092507660332127565266262948327694831099177466109495524533513204519255934351888935344819534659599885596397540662533,0,54200002141219373371872569925506128789958458386535433888572713649633933608516389187599620551340084714785211355690307819971323261963300011793157223032315069706089955873766935066812073050397873661490038596692801964456320556594633691651445242929521150963562053354748988817881200280357033810508991873041416668113943692794761645424484562244367748158053158985856035126042177757334228623283695080130918509604337579195695113860452770173280877066203743321531568544924768251161176218087916901789142744039478563747475992656860341806749511754909843758580387237664011450705983073364017212621215537164590615978564071065086913795319622172442853045472325549701246272251769348527987609971762392021249841781377703244976945660555534399099143592523792655716086558237266560,0,1566092280763659149642557020358619374353563517251427392358182490581405588875938611242327004020698723709183505342975894295158284936464913822595391177725650964291150431698719271984131808079339512903220102594013175198601478452698116126133903942751920134724441223465553398937793978372115393826380109565664724278819533541649183997438296886194717530274609433443115219718715537055554057927483107728360575163240457363629990615496433493817714915504880323856327711151944771596522828706563255725885858913158702452974866151397474227165168061400775160642533101081428288604281175849950075502444777851311124885998883145110372318303480387017921371576868345916535512700007890130043327052455291553680358,0,28743136590383591366619226523277843255458228717747298714044984032774164998098824152589938002559576984994520264308535892984001443728603799255638794181944719532952418846756194106961633609819166636738765442401001925514125119108883787854457173355500485374147974016156281250774241989694248174675250597072293639102901142611542499804075130495726758303546013419341751892898065474296845603340546575109162267781092867287335783354408974441579430920016627740923064030385597107177187972747230483326763653006557037354787051802323746772441742102792332810934433007778332019341739394490938921412059889603134131354624678201671190268968,0,368666420382487778290634168846512998553492710681826490887506417687941573282263281905528510480313328611694867776793540545281187208569548390250721253156782583923573597575456774687049683593234474155883628321831286846638422461213040968300343148161233690767301814175169515275848219406537109392101089550108866006174336905252156724037419879240052967979396125411567657964282424085879787698687574665538191311862087501657210778962924507038414273015427775735316898221599218976530471423391487000537072683820420742865520053593834165529613591434377816347574066295,0,3437283758904634121664145624969549078519451236267546824442109406184871160355941382748180138068396079775255053853394799491605707073804242239533304054376968146199935255484122663039991921749666742641698584547566621624930662802783044733929051843731546224278448052724037401444859047906421685657454826677070543681337132383830625035637681575785109231035465400327210685135692063123190176625410276861982149907899610370380345618623513352590362640334861607878866645374563939041982010551900144,0,23630997848385206016935801456913492688685220796334041897537790169599301730416557637759320757981681138528017290580195492779178361728591607790564937172559637843102062540623822150369200351609429958638902180538749484523696223047532107508195376282197112898363986305486068719325004644209293107439306511271279306371159066778761862256783374137697526309035187205077677425752012704632246637388694479101706551249496917040324,0,119738425188034557222424702456934481959194169326753699130380944670504148308136417152538281276302804114739849479703771388326113695577579049728331798605525377843429953441312974269359246074106154014783458502703459652555354762809559123587838653192595800967066168916439838553512028011794864733041932365319070774776363580492466174062165621984854850976,0,441384477205136656080887910435095391481206649802141489562828309896904055247986961949637272010936403147493904973256727353228511643876903777805274002726416248005935176221114390961659033239198068500566281995983697781342204471824384263745467939630125837309960066265088537943969891,0,1150301229609413892613999750275215964945391621554422236928918876285617554181998184546006041351291948964162296011875328703803915181636989014336068558735238534055510496564998445510414717369981514646257527554832,0,2007388884776487565764642817842618791328979250567411222006000982886181478634257019823809482658663668621973837238336800042888302940586768054,0,2103372246472991644590937265815824401311922598885581066337523409934008,0,1 # tower2 cube=(-1, 2, 0, 1) r=0
9055638721057542668096494228356088432629033307321616450711377068265692024553453600409948061974631492941817379646104691980018520985886468320290059595592767496742679537982446493058987164951835787592075830336070309066228610591028979319318329032182067654799164930043619364904443406321715401106915746418936105533550865605554372901167998194413733512383151549197902640828612711870735325102974311229593996309887546799217286151630579654740090622098448023534197023755980181688228647960668617219730611969237933869957397231775439101029156389226567770066185781004296452350313753714856250113824334315406677879777721450712520548793965093707214535444110375290476314747155867506644106089843746764061409313726276343535874914291514512384509172598597186918430924578666751161,0,-58710086984144034776687952582445179757492219003560342355736877470615136118240572114244727565872034281254034566269481923743095485328539846705796414203899776279880499287695424369283593766515766266073656163694792287887632860482076344235991857654815669114175080791764402259785407126628560425579929483507749728294793077992919374927465104757411471669601090687989013986576991836505541299497771398519351372319549997517206529967354826423437082213829259062116771491679457827813647879309512300344928223527669237432792371497051757466463655930827731310966082970371689371992019858855524721837566912731480914146063284938698815356815700469084716848145223095497521584515896005265795916927143951651390692061468,0,198401269153416811024194064932027404955507847946909366826793010082049088989876609526751220829797641135305650510918056193039770916083403926189137397886593680314556014450469317839673303054550200224248533901977768582355808725831141155386113085809748916250727829234801182247317106053666060580003983013170070751883725415384877541012872638575389581277566250770588211662253753173054768308169581416904701506577552785284685200607654523892834248503203746216961228289216759616311472219778187654642069471806163033592363959952210212228891120293516398354370201807335436912167296737603859176830325225275517212620713279361836863180703798012215950,0,-1421807921475446320160949586108749120327417081282942529643260190293815320944401405925374432413527755035481893616736232279746194103932055313663921644594930957168371447659719877080981343964617243901081112470598655288841495796409165110373418962813674382113600150041431855964542293468045401850366971500313953363151589067554287492014930569248470656281266944570923437389494144614525434161245346250279552919834410920992157199809860620158686478059071606341703453546565469269511571522104449463960631119806981932317176907242102006151949865901486997639000712606591035090387187964,0,5238748413774924041265640958255036596266668263404857093678965983404235263491807225728099745075669675569474894769444909399022435701665473029497507602759189544350776968801939811320539282162453928889536639727948077383918191822587827036767084382642821720698731199741426450821317023763114560660431835438600156840868165583826393842666198119681577364512409209176128324109870814104947348334674019652572338839368528174070957321098973098495201466887627491415459136449732031320050776329019186392066032003994887576399,0,-7138438644441937936193585129398100390998236866221427709951333600061636898348361773205919421847589930133896848535838146370865505623722833345289455223760917530864081617892640151425594284954448135590690688547281685798982176637450756783520510273351487812161821315754166125747554407035347429090001908889879570063497251701217222377097223537165849579440024157562169703049868883008618450330805409857621065005428997971667133496509371942315563688721904,0,1696028021802864748024488323898552920235475834696012621825178935145782369118536974040951311982586178431833356083637529076103065300861687166142390232529580488687736877517587281519837141529039526730989156829774580833199188000626236059671200426934750231312059337221515968900160524591740851209045142481932311891698977354392585907426835771380767134674892372164767719157321532543732542,0,746650396664028020488622284852229085001843784686636178384023499996029565199725342939329101674843757270098403333952388113688788805930192830894750306922866017514093296731924389895404153110800796407079264353463441914592487195414263243232858334266607987544836252409846958594568695334622735231275429960672788865597837496,0,5300634009629071475072874558733856699557677990356378818231960702076782251543604770844779550490195245221400395665144637702668551877390001746926554152215972245088184683438809986359636321964131507556676216625659625943820729144122963622692076268924311284340,0,-5030867958051844214663572227134714679045273669746282537732927808293888613204563814135797267307537403063514243604244038350665492427397868391953735491304305785787403358055695270257727806962468,0,-314727754291677355692512542868781779387590979863232995158736079114146977476148361710711729852848696418936663045560807637701346,0,-207093925120866860695174200016863411233853929545053150083700528,0,1 # tower2 cube=(3, -1, 0, 1) r=4
349506086620416952557510390026058501052141451373784664868041721148702299339136698721406827821532130124441831216968720830481409089579201229374316380371001435049914642634449984101101678641656271714934251192228858439295023344724873402825456992046239478203907955156567252146443566067608599321307527636398566528946732676126340527885170612252874212080252917267240772590867411373784284473374865754966149867953000972368075740251878508878211591433563766736897554310718165566322901533515853714855148202272698383604333419944873777343892266010230381368568568062732393800986261014080842349182927668024025756500121261799155532634707126827159100730621825371758487764197353286635880448,0,-80122470154737104218537892640219365283107526522694654577142679188152847352706077720376785475255759794146185623198016539384748353044156343047037524903112705069775128663375267555969455803598804597366859539297972335945116342303864860656462063230223916169002943694386535052346114100311730038563233380407005851760590974858499746875581736609996013410887769770432823548023947506872716786826935682441510537743961342685690990697085845612792376412862194518778781313537475021818800463675226538415636844112107724723447152016617826113801042846589274782859763987631098237610793275928095598642353740758887197263988541698489712640,0,8455365045242543847085088493945693638512203131190932998873632153749899827483288191011799761343109446062089961638715823934146903580252823967382462530736277239835918186074931921776669924739935446564015707786603501466892141799688342956757731519728316804844234146309264425537415461340169315320106632563124057941742753934342476586063068498366875229881023964953979013254505596013409521165012144508226812788043771542969542181842334449074264152410845360382491039850609664777065739382723333852306181933842511839659067750339905860555585165040243094592634285494049439744,0,-542880228917607350604532002714297854569727693977824492045213895955303350124534780342226019415311911840401010670390425641301005802653023667654704607443070005225775832465791613302394802604285200377608141418540124062903175292245692109447509016391167045943327721449873654684878316165005645746956726337052034066298449995441023389324991768185837198881059599872853871626137228808352463977416418692951568453641679234801027847207268648494271694251783583799583547908021151225186996391183440997853437073468164145152,0,23607591837591658117917650457223978225047719724274740889667523501592445417727354908890943098068113188194497086515987040594498018546829626710150219692896130196007731924966571877392509855249845700611752916924267875959677709219145800291005525702413713251266248815240456308064654101099826470470710424324093744867106195983019183966670984655655040325312367635323572043667940686835173559844197868864433446054634519314742440971608951069839922126766433370112,0,-732175524182676646706410187502803267011717740683546818023386945348839660629975044569493608465954490740633066618674168301960928296916792245834122606268165742788827375291955329907415946633807583018239214210609331079964405949345372736811034133355311218159429687852158614559608591013535652889903949459499357264579701085497852277625948795410766418417827298253579934742532686729674315601692820766720,0,16599724604626632754548955862353529876964295353013027448525694315883120896877726365323158094604676048038201562196322944123291549523375762687196496950888691497876971643573125593762740133550005577224245968021804218350759865004160918519902437905823325751278860026744690152172350970087939893309515338481185799128600425087845786057474716991488,0,-277087249979118085097711629114483023007826271027273424243539374515635680733730248147717248122904382597710001790007426659483864266102434734899402685263281297056426577354118615664083639112022830141500269016655006887299074534919099303346398235300151172201058226612284694882557569794048,0,3378494380617373204072492282419803619895843120514515566683035758468837407947119446670825592674874085573894006838713964641876193765711413727138665811926186751928055939763257258821646602440206688365387726531472218205366993813504,0,-29334998910440819024689252145660281704466518015802026594780043507486354840253620845308384846430038730261313666830545477837357800377807744183366113049001991114080213008384,0,172124060272511463494185529106129544462581650855223805087258351410202754756798903000005277499877391520031223840768,0,-612617217109353747657059464563697299631521965330317443072,0,1 # tower2 cube=(-6, 1, 0, 1) r=0
5016052271308086947443568212738827019361317727308946688397856113640545885420961640395146813561994276397659578829063504811134020807695857448532489412807144907771865792452620361219283930983405199388006241359845695441356629717720176385658185813412428536999587459929082632060024272399467120881548334514492034450245104411967593067138489068084292533299892499537717366390161907059075721279262459792871566699977209576195261016819386170661114242694043399876044245310483876528852401080115419924286468599943564978894593397709589669983585545000263661771982477570102000267979016279987488952946589085779113139837681961792741796164640402158048248282388722194080040293281768555772460509,0,-971264628788209499324810212564635146810698921606439407975860328034056606619386660002681058336101829525834125407341608893273492264967416383867459551232656573492527564865113456364158005461979583274688285246765507974126423267832356516587301193966802149290307990555506063536616236552612089579246540815016855938021855732190003447754237688174101573237519655464436620352791589794546626918212312685891410710153244354395974168571122640470995478779690887445252677701446221742306141557581007636795302449981488804859486116986497894023183104515182907933287919218101978838801375969433629937512192390485442915320276162503211044276,0,83414202783631340149119396873100873067246623363418022755354663351706339231609823752224127443281988736268894443561954166393669349711259817315098375654565820321687211440216729151959267184791185460445212980010708272299870981902693306643662720281791995071463591788895051940229916663584034655198356206340360731465024990788190762668861277948005606837759749284026151473876902129683598331545153344086737892230072303054074122382131971818376822592238000032900594140667218648290737888349205900923767033552133386981561166737372284262770830242099456818366901183142559338806,0,-4193535323645418963326566022489805925711603835963983533333075091911061096411308598025936058606919661667012683557481631762255192889227722696702073792004234366876262141060478090649832092915596609804358091658304679595087936110900748745593328747867929054846187467030738222171895429058278397367857693708616353500828357357593675521602009349446973827450688115230008811093899503207518734292568909897190996505930757986581185646499041951203008173860484266380042451591023842962003446305098528623403048769115632537524,0,137430515195729867178701368960253655371612893951457840484631839878382031964490170274667412687115702856868167807225586671210551648277104001746921093616673348474438752927634436009165624880209604814191322621430058858557708137544623295954448747016991182373905988875502067609501444092169011856101295945065045415777012433441392318704531848899290854320844334878217173445249761798956025669141634934927517429416718802506693008115727046147212347745636391073103,0,-3102777129729866186470186880497636245308841073732943349303357599009476213165469969356687323861821479133810934845683992473998604341728907133626039057937429553994752837797045182089306451135192493492125485022293175909336445390832519722135970107090702406875853041760661356716908026793213679749630530364375051510419086241630434756665948561270674152846845667215893429829897935553107009794397972554808,0,50138791588912405147582812683916439078461475754094378792432900841535495049866067401738350989234960462495886468579663877058253868259791219955834308105539120752461410175588050318541113013930187766176588634003020961921855086231172692108271017077700318817585980819924484828088028549673068148174350352497775818203754199937055428336803010029632,0,-602521424498693014431449896649848698559186731889543550016662375013656526739521816304076787845066515790427119015197714873919647019632236007848251664278167740885030815079009698681384725027973810383625012098346673214152270751846345345041884994459116001306458422613386266752868535758144,0,5454131546200011861541238799536287177078905139474882183375138200122857897747507648302972386147672445196418685213835680918420110196447462579642323959911460523157196852151700335948081527587349749029622603039918897835761588234831,0,-32936913394641217323701713023942544903182077718735222697414775228150360871890630767369709207711005993805941536259177222451352159837486116644403049516182322963234086626884,0,76910267433519534749694711182304936040354485212395679962828431427763181920450196287782706370304432799399582036106,0,122106398481158572706459192213818863527309595876702500772,0,1 # tower2 cube=(4, -8, 0, 1) r=4
220670597385560975864343912140237478217374458719777211165542940773262915419967221047295197332478088056526822733635273817714038632676832677383398069899800562804813679562702214222354455806221275981107110040768047690583916907152051768661446679426211552725418787386474427120656298730256391149344651154935300317129435742954532360407058029211674422601937184150846391592795010427856777675225377169214763330251136519695270068187606293980308176450896681572063777844584973238562012106223235468923313852058663,0,5528707141067944975635613978505377278922818212514333418576406190017037224694106065773843579133510555983939124858017965668862204525802984307263298541703621984964674354832087630795566412003804371773739718692155823214752086549520433231363484848524227248415715098625968946101756721757448509723104955682490948443949458783470410465929259734913803895029341340148868937502558381189536054621173058934907264165110889231864529973107738944938197326151920704535719253936,0,89661973903019187172576030756748203839238834584487256601034973967713317169358505520589612989566722578989306358689567879166833507641631025441317276100047380206138803785163452686869990676389541527668311116381711195158529302191757152667602795003262716667718333233379904059418340996467463872859074396059998999004998176433202025779366161336695885499674540654329696467983457971869557279030233483882001453809929498700560644,0,1003282325641618437883287762568432341716894074044741628888814777810136850215011682512801601188772961934847913992445309785415852770722465462287596946994071158617507895227254764159053658561598541908137226392388028357216138017414168260743985490663784115491536263484413350464800101016236676744608002872589972616844967566378571809462758639209727480189588170715845690097780570639452,0,8334698382914109304904383176801160374904238035506597981337929459176221460359946980009330123755568703197845225733154799528839466278232427307947328920580185015337689271297714679752233244289501119474426337813016953196535732333382242076828557280651148857884918844278399660230640081245543603911954537782303548710381995658603046271939368647,0,53408226657514612276940551169068844794636018529647124896126651064064374625367762704825999953411853701660353055232675738486153519745354810452885979210111562883074968903191912562724662460420627040322868474611345006658726030007171494266996557640978972983982131260232056393814190709126211089138904,0,264295162354229316883669486241890335751448841713999292000657012627133773840871385991316328102300023859403385328466428545734385741268961963507253965512573802200663520599446863808968687840117513118187994057234665856715069569540463144994341775134357876704,0,988641006792403592672301920880131199599435814271707307393044084225937583030480426957366664479853388668972260098346986862142506416071137049211533782340030841005039396143945813747421274873667189741452463873151984,0,2682017532549899363731106270095204808428550403048890789259203657033103677066747799152578380491693694604863124379721938495636840981091709357434924703485018571848203780388,0,4972247434194669729934933993551702018659272628131262119993558016980492589450196034518846157495570210364246165578178138992222756,0,5805261458925435183850551558766806426640796820770065655513763830002527321900136217442,0,3744571687504998653449756633276972801277592,0,1 # tower2 cube=(-7, -3, 0, 1) r=0
-55472789075729403026516687909885072282499985005507058751898855076878720051610128844453736387657117400943617792590015250955659432989009366397436124550460387203014317378402649637604526699988214176019600532037101724374418922698054041600707324283217890660580219531,0,97278588324272563233197740873767319118712512875875034186084570150506651738790310439323867578937900623635788652346152758576764768892980750149451232097230515221676023364073525535759607981011802433271846763223034039259764054997749746074110474,0,-16266031937439007350530245855699445986759357439307599693969553800870890904441728602607962218645259962596274885976797815965271843534989570056116561322803206746606020501640964108886484992533719620505220144211946835408597,0,-119520776491092964291785518217449662825416524205773075864172126765108355226830062686354191985935267310193365742926186301441455203720164632071535031787626134159780991569389674470790535904696432351562,0,100279723262079219389267718384987975475344433359010573614249240152144290864515406859078313151790664546491738645544995102680343807535684624589907986016672376370671821960257269330,0,21198168266240665485107165103201694148923182490341831186205879055893586847233184028754952660576972593785977435811620813034619929872935374589701729360979688,0,-66578778394876511423442151067695677620398274934188344923949059357780341763621609813948767922936210084798818802536328511751691207303975,0,31874473441879673630615135977467793087808445160556201225771631018871128283752323100294230850695263433528176749498,0,-4375165167284219199755475727144693238855687468155221031606176268007028709642578471394698981,0,-229183848759785729311381518395504512183333442597327310823853809909356,0,4487897316183373117757737099014885107564522850,0,160845914023323168037230,0,1 # tower2 cube=(-1, 3, 0, 1) r=2
-20399506840247592909734867175193677644069985765332426579732228123432502296155905512480586230594283217695422788401772572312805638690061175034585118956471319655035676632806844246889452515008382597244202782370074402999021817172931437827116595211012154689664819600894789273265177006583568634626929128941340573825732029785708709496473255936,0,375792737978240956108654458290536367334807263730209082442149347640541649273562302983743875461378769548008551204979487182454507561700961838799121957417571051838435415676050455834012433262266547055483886588472868321048159013701118817753956039765899382293905403735774450901504886694309156183349020790300369485824,0,3499794553073271901311459499296776686154590733650903371018277761802030850010801015828657655673818157352223448476566639008819617649753720210000152532942979682063708070145871493422157358741812303072995726577443098277274514156959431632248902863311238579370465229873636398617113154027520,0,52524356582903995533002653445061917374719442068193527781737508408077800069913555099928444178833020271143613555257676004137522478149111580052356420834062203626692357189069114248137868562237840286579876084175580098457004718155644970168216026093188959581503488,0,216771003964062142718750985570773574468990668686440819786444010146741225589080938879958188430780209279074755531427815504109728412192849189395421250934655775913322358674979846254844393216337519311028595452680957483303220163836379136,0,448839238602572438483223838501903314179889662961289726217958577395625373891182068525053777714274361127385442830558055072967098004259409045074559636573900026917129619738645865765667058823967187758798077952,0,546063146321052433522453004033361425927493373468003842130890962504000201738367327349215331846802327035111325792983968486163782908891195235976094732972560760457788885098278420480,0,403827527390546344234266100068421960234439496490448534941974842843648783861540918825979572281832722705203682962475022766305931699080991128765442555904,0,178485232210188151466715648660819245689337457126243406788750031359582170002871351118905109411902014098265973456783659761664,0,44019339950276785889191591435011833686135325578745149509552013026421627149250282475448979947520,0,4993319717136466218267421943941134370060886373262649045043457818624,0,105393784722771428168903845329149886464,0,1 # tower2 cube=(8, 8, 0, 1) r=2
4296060776746517273529980101892720222115172394428329046350797871088590101835200915305361266060300915998303821497662520016337070133542747428188303953924012775566051596274505997589180859672949450150007142292390617784795162966117325951652536429212492124529069423476042149720043224203624987467264872975647449493408203125000000000,0,321066579202277280199745014289295032485411684170854612850442850103486217890357519300696298565337083430797254086238094039722356167791414158291890157868171738003290908491746244114402658399571057366827068653248291052377249163209360021872759386909240079781280297055445771547965705394744873046875000000000,0,11861468390881349813364460943076207550941673406993252199847711734795722243026265259564751545665545325201003278271279619732008309114081843781341472878033746768694010129544585143854643200302356188256463478544167434497513444034309457175702107178949518129229545593261718750000000,0,229221849322646229724470372161414090379957058533196917502971844523956021290965411826765175086997400761629413488548978701738916798590082824448515580303743899468486350274762671465395951529478842608576077445603491611336721689440310001373291015625000000,0,2387536524917755051594157443499924371327511348308481960027848801202398921022675904021273010759122925509008161635642665944261262514527183401415178557067401289475602349102816590619736969447473029504180885851383209228515625000,0,12966065949335521965168531626597815716249213107166475572021664255678159910434357485805994469427102011688697772711697291549450754868206226617493551771535722355599418165184033568948507308959960937500,0,30519979737532028820412811531008713374519021640209934702525470118516201428867579690018933952493679003886626343507139371133676168483528368113866235944442451000213623046875,0,10500445509675649602228559333167255739626232438853378356637069096333564774015839783754917300627994020817412845758553885389119386672973632812500,0,1858095151647376415402390912288458307856180619303297714510072073526838142519534979868467416963540017604827880859375,0,-580490433154828792864067573555944652610200929324091312366817874135449528694152832031250,0,69768783589531171938206250062150426208972930908203125000000,0,-29893925304848837581347656250,0,1 # tower2 cube=(9, 3, 0, 1) r=0
-314999274014210944736076584863434483108108145055574374058639377075645451576272713602576416508415364713543376718606471425333874892847832537861566227705410503275192969330417638253700838077354534307038574555902465712664938024764726612424598499919824209403530647932335899726459917204815362244105151411350990016255602603223646022295548905322007722814553810645350878310826672245404763606107851180687771641058112005752928004256794255220687670539773601220970524767414832357083902535019514749713444573582712471270658082913372950751032591757723792352084638423275848516879570236548920841106731123353908654672709795971771758811306411050397735606256192005630871760226197394240742574856580758893049315889830434855171296483601847120587286757585441491079981145558375058112512,0,-679083877974824902838113284296926791958224020346096157294006519607971426764406144426970455977871981221594413225335941710788877647469535241645814060915359794705686312132922136957037837744496969380949667211481292687120276260599460473465007137813696879161739120918504048049020423660789595034278286856735199338325536310378070570752350401731338512481653252717592201657152303981707886581149790111815409829857123080287030423135316407686386549036094510015343913648547182436237277687257534024417785972056454681447365457953272858310175731577638750281782332768336753245054534733282641267111588447584400408684003972221213917431627060475746428871005125357260668127183819411117503583573256714773041839469494272,0,103160741924726776887310806854505259519766444794435812137615705310449616187356620800466703544231984338391345078138837812206448066397748336755537176221732998553895371458682467873449615297426901883104966108345579140079320841354616133853268770686935433874026317615069330991292568830399946237095512934821769147843967653334160161279663916315797893097866097186229383798508279799277721250508228158504673903853328396860637882791928074520824156448088918425462011386924728382602403789806882266242154253299768893673713380613076869569207072816927670128793048484238338833218423794259968018647488293741112392135349316895010430013351985644545507328,0,983162303589293150720939846925199614679665893650078947066449502889714131999672802176075697242578964359607146458948410305345245499006825651230870538055633838012354327837177491451843328072294145871007529005998268250007559085451030389110573834013626465942595220556143585387718699720582468832944492456388636625501058352058835397770642201958254303366604310613988898948615081985255872938880755984278446853996832482514495727556095732663649760016255121967265511764061120226781116802042345458180480717070392471325918848740847305797462330680650709965271091353442385644572068806656,0,1138112181732402794374796708883294603733265965148807138979086045483159715133809623046540220958391202175181269881088536494539222156911096033013664440736253704172026050198740616070539905421571921769248191676147820664237282205508101938484113193139534632307965246232929835726859298999864605522541933634329444380016402214216420336789616880063785390422338815927805039466578287894526579929188271421790071353115593718143407480530489207568966198301842829585782351978334907343125549202136992245913731316257743450406912,0,788372498105216773118197223457598491281494894845579053272736678927446567922498580083925016638837493382056655076163788804436696853565529850120305700951497541105049286859015632569572630211242194367149165080014045729824051196380465769631594807993043422735546644978496715121699918991960203014300057687222102190143416195959010107419795339908204037395771437297660252250979195451824360920182407138196262968241808537513650131828310278551945133464485888,0,18509947495847139697083209171371854424082968380101082457533982268526219191238222939870435864238690932940252525403417301229656169561251709001946674805077249326406611011368995624890491728651400258543878244740254014826542021809905369990804730135105864432449820784410348672866060092475466008495496803863058825916799772741395005950250955368623501638912579589239630879480952123763458048,0,-37438870436694716905408013082182697091069345593769856721972945410639396600181041037699989913966016243816680519508931882418506349718975650675350166485532165859883919154643056669074917302230855817787237361852967385396718195993008236364665592718407136719494608503088971681631323154319603947217281644703108836688169795584,0,268284423930801929931090145969737346077539151231898875182954229121564448614979284573452131448459109900856291049629530163120011595443280576018839486806284849595766768915976762785298325597812831981380854846237197575797780525956371756087680157985527428022272,0,193817674273308604933045246456549842944132638845496362421896331883297743464893169887028350754628206752188549603200709524160574827508833434964661205542680727370838418414324717817646288943972352,0,38802283909549879219332645207853380213009378538179604072985653976470339542090200665459612681809009779667432807935976749144211456,0,2046902425271734296428178704525554277021863180326749356878200832,0,1 # tower2 cube=(1, -3, 0, 1) r=2
1448046742516707401491210626018443639998810549256522441494056425964931639132392724351414298327948496146696264625667690236312054195858771397750308480493121703130285693955964038045005378619786260328929944280703644071546758584011782009131498382581436427671523798994734316637280305556053707474413289472,0,616268637290802708893835961105891106329909917921241969854856227388513852343274137676752781525141626271289343256939230839625583607338076144923630000991469667862043003508799829611563651918590418534775472452199147929528412807996036533540685343739331052197248868011928885133312,0,-162355400928235188590967948920056496554774941239250753974477177878707594611752235526456566850451438186964357426526452962333230824158810408443561246581598802563637738704902312412087198171496486053741158538586207361714404110232508908716228462474428416,0,-143729672719717675646873905719310479959420213093851211716691487289060537293133913215952185534728938483979542939018987176889348645424208646347602091577063746458079101645742726933782125303294832502375808581471124770858410704896,0,-32865125943573317826008635431194235463282307610858358484882789517351910331103167759730519343287103204688802138717398119215952658611672019578915837835409285782814963186193082724799206417564011562270720,0,-535438470124157344785130014330311368609267243228398006955311061092753358557424729824970464989506093583387916956371943237449316494628958429302623513875568708149192935331594240,0,2763465798721289862139179814133052673388421918460224246979050457854399079266293741321488935976896096394625468768392028264878110986460075077861849956352,0,1165546658035224633694115753873407573560457652651433184840694968205691440283734917377603680828260533231585479469191520671760384,0,233359904373535799682540415367943068628073224275231961184942451310530644717600404509285719249327751168,0,25658280228772657850155865372015287950526702984365925132838893710245701353472,0,1706075783185784938769250944012752502754386267602944,0,62996368881481067150704640,0,1 # tower2 cube=(-4, 2, 0, 1) r=0
56496791086440008046758648141492957147267718842003815502791358286262180390239617091501753765958976848439238603120900208770933001123917291162101281312083785418957311342310417816488631634342750947835438446776116595457531501131417317952704580549539488960198663812184019403807913234329466463360301197939951623565310566725391229936348351538049,0,70748504637120797755279665877111166912030393469745393728011013093823199354554879731934125854049481916662506601016852028448986276909886518129012589736330499286899687550610509836129145560727814763915895376514587805771164331961447850140586133631401431370612415552518895070555894667212824523818101197918119411585441,0,35336445761600655522243180123126140211237420623925087196320160153084858629578093914632377540052481459722813389808426019131061723044234671506730414769368748019514515330024070697938586526135855063415535442177198070833909606305606850869188087853849041569217526749881049790047112765166163,0,8481862176313924343733564441454316821717750359650830438375280272387652133029121509683486604313137057460395519095503963037797006926658560139753217137298912241421606300306788607246504284524830332006796322310042834534190392937442053639977391344249389728140412,0,798771728317916974973988727218631185075372173808421526353296677728562154244724070180213737431313706063279347459805994578928128339088667700518093333276219975744716911213183844643478691299191202310704444553781145169118426051195436,0,-40346132596335986997157124712130372229170427961695791669681440473591010328969153336681686594917377466414820403085839050219704385940300700370192822922295041684025846283324058663074417748996304014007695,0,-10084891459594911929940160219644413088629856122417973981099020178649450432156381131598506936795510776728517504158809986495013982336029075438868238544949326185180584865266995,0,563902541093862505481038084111394438101786866691387129022791026026595361403006624409140479038904730048994697899682177162991429285379610049541635,0,125009478198302008747875730037540861334425722530498888491161855228643892595160046378128668454639927259882711562138576,0,-4478544674264349647881268965362925559275758000177588083076649832302286596574201468248894,0,-560266392960329818545993474077139715708632986812495392874988,0,39626640266068854396576399507312,0,1 # tower2 cube=(9, 3, 0, 1) r=0
4375259532376620322611988294906415921159619084431544744653225101850998088018378180729599177671700775216647576627476745378709397747912274113048334187104786148075051512960131687484631770063783642034483202405587056832375907814979907021276139084268430524669205873021946334975968609937912763234683303739987433386697723988122270718700520903517235631890306697990120970104695225393078188440445785674142566863691482963464141405895105014730717050624219024810120672311553126089250469438593957888,0,6033314251319244235028588118577111101500094492616329109971001699572536760307926061037223403111393033907158974945313560716367274039298241543969848363930242331988687356725644112155496026041084360349375879078248083434402044691079222333911980803675592565758085321143345110850085405903772727410748618419760110155007231702635228464940381619309091851790298861635876961521615008369621711065814275119339801698752305859547025937528813844081686947897016320,0,2899926229788066819970630814701014529716935322965337187239017388729452966778986813849480034096259953190032131937996957294045417348207545734207263174216179304690244749911179897929268089046680139999634284056804325668492486184318800659451049965408311441728519519772264882707381558488336035065735147883052678242041013895907103040603048117821186872731202491468427178747756845188105389055173553147366845938925568,0,762923651102388862611855883097685258696926347326153779272367208688351938716491393310461243818365100996794758837961820642080798374329216103514050774045919182221070451285740754168868008113726531166053229161165419615294979500365236439175131404456087618416053267766014998413946220375420097363747191915250286546968893530165722797769295387172287422986913668460996492001280,0,125635634236814682223556090038130783846092177119156993902278442338152679549159849306594823332622841269555352166599352210272569538245937622067585704679999829162809721538728493194938358449591528345526495098784266648533778587616518033089442014091352367257207409325651456267067419001725522131814240971587656623010738021467898773504,0,13593255558610710908823773666716098301411097666873156132404432490033973792105697848899408477869059734363441121023283110695976724286537083932746773950977028509207852823382751022805223429230953835560012440830368016292944080006780613444738926350814253689156334938988490710973543289471369216,0,980667720082798660675600525276193309385800372486372572794130061288821075005885006669481251728017806059409450322939405872535527882052323877643306252151962383586900733529348626125304051048205417003980600601811701969311786520258809494842271418286080,0,46716597250948017366171810358138486984021988346246357178539972680778414539305312937440532330189988909212403151747909346738134849943098409967628291194682527729068265519296926681686530357789723581869369327616,0,1402882948983010652100185739717487719636431319610717938993144767818506925284538453962799235694987289315905883880871400285657942443475346326250198601201243315477938176,0,23337844776083190996917865627845715239806919976275118147662112037428580038919019137306301378086020684924106965999560136065024,0,132030540247778944037381732804336282674796860775180665459223036674014851114381344768,0,-824844457416354835435220048414606144569344,0,1 # tower2 cube=(7, -7, 0, 1) r=0
