2205446078626025,0,-2936175286205410,0,1702685315148501,0,-562258719464552,0,115928957850426,0,-15380646181596,0,1304121648724,0,-67939561298,0,2020409721,0,-31232558,0,230627,0,-786,0,1 # liftE_full r=24
332261317643524484749,0,-191168968650557454092,0,38410214694305712068,0,-3910184905664525466,0,231344572759671416,0,-8480409300347612,0,198764106893835,0,-3014620133060,0,29467897516,0,-181420378,0,666984,0,-1304,0,1 # liftE_full r=24
6799266528283501,0,-5850365734549558,0,2184279429195153,0,-465744157133566,0,62876793474740,0,-5636483345638,0,342416787251,0,-14126706356,0,390069009,0,-6963978,0,75334,0,-436,0,1 # liftE_full r=24
1602099787504485361,0,-1965715010772492238,0,927125697591841281,0,-213832859978690640,0,26190372210579760,0,-1844732735081300,0,78149030584366,0,-2011076715478,0,30690174464,0,-260728636,0,1100568,0,-1884,0,1 # liftE_full r=24
6657217124689,0,-7764333096976,0,4054121710876,0,-1253146742088,0,255392749150,0,-36153221168,0,3644958250,0,-263693784,0,13584989,0,-486024,0,11462,0,-160,0,1 # liftE_full r=24
6298981,0,-31241782,0,66220557,0,-78784992,0,58296602,0,-28205788,0,9165220,0,-2022946,0,302269,0,-29922,0,1867,0,-66,0,1 # liftE_full r=24
97781749825606219345129,0,-42363325104847942243918,0,7022085044632658740273,0,-585534242652483907548,0,27385591756203094792,0,-759967059356494300,0,12837935218486938,0,-132099346418142,0,808369843204,0,-2793416040,0,4969888,0,-3860,0,1 # liftE_full r=24
1986115273,0,-5216734556,0,6002697388,0,-3994633212,0,1710251244,0,-495888638,0,99801810,0,-14044572,0,1371448,0,-90620,0,3845,0,-94,0,1 # liftE_full r=24
7737988817,0,-21792188080,0,25103476476,0,-15870909288,0,6204990974,0,-1595978176,0,279030090,0,-33601592,0,2777885,0,-154264,0,5478,0,-112,0,1 # liftE_full r=24
191706128737531590793,0,-184365578702634089774,0,67264880836507881735,0,-11895984799332368982,0,1111985618706432171,0,-57896536748569350,0,1727510891168544,0,-29576714123262,0,282498486311,0,-1422448488,0,3423110,0,-3296,0,1 # liftE_full r=24
8000966823348043423566949,0,-2305294817204717052949342,0,207093038543789544450049,0,-8966294187980946532830,0,220327787734168226020,0,-3325530905522954654,0,32124955390217887,0,-202272736928464,0,829300387265,0,-2165147910,0,3414546,0,-2908,0,1 # liftE_full r=24
192202099352017,0,-309723254910538,0,204355538650809,0,-71877480983358,0,14821236970348,0,-1878893721242,0,151101492535,0,-7823339916,0,259671673,0,-5376330,0,65338,0,-412,0,1 # liftE_full r=24
332077586181769,0,-292412251259808,0,114144105357324,0,-26150579941504,0,3919051761982,0,-404909883176,0,29579057090,0,-1539428240,0,56646341,0,-1436904,0,23838,0,-232,0,1 # liftE_full r=24
36991630886632033,0,-39538460529238620,0,17297971963091570,0,-4054953847003360,0,561216609806737,0,-47876578571552,0,2565251141282,0,-86805056664,0,1841618522,0,-23885188,0,179308,0,-692,0,1 # liftE_full r=24
2300911635557081,0,-3370879237356770,0,1971300168304489,0,-595848859340638,0,102402990978732,0,-10626359096610,0,690074447983,0,-28455609092,0,741168785,0,-11872698,0,110490,0,-532,0,1 # liftE_full r=24
284162634588593125,0,-192262050404222000,0,55288929471458700,0,-8877379081435770,0,882129539131024,0,-57038510009444,0,2462807459803,0,-71640900232,0,1393410076,0,-17628802,0,136900,0,-580,0,1 # liftE_full r=24
4510885515953767381237,0,-3168302732609571391526,0,819720433614437917935,0,-100888456034201737630,0,6560415910279236931,0,-241968931871374106,0,5253808446243696,0,-67562903595086,0,502760175719,0,-2051519796,0,4176578,0,-3584,0,1 # liftE_full r=24
16406451815144607158898125,0,-3900428534223445180718250,0,361471632418056542014425,0,-17199874980860668420340,0,469902381536587753588,0,-7839283426921219092,0,82286824464598826,0,-546074879513342,0,2248255704072,0,-5485214264,0,7296432,0,-4556,0,1 # liftE_full r=24
400551998776599831832217,0,-94713908867486592499546,0,9165848672494769709245,0,-477305985166684899214,0,14920120482943866648,0,-296802787087164086,0,3875089774086347,0,-33584336795116,0,192125822773,0,-707870074,0,1593394,0,-1964,0,1 # liftE_full r=24
118985845382343024328801,0,-82664252764059962686892,0,13548719822229654012064,0,-981765001754632209100,0,37981381578104868754,0,-858942574303313236,0,11910517522382598,0,-103232920133104,0,556752073421,0,-1813449620,0,3338170,0,-3032,0,1 # liftE_full r=24
23468894437,0,-67294303626,0,77969740801,0,-48239374376,0,17908744954,0,-4262801716,0,675591148,0,-72529422,0,5271197,0,-254122,0,7739,0,-134,0,1 # liftE_full r=24
65393789499207649,0,-60244856592424102,0,23499997700613401,0,-5087055987552532,0,674370678291648,0,-57160365244196,0,3149848791026,0,-112714868590,0,2566348252,0,-35416936,0,268520,0,-916,0,1 # liftE_full r=24
426887033,0,-1313685494,0,1782656837,0,-1404761360,0,712657726,0,-243957296,0,57465128,0,-9333202,0,1032229,0,-75558,0,3471,0,-90,0,1 # liftE_full r=24
24182124598013225,0,-26076217963534530,0,11758401469663179,0,-2901984198857062,0,432046801466527,0,-40488964525614,0,2429783406260,0,-93427171358,0,2259528583,0,-32781896,0,258510,0,-904,0,1 # liftE_full r=24
280570993,0,-846112020,0,1124001626,0,-867812452,0,432950299,0,-146877978,0,34726308,0,-5764902,0,666967,0,-52442,0,2659,0,-78,0,1 # liftE_full r=24
4104345671927993468886989,0,-1027077302101144924399330,0,103357244953588274656323,0,-5497790325937037313622,0,171751371501744312151,0,-3317925999570934394,0,40510177800463916,0,-312234120207774,0,1483728926351,0,-4134016372,0,6179170,0,-4232,0,1 # liftE_full r=24
90291183425,0,-184840540070,0,164004751017,0,-83134107718,0,26757067840,0,-5755401402,0,848390063,0,-86394416,0,6034213,0,-281826,0,8342,0,-140,0,1 # liftE_full r=24
10649243352868804841,0,-12483574947855143760,0,5141036264314538188,0,-946252605696349756,0,92575241856006750,0,-5219310295846540,0,174855669548314,0,-3493872653652,0,41217289909,0,-278071728,0,1001958,0,-1700,0,1 # liftE_full r=24
7903884533,0,-28804696820,0,42759263604,0,-33819859338,0,15798725960,0,-4599693100,0,858346827,0,-103541928,0,7998292,0,-384474,0,10896,0,-164,0,1 # liftE_full r=24
553043950861,0,-781976406614,0,497496111583,0,-188184008454,0,47104378509,0,-8214085958,0,1022498928,0,-91483080,0,5834278,0,-258440,0,7541,0,-130,0,1 # liftE_full r=24
5664017357492703705625,0,-1663015504693477695250,0,210378314670744918125,0,-15067163863851068020,0,676107188687866164,0,-19908458130911720,0,392511663206630,0,-5198803607182,0,45662651764,0,-256976260,0,864764,0,-1516,0,1 # liftE_full r=24
11327627254055113,0,-19618016444470876,0,13391904501698892,0,-4617564527130306,0,871249163386624,0,-93948228780048,0,5876760762775,0,-211757622056,0,4322168080,0,-49240098,0,301340,0,-900,0,1 # liftE_full r=24
809956289,0,-2181091452,0,2598714614,0,-1807701792,0,816049755,0,-251457586,0,54176612,0,-8221042,0,872559,0,-63258,0,2979,0,-82,0,1 # liftE_full r=24
8090709329,0,-23450698212,0,28661569076,0,-19400632974,0,8070698164,0,-2174899612,0,390601795,0,-47310816,0,3850564,0,-205886,0,6868,0,-128,0,1 # liftE_full r=24
2906771508644428469225,0,-823582116459811409780,0,100240023827402736608,0,-6904070108515883218,0,299061156383250560,0,-8582978606145144,0,167655495637203,0,-2251135374916,0,20658601964,0,-126439582,0,489364,0,-1072,0,1 # liftE_full r=24
2901738684402139713821,0,-1146196298713762927428,0,193625272936393254072,0,-18334802173126568410,0,1073252509892555656,0,-40480552143644748,0,997607099998287,0,-15979866926200,0,161790814992,0,-969365038,0,2966976,0,-3180,0,1 # liftE_full r=24
518855238520731162101,0,-264657800079330600742,0,55738336121762180223,0,-6304492161410228966,0,419904282741924539,0,-17172852905470546,0,441629770464016,0,-7175286061446,0,72242175239,0,-428138916,0,1356898,0,-1992,0,1 # liftE_full r=24
5374650051027842843027641,0,-1565266520657139598905676,0,150802017074271981919688,0,-7152500767486464441308,0,193709402257271681234,0,-3220153755652631388,0,34069048353238134,0,-232239708997056,0,1011491935037,0,-2726975852,0,4259234,0,-3376,0,1 # liftE_full r=24
5876947295975706232801,0,-2463837496050453557008,0,362102683757375388944,0,-27280228517820275218,0,1213016787813808840,0,-34009239362172672,0,620910548760779,0,-7469426190720,0,58918417396,0,-297488126,0,911024,0,-1508,0,1 # liftE_full r=24
3837805533102564438637,0,-1046014555816061385634,0,122834993566603532693,0,-8189577587322738670,0,344571133723301892,0,-9637358359754698,0,184002608304123,0,-2421015093812,0,21818756957,0,-131392402,0,501222,0,-1084,0,1 # liftE_full r=24
150970242097,0,-223531420716,0,150300119886,0,-60673070160,0,16374266102,0,-3111985278,0,427054589,0,-42635952,0,3073682,0,-156060,0,5298,0,-108,0,1 # liftE_full r=24
106242138521,0,-166758124788,0,118316172462,0,-50148473652,0,14135299737,0,-2790340380,0,395459218,0,-40540248,0,2983825,0,-153810,0,5273,0,-108,0,1 # liftE_full r=24
6607310581169,0,-6946497011088,0,3332256333414,0,-964397621472,0,187538586746,0,-25814553768,0,2579062317,0,-188435136,0,9992882,0,-375120,0,9462,0,-144,0,1 # liftE_full r=24
592686622709,0,-776143522780,0,462273347339,0,-165562001120,0,39706253028,0,-6717171380,0,821881123,0,-73282640,0,4726033,0,-215000,0,6550,0,-120,0,1 # liftE_full r=24
1036703066357141,0,-710438066451604,0,222398305681851,0,-42053304884294,0,5349541161792,0,-482294470262,0,31599191279,0,-1515960258,0,52853069,0,-1305982,0,21710,0,-218,0,1 # liftE_full r=24
2973264660001,0,-3298245133800,0,1673167205460,0,-513262592218,0,106041042685,0,-15544582205,0,1657858282,0,-129617093,0,7373065,0,-297591,0,8090,0,-133,0,1 # liftE_full r=24
271231,0,-1486808,0,1510825,0,1690870,0,-900963,0,-878812,0,-30470,0,139406,0,54451,0,9758,0,946,0,48,0,1 # liftE_full r=8
458855674964311,0,-337147081223954,0,113115361401705,0,-22915444187582,0,3122027220341,0,-301362155424,0,21133961478,0,-1084924050,0,40464139,0,-1069326,0,19006,0,-204,0,1 # liftE_full r=24
1110251,0,15388,0,-964389,0,40646,0,289646,0,-18050,0,-39093,0,2354,0,2585,0,-118,0,-82,0,2,0,1 # liftE_full r=12
469378879111,0,-639000827580,0,394399797379,0,-145885903600,0,36007463590,0,-6246146960,0,780733116,0,-70847600,0,4632595,0,-212900,0,6529,0,-120,0,1 # liftE_full r=24
917118077413513,0,-635735708593624,0,201246139182167,0,-38470139342066,0,4946096659065,0,-450594935536,0,29825783496,0,-1445326114,0,50890321,0,-1269746,0,21310,0,-216,0,1 # liftE_full r=24
438321373073,0,-603568884120,0,376459779006,0,-140580181480,0,34992910537,0,-6115120360,0,769160006,0,-70157200,0,4605965,0,-212300,0,6523,0,-120,0,1 # liftE_full r=24
1691775451081,0,-2045938097676,0,1123900233190,0,-370749668300,0,81781379365,0,-12706297516,0,1425690030,0,-116396632,0,6862795,0,-285010,0,7915,0,-132,0,1 # liftE_full r=24
753642501184,0,-940436356992,0,536323140768,0,-184840200848,0,42877804624,0,-7053017134,0,843567805,0,-73918813,0,4709866,0,-212814,0,6473,0,-119,0,1 # liftE_full r=24
522596217231479,0,-379337842738678,0,125771935618709,0,-25186575460374,0,3392865921316,0,-323897838708,0,22468892097,0,-1141215226,0,42119951,0,-1101682,0,19384,0,-206,0,1 # liftE_full r=24
5744530097461,0,-6181536620664,0,3029086483845,0,-893680608288,0,176788320406,0,-24701755680,0,2499629700,0,-184574304,0,9870585,0,-372840,0,9443,0,-144,0,1 # liftE_full r=24
525211014329,0,-701737365540,0,425734102677,0,-155042355440,0,37740462886,0,-6468072240,0,800205204,0,-72003600,0,4677045,0,-213900,0,6539,0,-120,0,1 # liftE_full r=24
1600882390691,0,-1953921115938,0,1082456601579,0,-359818299368,0,79911991702,0,-12489765464,0,1408486820,0,-115470872,0,6830495,0,-284350,0,7909,0,-132,0,1 # liftE_full r=24
149120751313,0,-221197011012,0,148992246902,0,-60244944660,0,16283617265,0,-3099015612,0,425784738,0,-42551928,0,3070085,0,-155970,0,5297,0,-108,0,1 # liftE_full r=24
5768799683040575,0,-3405353739859170,0,919306079543759,0,-150075757110434,0,16500551657886,0,-1287227746268,0,73058206559,0,-3039609510,0,92007145,0,-1976018,0,28582,0,-250,0,1 # liftE_full r=24
926955924544,0,-1136161024128,0,636521867488,0,-215534833072,0,49129681224,0,-7942018266,0,933625185,0,-80418147,0,5037346,0,-223786,0,6693,0,-121,0,1 # liftE_full r=24
6096614990129,0,-6495680035152,0,3154290637134,0,-923029632432,0,181268684169,0,-25167147696,0,2532941222,0,-186196704,0,9922045,0,-373800,0,9451,0,-144,0,1 # liftE_full r=24
271231,0,942154,0,245185,0,-1023698,0,145941,0,286064,0,-120722,0,-3790,0,13459,0,-3874,0,526,0,-36,0,1 # liftE_full r=16
272791,0,1167292,0,-3337487,0,1307418,0,2340760,0,-3007894,0,1636789,0,-519570,0,104375,0,-13482,0,1088,0,-50,0,1 # liftE_full r=20
185832881181,0,-263401212258,0,170289151524,0,-66400045461,0,17392262355,0,-3223985580,0,433691594,0,-42659385,0,3045315,0,-153874,0,5224,0,-107,0,1 # liftE_full r=24
25741,0,-412650,0,802546,0,-182050,0,-299342,0,64996,0,51465,0,-4190,0,-4398,0,-232,0,134,0,22,0,1 # liftE_full r=12
23581,0,96382,0,-251670,0,12350,0,189182,0,-69212,0,-25359,0,17186,0,-1526,0,-832,0,246,0,-26,0,1 # liftE_full r=16
1990653798223,0,-2342978284482,0,1255491133339,0,-404959087016,0,87559561414,0,-13368779512,0,1477901460,0,-119189752,0,6959875,0,-286990,0,7933,0,-132,0,1 # liftE_full r=24
44990117619121,0,-39810961885620,0,16111444437124,0,-3943023894302,0,649916333307,0,-76003684437,0,6465957114,0,-403194195,0,18288679,0,-588479,0,12750,0,-167,0,1 # liftE_full r=24
50505832301992393,0,-24918871778537322,0,5621147938150187,0,-766588187929786,0,70392099790585,0,-4585017647952,0,217220104440,0,-7541854542,0,190455565,0,-3411578,0,41146,0,-300,0,1 # liftE_full r=24
589159,0,-818582,0,-174756,0,477950,0,10940,0,-105002,0,-981,0,10850,0,370,0,-532,0,-36,0,10,0,1 # liftE_full r=12
29058259526123075,0,-14988403460347980,0,3535694037425609,0,-504381275450858,0,48461117876004,0,-3303771148106,0,163868975549,0,-5958445038,0,157630111,0,-2958878,0,37408,0,-286,0,1 # liftE_full r=24
135263167129,0,-203950991142,0,139449686971,0,-57154791384,0,15635268532,0,-3006941346,0,416822059,0,-41961384,0,3044873,0,-155340,0,5290,0,-108,0,1 # liftE_full r=24
5491730070553,0,-5954002388976,0,2937689730026,0,-872108891952,0,173475829649,0,-24355997136,0,2474785770,0,-183360864,0,9832025,0,-372120,0,9437,0,-144,0,1 # liftE_full r=24
2087231052075625,0,-1342844187121850,0,394998042806866,0,-70244113375250,0,8411155799260,0,-714436729990,0,44138955109,0,-1998523134,0,65818082,0,-1537592,0,24186,0,-230,0,1 # liftE_full r=24
2017457748339461,0,-1305404871134046,0,385985762932998,0,-68962528784434,0,8291928891414,0,-706854681378,0,43805162245,0,-1988478094,0,65620322,0,-1535292,0,24174,0,-230,0,1 # liftE_full r=24
88777015779425,0,-74719824942820,0,28729713173168,0,-6672643200440,0,1042553879237,0,-115435788849,0,9287209800,0,-546994388,0,23405733,0,-709546,0,14464,0,-178,0,1 # liftE_full r=24
39965320381193,0,-35831359496870,0,14684800735699,0,-3637539279535,0,606518556911,0,-71710665441,0,6164350186,0,-388153943,0,17767327,0,-576525,0,12587,0,-166,0,1 # liftE_full r=24
646028393737,0,-833996354040,0,490262636102,0,-173514817840,0,41175707446,0,-6901643020,0,837815117,0,-74217760,0,4761722,0,-215800,0,6558,0,-120,0,1 # liftE_full r=24
16943491953763363,0,-9160650351348846,0,2264214559149259,0,-338304091248626,0,34031406315766,0,-2428102705120,0,125996044371,0,-4791030646,0,132496509,0,-2598938,0,34322,0,-274,0,1 # liftE_full r=24
5128967773775,0,-5624592247200,0,2804315871548,0,-840409058976,0,168578893550,0,-23842315656,0,2437731177,0,-181545792,0,9774238,0,-371040,0,9428,0,-144,0,1 # liftE_full r=24
860003,0,470556,0,-708103,0,-276118,0,224052,0,53882,0,-33139,0,-4434,0,2383,0,158,0,-80,0,-2,0,1 # liftE_full r=12
-28211,0,-84362,0,135069,0,316798,0,-3830,0,-206196,0,-72603,0,19658,0,17519,0,4542,0,584,0,38,0,1 # liftE_full r=6
6372324301591,0,-6739565416776,0,3250745123043,0,-945486663456,0,184677073702,0,-25519488480,0,2558064732,0,-187416864,0,9960675,0,-374520,0,9457,0,-144,0,1 # liftE_full r=24
-90481,0,327118,0,114669,0,-532906,0,152516,0,157468,0,-92343,0,3866,0,9191,0,-3118,0,464,0,-34,0,1 # liftE_full r=18
1955418203311,0,-2308367481662,0,1240319512981,0,-401051583592,0,86904832678,0,-13294211656,0,1472055548,0,-118878232,0,6949075,0,-286770,0,7931,0,-132,0,1 # liftE_full r=24
502248867121,0,-676077490760,0,412981719738,0,-151332232520,0,37040911813,0,-6378768360,0,792388806,0,-71540400,0,4659255,0,-213500,0,6535,0,-120,0,1 # liftE_full r=24
6978285081371423,0,-4054625440292542,0,1077382480698909,0,-173116326024662,0,18734431411364,0,-1438498127020,0,80358623577,0,-3290705498,0,98039063,0,-2072402,0,29504,0,-254,0,1 # liftE_full r=24
272791,0,-1237074,0,2529979,0,-3089256,0,2511398,0,-1433592,0,589812,0,-176376,0,38075,0,-5790,0,589,0,-36,0,1 # liftE_mix r=16
860003,0,3267954,0,5650755,0,5906904,0,4171424,0,2101734,0,776115,0,211944,0,42527,0,6120,0,600,0,36,0,1 # liftE_mix r=0
37356553753,0,-62043151184,0,46807899061,0,-21207325888,0,6425506534,0,-1371396544,0,211403060,0,-23715136,0,1921525,0,-109680,0,4187,0,-96,0,1 # liftE_mix r=24
-1483,0,-19082,0,34526,0,12450,0,-33878,0,5106,0,8253,0,-2546,0,-598,0,292,0,-2,0,-10,0,1 # liftE_mix r=14
2131,0,0,0,3821,0,0,0,2774,0,0,0,1044,0,0,0,215,0,0,0,23,0,0,0,1 # liftE_mix r=0
6155827393,0,-12248925226,0,10976132541,0,-5862167146,0,2080154225,0,-517090764,0,92409462,0,-11971854,0,1116715,0,-73194,0,3202,0,-84,0,1 # liftE_mix r=16
83368921,0,-192330288,0,208595654,0,-140418784,0,65280526,0,-22069048,0,5561933,0,-1052992,0,148682,0,-15280,0,1086,0,-48,0,1 # liftE_mix r=0
3029,0,23764,0,73333,0,127712,0,144612,0,114140,0,65053,0,27152,0,8273,0,1800,0,266,0,24,0,1 # liftE_mix r=0
448061563,0,1004946554,0,1037658147,0,651612718,0,276995222,0,83942168,0,18592251,0,3032554,0,361573,0,30742,0,1770,0,62,0,1 # liftE_mix r=0
7073009371,0,-13567077174,0,11810239525,0,-6168107848,0,2152134166,0,-528425800,0,93616460,0,-12057304,0,1120535,0,-73290,0,3203,0,-84,0,1 # liftE_mix r=24
1492851361,0,-3181908732,0,3090112757,0,-1808028048,0,709851782,0,-197015760,0,39637428,0,-5824752,0,620525,0,-46740,0,2363,0,-72,0,1 # liftE_mix r=24
272791,0,1649432,0,4337379,0,6519392,0,6197542,0,3900576,0,1658460,0,479328,0,93795,0,12200,0,1009,0,48,0,1 # liftE_mix r=0
3925,0,-25120,0,54601,0,-52458,0,26507,0,-17352,0,21030,0,-16906,0,7735,0,-2082,0,328,0,-28,0,1 # liftE_mix r=20
-311,0,0,0,102,0,0,0,422,0,0,0,-371,0,0,0,122,0,0,0,-18,0,0,0,1 # liftE_mix r=10
3981065479,0,-7204076124,0,6030937661,0,-3087916176,0,1076829734,0,-269417232,0,49587588,0,-6765072,0,678995,0,-48900,0,2399,0,-72,0,1 # liftE_mix r=0
31341855271,0,-53600221744,0,41539800483,0,-19284032704,0,5970697702,0,-1298621760,0,203423772,0,-23123136,0,1893075,0,-108880,0,4177,0,-96,0,1 # liftE_mix r=24
2131,0,15284,0,40563,0,44624,0,7702,0,-18960,0,-5748,0,5136,0,375,0,-820,0,217,0,-24,0,1 # liftE_mix r=12
272791,0,-824716,0,1238979,0,-1202224,0,833638,0,-433488,0,173052,0,-53424,0,12675,0,-2260,0,289,0,-24,0,1 # liftE_mix r=0
17465603689,0,-28523519156,0,21529403241,0,-9917597280,0,3101976572,0,-693380318,0,113493742,0,-13697942,0,1209304,0,-76134,0,3244,0,-84,0,1 # liftE_mix r=0
7151,0,0,0,10340,0,0,0,6102,0,0,0,1879,0,0,0,318,0,0,0,28,0,0,0,1 # liftE_mix r=0
-310103,0,1080550,0,-1570332,0,1189874,0,-423982,0,-40850,0,122547,0,-65314,0,19708,0,-3772,0,456,0,-32,0,1 # liftE_mix r=2
555281,0,2229948,0,4085886,0,4522572,0,3371901,0,1785708,0,689342,0,195576,0,40495,0,5970,0,595,0,36,0,1 # liftE_mix r=0
-10743979,0,21779171,0,-12342590,0,-5167432,0,11212327,0,-7421431,0,2867664,0,-728308,0,125784,0,-14706,0,1118,0,-50,0,1 # liftE_mix r=22
17217982601,0,-28471860228,0,21648226530,0,-10007802140,0,3132970645,0,-699702948,0,114315810,0,-13766424,0,1212795,0,-76230,0,3245,0,-84,0,1 # liftE_mix r=0
11826328333,0,-21260979134,0,17416022974,0,-8594749106,0,2845597990,0,-665812906,0,112877101,0,-13968846,0,1252226,0,-79292,0,3366,0,-86,0,1 # liftE_mix r=24
13,0,78,0,286,0,715,0,1287,0,1716,0,1716,0,1287,0,715,0,286,0,78,0,13,0,1 # liftE_mix r=0
35355581,0,-117419790,0,174044979,0,-151976600,0,86927830,0,-34265480,0,9536516,0,-1887800,0,263945,0,-25450,0,1609,0,-60,0,1 # liftE_mix r=24
797161,0,3055786,0,5380840,0,5753587,0,4159879,0,2142064,0,805414,0,222775,0,44983,0,6466,0,628,0,37,0,1 # liftE_mix r=0
11884769,0,37914864,0,55056222,0,48135568,0,28230553,0,11703952,0,3518150,0,772768,0,123125,0,13880,0,1051,0,48,0,1 # liftE_mix r=0
9901709,0,-33404247,0,50861121,0,-46252793,0,27999205,0,-11893455,0,3637053,0,-807161,0,129077,0,-14511,0,1089,0,-49,0,1 # liftE_mix r=24
-1039,0,-9620,0,-4597,0,27222,0,25108,0,-9906,0,-16737,0,-3614,0,2021,0,1222,0,262,0,26,0,1 # liftE_mix r=6
6157589593,0,-12087448996,0,10748060626,0,-5722354652,0,2031075109,0,-506198756,0,90822530,0,-11819864,0,1107475,0,-72870,0,3197,0,-84,0,1 # liftE_mix r=24
-5459,0,-12370,0,61767,0,-7978,0,-90244,0,62684,0,13171,0,-30646,0,14709,0,-3558,0,478,0,-34,0,1 # liftE_mix r=18
1874056049984,0,-2188872257312,0,1166821681552,0,-375342156592,0,81139463576,0,-12416671878,0,1379067397,0,-111995039,0,6599452,0,-275145,0,7703,0,-130,0,1 # liftE_mix r=24
-1,0,0,0,9,0,0,0,-24,0,0,0,22,0,0,0,-2,0,0,0,-4,0,0,0,1 # liftE_mix r=10
2228671691,0,-4442962788,0,4059742035,0,-2248491024,0,840751926,0,-223608240,0,43377260,0,-6184272,0,643135,0,-47580,0,2377,0,-72,0,1 # liftE_mix r=12
63430374331,0,94445444020,0,64635853963,0,26879938618,0,7564415758,0,1517439026,0,222487963,0,24023694,0,1896041,0,106678,0,4062,0,94,0,1 # liftE_mix r=0
7151,0,7858,0,7716,0,4946,0,3086,0,1480,0,687,0,254,0,110,0,32,0,8,0,2,0,1 # liftE_mix r=0
52294856041,0,-82115575584,0,58852561138,0,-25456724384,0,7401463117,0,-1523844640,0,227804022,0,-24915136,0,1978675,0,-111280,0,4207,0,-96,0,1 # liftE_mix r=24
521,0,0,0,-1254,0,0,0,1185,0,0,0,-566,0,0,0,145,0,0,0,-19,0,0,0,1 # liftE_mix r=12
41805476490884095601,0,15041419686582370308,0,4444149349669618168,0,498960714283098364,0,33204350280391770,0,1359683894678092,0,36444489389566,0,633560209512,0,7255364557,0,54774068,0,265650,0,760,0,1 # liftE_neg r=0
1024326561725,0,1703405184490,0,1263174946829,0,550145750110,0,155773436292,0,29931068694,0,3946393579,0,352166296,0,20442225,0,728402,0,15934,0,184,0,1 # liftE_neg r=0
634638679930174391057,0,142300539577474635764,0,17012844058558031596,0,1324783289583919554,0,73736111688992944,0,3025648082841160,0,92777992156747,0,2098861382232,0,33998988832,0,363227942,0,2160908,0,2636,0,1 # liftE_neg r=0
404246788130113243093,0,103287859847491250192,0,14835148263243927680,0,1311365638545198090,0,79409826478016476,0,3214413102637296,0,88060592102791,0,1541955186884,0,17181648120,0,117100878,0,475068,0,1048,0,1 # liftE_neg r=0
3864195089,0,-2002912882,0,1441238373,0,-526659446,0,192433224,0,-49685054,0,11314655,0,-1964192,0,276825,0,-27626,0,1894,0,-68,0,1 # liftE_neg r=0
13172629601,0,-12913925144,0,7357146240,0,-2829746806,0,814077632,0,-179729948,0,31154619,0,-4215304,0,441776,0,-34486,0,1904,0,-64,0,1 # liftE_neg r=0
966763586531146169,0,387205771888286334,0,76466795259025781,0,9515276499230020,0,819696155614916,0,50838620711664,0,2301213589382,0,75435566222,0,1740415276,0,26472532,0,231924,0,788,0,1 # liftE_neg r=0
1490517794509936609,0,502758698811118634,0,88755161617832515,0,10120250665928726,0,817704013766955,0,48393790550786,0,2127159946892,0,68730953358,0,1590176771,0,24624260,0,224978,0,776,0,1 # liftE_neg r=0
1277325383390393,0,1536900949925734,0,835584391001937,0,239543359639004,0,43091384171476,0,4509836200924,0,307388545594,0,13431053866,0,386255028,0,7015800,0,77144,0,424,0,1 # liftE_neg r=0
6174952082869309,0,1994035644409678,0,508570490343961,0,79483140600494,0,9946268384156,0,885893829802,0,61890982779,0,3060065360,0,111423117,0,2549018,0,36470,0,280,0,1 # liftE_neg r=0
1574530913741641500445628413,0,137430565758665891476585718,0,5634949347251282861679315,0,138837061906494876712582,0,2248162557798607914127,0,24735712675438539830,0,186250465907795196,0,947551501304318,0,3176035735967,0,6674729544,0,8036222,0,4592,0,1 # liftE_neg r=0
484910728418636077,0,254802739310870672,0,66091567941804952,0,9329217047484326,0,834548323271148,0,47563100543740,0,1815188401115,0,47193339008,0,847073716,0,10429758,0,85320,0,424,0,1 # liftE_neg r=0
6297327852441336881,0,1888198694847685658,0,299026251473306925,0,30039951242360846,0,2098662715014452,0,104125896135570,0,3703949210583,0,92334647588,0,1585331949,0,17966474,0,129002,0,532,0,1 # liftE_neg r=0
848865941923871353,0,276295067536391362,0,47256528840646013,0,5188599557837550,0,401056927194468,0,22471440426090,0,924847851631,0,27637226988,0,587239509,0,8437562,0,77914,0,412,0,1 # liftE_neg r=0
3027561399521849309029,0,526125454735425729412,0,44505857809036115964,0,2367797685977294346,0,87268643054000488,0,2326026645229484,0,45632757688039,0,659075733204,0,6909264940,0,50949414,0,250312,0,736,0,1 # liftE_neg r=0
337888329639457,0,220063953203890,0,72075000286669,0,14678009328590,0,2046915801320,0,202976643034,0,14639386147,0,771582264,0,29605225,0,809690,0,15146,0,176,0,1 # liftE_neg r=0
149155703522970578097655225,0,18931888847166257143047100,0,1191174350240130033117938,0,37056416404137196355848,0,679635999322979071009,0,8036491693372918048,0,64031013611521618,0,348689075108384,0,1285779289346,0,3093045180,0,4483604,0,3340,0,1 # liftE_neg r=0
38150515597,0,-31887460670,0,18032389501,0,-7374699592,0,2231478914,0,-500012344,0,83595560,0,-10415418,0,957565,0,-63206,0,2843,0,-78,0,1 # liftE_neg r=0
2281836943615238125,0,753841759266044500,0,122955685246403000,0,12610010436793290,0,892700390795484,0,45321069186144,0,1673722609591,0,44728391868,0,848484408,0,10984862,0,92104,0,448,0,1 # liftE_neg r=0
141272821,0,203923830,0,201825529,0,119595336,0,58695542,0,21476188,0,5912012,0,1198386,0,173533,0,17170,0,1127,0,46,0,1 # liftE_neg r=0
324914532641,0,-706764044220,0,603385075296,0,-280143106640,0,80363548290,0,-15156800784,0,1938782766,0,-170258892,0,10230813,0,-411852,0,10578,0,-156,0,1 # liftE_full r=24
10700996661,0,-31113199386,0,36935707419,0,-23977726782,0,9543109689,0,-2465123430,0,425910596,0,-49848084,0,3941022,0,-206036,0,6777,0,-126,0,1 # liftE_full r=24
2050331110442562581,0,-1597920342759754380,0,484240271780124816,0,-75608660414638890,0,6898441291289616,0,-392701571023044,0,14397383296623,0,-343012122792,0,5262539592,0,-50589374,0,288156,0,-864,0,1 # liftE_full r=24
212705954253408241,0,-228953899512404310,0,98234331036222831,0,-21680543862469114,0,2666213159042259,0,-189266159061306,0,8122618403092,0,-217268612862,0,3650919927,0,-37908336,0,232014,0,-756,0,1 # liftE_full r=24
5003167699133544515693329,0,-3971287858171563642467190,0,784660728934973382511617,0,-57949572461033811648192,0,1941171215533275917844,0,-34070910155390931996,0,341098365927073210,0,-2020043036571582,0,7079097488436,0,-14192703164,0,14885064,0,-6696,0,1 # liftE_full r=24
668076596466651136,0,-918882791079911424,0,491303014445008896,0,-132421120997043200,0,19516216316458752,0,-1602457642153728,0,73046170834368,0,-1873219959360,0,26907039648,0,-209136704,0,826308,0,-1524,0,1 # liftE_full r=24
101584476904139968085441,0,-91517738116875684102864,0,19553978850269201208030,0,-1342810290565180579072,0,45529990405051931853,0,-891124396581428832,0,10802048350948258,0,-83704985337168,0,417166405878,0,-1312525088,0,2475300,0,-2496,0,1 # liftE_full r=24
19754254664318706281,0,-12851272370784972480,0,3299648523386316636,0,-434774023752697880,0,32665701035258190,0,-1495320601158984,0,43408064725426,0,-815084144472,0,9921413013,0,-76935952,0,362718,0,-936,0,1 # liftE_full r=24
1149865755650565970069,0,-969252187999020863208,0,302576507324300998620,0,-44566872986982823410,0,3303851523809376744,0,-128557206342874320,0,2727319909340131,0,-32822050018632,0,228226742208,0,-913383106,0,2036736,0,-2304,0,1 # liftE_full r=24
1691571208941,0,-3543181524450,0,2740265851761,0,-1125393829152,0,282112531434,0,-46163548092,0,5099443088,0,-385359018,0,19859397,0,-683042,0,14919,0,-186,0,1 # liftE_full r=24
1439696009629,0,-2165637003690,0,1426730036313,0,-544396327144,0,133952149854,0,-22379851908,0,2601980280,0,-212025294,0,12013701,0,-461402,0,11391,0,-162,0,1 # liftE_full r=24
150991571978742372201,0,-78681928464135844542,0,16957039357835999793,0,-1981698579683578476,0,139075233236490600,0,-6146012458884708,0,174146533973190,0,-3152458548666,0,35602809120,0,-239403924,0,887004,0,-1584,0,1 # liftE_full r=24
37836165679502017095361,0,-33757312879058672168886,0,9533076234374837201643,0,-1191603579752643530450,0,71946657667596285315,0,-2106444790407966102,0,32050639846282452,0,-264176763289794,0,1214749799055,0,-3167470148,0,4598502,0,-3420,0,1 # liftE_full r=24
35434261101961,0,-75809436404868,0,67793869751460,0,-33128173354226,0,9731525749992,0,-1785116213604,0,206011437027,0,-14714712216,0,624759912,0,-14712638,0,170028,0,-768,0,1 # liftE_full r=24
2652643710549109,0,-3442565278379052,0,1848945097979460,0,-538396926401994,0,93955577288868,0,-10274974289568,0,714849617263,0,-31459188336,0,857191212,0,-13993910,0,129396,0,-600,0,1 # liftE_full r=24
18711325872022472458309,0,-9424852758651198896892,0,1811754660604776686544,0,-173865418884795347214,0,9505106544795954288,0,-316136294756012604,0,6570536032022419,0,-85173545373012,0,668282831712,0,-2963207126,0,6399852,0,-4668,0,1 # liftE_full r=24
7650030226589,0,-13204569137154,0,8373287614335,0,-2850423190202,0,601417797747,0,-84248646654,0,8107410672,0,-543097686,0,25237959,0,-796032,0,16218,0,-192,0,1 # liftE_full r=24
140319968008632696903249,0,-79063449174257825405934,0,12335134655770441662771,0,-787807222397554276458,0,26602281874793547495,0,-534294581785032150,0,6764139417873484,0,-55398789310398,0,294522128403,0,-996979088,0,2041242,0,-2256,0,1 # liftE_full r=24
31307921721,0,-70146171450,0,67859639379,0,-37397870550,0,13065668325,0,-3049781454,0,488210760,0,-54067428,0,4114890,0,-209952,0,6813,0,-126,0,1 # liftE_full r=24
15462664289,0,-33840884682,0,32463885999,0,-18010830722,0,6427512255,0,-1553982702,0,261190256,0,-30792522,0,2531055,0,-141660,0,5130,0,-108,0,1 # liftE_full r=24
2907167403848877084701692089,0,-906458311879530171246245088,0,62925922272118843528702380,0,-1656112816842843310569222,0,22803269947514201232720,0,-188024701067181293268,0,989521170063887119,0,-3416947931864796,0,7766325474348,0,-11384242046,0,10212108,0,-5004,0,1 # liftE_full r=24
2668793665069440134598190491369,0,-468374520330789562684602083178,0,19275976790493538478520338757,0,-319695244882399174108150080,0,2756323603138372374820716,0,-13851267566470923919176,0,42971157570370241514,0,-84436119512914590,0,105429536113032,0,-82236446064,0,38317236,0,-9648,0,1 # liftE_full r=24
632403997631570501,0,-467197032093826488,0,142880916703829004,0,-23798797896412434,0,2400700664475648,0,-154325867438232,0,6463822303411,0,-176874952044,0,3120691200,0,-34459298,0,224820,0,-768,0,1 # liftE_full r=24
6134114967564012229,0,-4040904978218759118,0,1061880330504036969,0,-147039051066301250,0,12067244786426196,0,-623767586306646,0,20920650629711,0,-459164253336,0,6537646461,0,-58783130,0,315702,0,-900,0,1 # liftE_full r=24
24485675343213959549,0,-28522728815782807950,0,10961566215839339397,0,-1869299623245668092,0,157356063774193224,0,-7230354020211156,0,193169062482310,0,-3123585174282,0,31102068276,0,-189380504,0,678564,0,-1296,0,1 # liftE_full r=24
384693872827590387080081,0,-351993386065853979868026,0,66041157101448717606597,0,-5083987279612867243018,0,191240867685827174124,0,-3952734722027108514,0,47926412063486855,0,-351109670470788,0,1554993454857,0,-4048401954,0,5808726,0,-4020,0,1 # liftE_full r=24
87225633608314249,0,-76350305317744236,0,28019443791700170,0,-5670500686288076,0,701750068161837,0,-55708377962124,0,2891316288870,0,-97950796752,0,2121534018,0,-28138816,0,211680,0,-780,0,1 # liftE_full r=24
65637057291301,0,-109907419525920,0,77576347218180,0,-30118031391306,0,7066975485180,0,-1043810662272,0,98782031071,0,-5994327840,0,229179876,0,-5294126,0,68376,0,-432,0,1 # liftE_full r=24
14379083677389241,0,-10906618939529148,0,3584882572363356,0,-674281962645004,0,80671722089070,0,-6453736604772,0,353296072306,0,-13313191200,0,342306741,0,-5850468,0,63030,0,-384,0,1 # liftE_full r=24
824016025273953575125089,0,-467735432813096088648690,0,82885864925019149322993,0,-6678081875146618048464,0,273805704563838633720,0,-5920575870852880596,0,70706910290133498,0,-479913478416450,0,1884772122408,0,-4304744532,0,5572056,0,-3744,0,1 # liftE_full r=24
112515859196404943594589,0,-70283662331274719004924,0,14670279230964605415792,0,-1371900637065479179230,0,63162713488745178504,0,-1581668987275069740,0,22916618787559447,0,-197796678799080,0,1017064911672,0,-3026532306,0,4880436,0,-3720,0,1 # liftE_full r=24
564217721,0,-1815366396,0,2581132392,0,-2134587954,0,1137240816,0,-408443088,0,100566367,0,-16930116,0,1909512,0,-138410,0,5976,0,-132,0,1 # liftE_full r=24
62859414521620210789,0,-30883724557077880584,0,6370075738567894128,0,-725572996046277746,0,50647706392166820,0,-2275189860213684,0,67180111704123,0,-1305752556492,0,16417100700,0,-128148962,0,574308,0,-1272,0,1 # liftE_full r=24
571514347441,0,-812472633864,0,519101857122,0,-196943616296,0,49377625977,0,-8612589540,0,1070863018,0,-95564028,0,6069906,0,-267344,0,7740,0,-132,0,1 # liftE_full r=24
1044254716911054835069789,0,-576093427777452157877220,0,92390630042751269907624,0,-5958516092264422265678,0,194204940698463523200,0,-3600466101968223228,0,40416709856351975,0,-282331462056936,0,1227298172232,0,-3230285306,0,4831248,0,-3612,0,1 # liftE_full r=24
1381595202356362973652241,0,-654666661602156925535874,0,104623221271316804003667,0,-7833941493197555295250,0,304486117021817362287,0,-6355001606682981546,0,74119441028879172,0,-495147296081898,0,1923766183971,0,-4360671232,0,5613306,0,-3756,0,1 # liftE_full r=24
3019515213948662889,0,-2312988967666141812,0,687233318422814928,0,-104605044311780610,0,9246596160050676,0,-507527351179104,0,17884683056891,0,-408941686296,0,6022656876,0,-55675390,0,305868,0,-888,0,1 # liftE_full r=24
229444906697732635101,0,-188173961531375363730,0,49151268088726938345,0,-6225206034635252076,0,440104720614817680,0,-18396856962720672,0,465827061613342,0,-7228235787270,0,68320905216,0,-381170764,0,1175376,0,-1788,0,1 # liftE_full r=24
13150388139828699264489,0,-9855374394619439735112,0,1977136478951316653484,0,-169060714888708445526,0,7667904170284170300,0,-204108767918930880,0,3350868025480471,0,-34630783869936,0,224913728328,0,-893988574,0,2042448,0,-2352,0,1 # liftE_full r=24
21027802026751803161,0,-23815455447980189604,0,8333508139960003698,0,-1219564246440594828,0,89896220422234965,0,-3790487605311540,0,98158199010630,0,-1617993181800,0,17161790538,0,-115686824,0,474432,0,-1068,0,1 # liftE_full r=24
139040162280044631786189104,0,-113132826625008239635241632,0,23944413297601243169297308,0,-968599282281832290747292,0,16298155114231570584065,0,-148122964221549829100,0,814261220078448828,0,-2856279866793292,0,6521207260326,0,-9619400788,0,8808784,0,-4536,0,1 # liftE_full r=24
9650874704244647912153760211024,0,-2750000077090847480486394867088,0,175461518522211847384291979244,0,-3505478976079533527979811020,0,29820961873314598943819785,0,-131605792072324153962084,0,332655787586040100580,0,-505788155989858116,0,470603069827870,0,-265130157260,0,86533176,0,-14768,0,1 # liftE_full r=24
82481352704,0,-297204486144,0,430269889792,0,-325141033088,0,140733856656,0,-36315739120,0,5692753476,0,-547408468,0,32201277,0,-1135180,0,22910,0,-240,0,1 # liftE_full r=24
947213066288679835346575246336,0,-328319662495288568574048559104,0,37951644917226373372712646656,0,-1803726013977123570327885696,0,33542851481906152111621584,0,-247180173107797209868368,0,778272957011921994868,0,-1178451352841803956,0,964855442691949,0,-451888237708,0,120940990,0,-17168,0,1 # liftE_full r=24
718412054693614143351824,0,-839053739544022147556112,0,335016227241551092247476,0,-51827590745607097370296,0,2373329036083069322969,0,-40628806196973689128,0,344255950818948476,0,-1638066618087960,0,4647807729374,0,-7991028648,0,8108040,0,-4432,0,1 # liftE_full r=24
12174985786494048016,0,-10573036445955657856,0,3727635230129075384,0,-694360419093968464,0,74926958011843105,0,-4846093409699844,0,187570207040516,0,-4209488988012,0,51831724646,0,-332107164,0,1087788,0,-1700,0,1 # liftE_full r=24
428479338372236499399392402176,0,-197104049259087673178613947648,0,27914728850398069621282726592,0,-1545146543579228466654087104,0,31117417240687806789922528,0,-237939456192086458067120,0,761882398618930471820,0,-1163078621652234020,0,956743201137565,0,-449473193108,0,120563558,0,-17144,0,1 # liftE_full r=24
803359664,0,-2307968096,0,2909505356,0,-2121888452,0,994317275,0,-314619385,0,68781354,0,-10449992,0,1093833,0,-76912,0,3452,0,-89,0,1 # liftE_full r=24
3249020010518566976,0,-2792028710650209344,0,950080594200419376,0,-167139006388317688,0,16930514929243521,0,-1049631263686056,0,40993004060764,0,-1010785787656,0,15374241094,0,-136981272,0,653548,0,-1408,0,1 # liftE_full r=24
533425395764,0,-1542342203468,0,1749792646385,0,-1020850987032,0,341702992201,0,-69471131365,0,8844800054,0,-716232012,0,37009106,0,-1201304,0,23354,0,-243,0,1 # liftE_full r=24
216864718769,0,-409379241200,0,334203920736,0,-155594678452,0,45940853952,0,-9061720912,0,1225922710,0,-114873840,0,7418816,0,-322772,0,8992,0,-144,0,1 # liftE_full r=24
372169936,0,-1224083888,0,1748496932,0,-1428317928,0,740263797,0,-255589329,0,60134224,0,-9699698,0,1063743,0,-77310,0,3532,0,-91,0,1 # liftE_full r=24
443107437812361518055424,0,-323489007248260126343168,0,82739908010191200059392,0,-9527528794076912844800,0,552515726561347582976,0,-17152240516968692736,0,289676237689552384,0,-2623614707927040,0,12422018676112,0,-28767935504,0,28520516,0,-9688,0,1 # liftE_full r=24
21261873722588416,0,-24059419685360128,0,11731771284446080,0,-3217343661648000,0,542933498128304,0,-57934892122272,0,3868817803096,0,-155043256752,0,3497254989,0,-43167340,0,280090,0,-868,0,1 # liftE_full r=24
6610188691845482598739,0,-7410806474922589315935,0,3160285020171333824107,0,-640575536550250719867,0,64416323789599143960,0,-3301297570907859863,0,85003806727869027,0,-1020303013298669,0,5124399675412,0,-11148847401,0,11482743,0,-5525,0,1 # liftE_full r=24
12547265069820147061796,0,-31722182379847599282816,0,27688437154939146468249,0,-9464129517916983018203,0,994600431570584551563,0,-44687524907608916523,0,909807620826272351,0,-7580815598507102,0,22692639216583,0,-31707774285,0,22407363,0,-7681,0,1 # liftE_full r=24
9792419171921,0,-11167506154656,0,5697825585464,0,-1719002496596,0,341419051160,0,-47017468824,0,4602463190,0,-322610832,0,16067480,0,-554324,0,12568,0,-168,0,1 # liftE_full r=24
35661672103398209395066233856,0,-19665863939810749402485792768,0,3892642087577857488247702528,0,-322839429335100025784481664,0,9806893429422142934447824,0,-102516830957262673766992,0,405986839325006041940,0,-718538648920816420,0,665105841962021,0,-346166592116,0,101903014,0,-15800,0,1 # liftE_full r=24
907163395885042496,0,-3084305534089771520,0,4049995902884789408,0,-2578932083912700912,0,820766547937582760,0,-122612647979043624,0,8155976364115089,0,-223276651487768,0,1831248276608,0,-6137870514,0,8871108,0,-5356,0,1 # liftE_full r=24
48966734888804,0,-135356462835476,0,159205670200137,0,-103632611420568,0,40633322705966,0,-9775872778438,0,1404864458041,0,-111576319204,0,4240352237,0,-71180818,0,515614,0,-1400,0,1 # liftE_full r=24
1394203874853368246272256,0,-1501565966730697598482944,0,601228519834584174986368,0,-110375054484957405975040,0,9250318657548730227056,0,-303526039819436736064,0,4054902382359988952,0,-19833998515674120,0,45464328891929,0,-53520587928,0,32550942,0,-9424,0,1 # liftE_full r=24
1492385285820389864920436,0,-1025135847140823886277208,0,268998949205797495727741,0,-33761530511028686011243,0,2124096548135833484663,0,-69152420830180748915,0,1132408429205465063,0,-8325416469675646,0,23850333630283,0,-32610842165,0,22746383,0,-7729,0,1 # liftE_full r=24
961152169,0,-3786417884,0,6142362232,0,-5364075692,0,2790503480,0,-912644372,0,194008190,0,-27259420,0,2531520,0,-152300,0,5648,0,-116,0,1 # liftE_full r=24
54207714261471424,0,-96928469732265024,0,69014027641239408,0,-25227102283126496,0,5142174539461145,0,-601181855424964,0,39825055085868,0,-1418485215212,0,25010934750,0,-206439132,0,818988,0,-1492,0,1 # liftE_full r=24
1394967138893881368016,0,-811580907938567965280,0,186189871879525815396,0,-21590028921597578208,0,1367534663462875673,0,-49160397909904165,0,1028474904215826,0,-12960507579274,0,100102155682,0,-469260949,0,1275230,0,-1804,0,1 # liftE_full r=24
388786058521616,0,-362670482394640,0,148884806488580,0,-35556405492804,0,5499499822553,0,-579898920156,0,42689845342,0,-2206506476,0,79274963,0,-1924600,0,29846,0,-264,0,1 # liftE_full r=24
12862741411024,0,-31699153172416,0,29983565943124,0,-14336775039676,0,3832238197193,0,-604880681212,0,58463350468,0,-3535491356,0,134380542,0,-3159972,0,43984,0,-328,0,1 # liftE_full r=24
25472605909477456,0,-28288680498685424,0,13457993356394036,0,-3576323852331248,0,580278429407869,0,-59045404676949,0,3733891949706,0,-141714525434,0,3083363802,0,-37425569,0,245530,0,-800,0,1 # liftE_full r=24
415123444274158022989,0,-442137459575109734149,0,167044207779856060870,0,-29073061740546563518,0,2549524950918929176,0,-117785364155794103,0,3000083163065828,0,-43219680282778,0,352208232364,0,-1572751049,0,3552002,0,-3472,0,1 # liftE_full r=24
388582067040976,0,-339823916421040,0,130968031276548,0,-29492580004572,0,4331456728089,0,-437879541078,0,31292269165,0,-1594953918,0,57615564,0,-1440202,0,23673,0,-230,0,1 # liftE_full r=24
21037343468874195182867056,0,-13269525206501383794634296,0,3038628826338275548495503,0,-306084011906229941806075,0,13561565041751863989453,0,-295398298341995144339,0,3246932356429618163,0,-17080477220725070,0,39870448087153,0,-46628109557,0,28474481,0,-8597,0,1 # liftE_full r=24
45217349267163614845184,0,-11755465834940515739136,0,1286895429726796827520,0,-77910473392875692160,0,2891677810134467632,0,-69207064047285984,0,1096884492861384,0,-11625650238912,0,81861778433,0,-373057620,0,1040750,0,-1588,0,1 # liftE_full r=24
294063517966256384,0,-381786403940993024,0,185217094462833792,0,-43109957693379200,0,5369724704906672,0,-388946705584544,0,17135730418488,0,-465256695112,0,7685055593,0,-74552956,0,400950,0,-1060,0,1 # liftE_full r=24
922902793151744,0,-1385680021581824,0,681534463146112,0,-170177761505152,0,25248147933680,0,-2400278921472,0,152158726280,0,-6548953920,0,191413885,0,-3726810,0,46083,0,-326,0,1 # liftE_full r=24
2024073075345789136,0,-2420393163180595968,0,1157499806895650780,0,-283039227213472144,0,37657030826378003,0,-2704717739729901,0,101409752708170,0,-2118837445570,0,25688743148,0,-180704565,0,705418,0,-1372,0,1 # liftE_full r=24
5373880576,0,-13910406656,0,15600641664,0,-9996025856,0,4068818352,0,-1107704352,0,206780872,0,-26664576,0,2356209,0,-139014,0,5191,0,-110,0,1 # liftE_full r=24
72518605543161281,0,-48017347260462188,0,13443653733046676,0,-2123542077089908,0,212149495891340,0,-14197174471112,0,655450971094,0,-21111080644,0,472195796,0,-7170132,0,70292,0,-400,0,1 # liftE_full r=24
340941476,0,-1254285772,0,1952090257,0,-1694536920,0,911663381,0,-319860205,0,75051850,0,-11884528,0,1263782,0,-88284,0,3858,0,-95,0,1 # liftE_full r=24
398591328447191296,0,-738627277894334464,0,554469019791368832,0,-216414175724190592,0,46855789862795888,0,-5563294136388160,0,341217043452904,0,-10387138302880,0,151825352865,0,-1000503394,0,2970119,0,-3574,0,1 # liftE_full r=24
314639549969287830784,0,-167437985921951731840,0,35737464022716859952,0,-3995097114247443544,0,259798578921591201,0,-10423895757253712,0,265918212843580,0,-4343050122720,0,44743200486,0,-279467632,0,981260,0,-1672,0,1 # liftE_full r=24
360860071232535296,0,-418997759622443392,0,185345430767902832,0,-40611766367819000,0,4930540537575273,0,-355231577180400,0,15739401680804,0,-432489512976,0,7256398782,0,-71596784,0,391236,0,-1048,0,1 # liftE_full r=24
121097214064,0,-266547719456,0,257643552252,0,-143655509948,0,51045491993,0,-12057745360,0,1918343116,0,-204172344,0,14191614,0,-617168,0,15664,0,-204,0,1 # liftE_full r=24
28238177001521,0,-41015366680870,0,24445773677795,0,-8033315232174,0,1634276816675,0,-217948623268,0,19616679226,0,-1204617860,0,50214691,0,-1388054,0,24171,0,-238,0,1 # liftE_full r=24
3759585407309758384,0,-6031375836840078912,0,3617318609488430116,0,-997990278402209520,0,128949089929680919,0,-8163958198303825,0,259236314272372,0,-4541687790950,0,46225331676,0,-274938857,0,918452,0,-1552,0,1 # liftE_full r=24
924064027863296,0,-817257733160448,0,313913139046528,0,-69297290796544,0,9808766771184,0,-939981149216,0,62684464152,0,-2937835568,0,96248029,0,-2153982,0,31315,0,-266,0,1 # liftE_full r=24
643109901763234190855696,0,-555612787945856442531856,0,156116235694352764244740,0,-16388236279622225229280,0,760492742142454684697,0,-17162756124134644104,0,207655195776515036,0,-1411801863995912,0,5422355857182,0,-11446798600,0,12395224,0,-6008,0,1 # liftE_full r=24
61514118099173373184,0,-87972880312053433856,0,51141783614938939248,0,-15482876260256806032,0,2600844937409268468,0,-240072447943356308,0,11491103827074465,0,-253469021836216,0,1943333823140,0,-6316472754,0,8989204,0,-5380,0,1 # liftE_full r=24
30589639240731904,0,-44721713294843904,0,27080178957251504,0,-8819840278484944,0,1684380619532184,0,-193635508825072,0,13276708667907,0,-521348710015,0,10972788521,0,-118441665,0,622129,0,-1434,0,1 # liftE_full r=24
5645593946539264,0,-16789713246737920,0,18742230022282432,0,-9921985190855104,0,2685719031689408,0,-390644907717376,0,30578795164396,0,-1225731758972,0,23189591337,0,-198331092,0,802642,0,-1480,0,1 # liftE_full r=24
39361909409465390336,0,-22480430081165886464,0,5315286868744384896,0,-682577582363133440,0,52804661536320560,0,-2588638654238912,0,82145400220248,0,-1685058283024,0,21829166465,0,-170017036,0,730014,0,-1468,0,1 # liftE_full r=24
348812382518734582544,0,-210073122814023734720,0,47369792394894167416,0,-5246382310806176464,0,323008315693116113,0,-11979998674322880,0,279742177277724,0,-4181865343680,0,39799302438,0,-234670400,0,810340,0,-1456,0,1 # liftE_full r=24
50293423429,0,-98361053914,0,84811560107,0,-42561486554,0,13825890651,0,-3059168892,0,472225786,0,-51178764,0,3859575,0,-197194,0,6467,0,-122,0,1 # liftE_full r=24
1026004944040750616753214464,0,-1639202804792404881826482176,0,895963547052218154689547264,0,-181818564348539971614057600,0,7852395999261765361420880,0,-93012203199845943716784,0,386163869051657978916,0,-697453872653916036,0,652717048094645,0,-342104361476,0,101208870,0,-15752,0,1 # liftE_full r=24
1616426378493156046440899059456,0,-704216846660664880555743180800,0,65385393578187912165420590528,0,-1642074645951033368617410240,0,16274674996154673851501312,0,-80912589845260741788640,0,225918456279102475156,0,-374337023565087980,0,375667532241257,0,-226328732080,0,78391106,0,-14100,0,1 # liftE_full r=24
529101152836,0,-791138500724,0,531661436865,0,-211903571700,0,55655823093,0,-10119402333,0,1301644574,0,-118861892,0,7610402,0,-331244,0,9238,0,-147,0,1 # liftE_full r=24
4898707491422881684736,0,-1893306138379065848320,0,297244317599156618112,0,-24852084472011582848,0,1231175127519522544,0,-38262440983330912,0,767536945185912,0,-10003787248016,0,83545706305,0,-430550788,0,1273246,0,-1876,0,1 # liftE_full r=24
17342215085077807376,0,-8730884706306321968,0,1798362884266422908,0,-202780987273944828,0,14015214381171441,0,-627392995479584,0,18707970154228,0,-375813857672,0,5066439302,0,-44822320,0,247304,0,-764,0,1 # liftE_full r=24
7376084999230566642025616,0,-9451882938122317928143120,0,4469026229494883739046004,0,-965145258142634237714360,0,96441967454770023160913,0,-4000669355358844896084,0,49266828033027673020,0,-181800557527663628,0,289720630877878,0,-226534176828,0,87861688,0,-15644,0,1 # liftE_full r=24
265229653057153558053150976,0,-102281725828455345115804672,0,13499415171198937674311552,0,-749902950135180539930112,0,17612513478696297572464,0,-197405367094054877568,0,1211603816682400840,0,-4409348248440368,0,9892836770581,0,-13758763636,0,11489570,0,-5244,0,1 # liftE_full r=24
32439734500361,0,-48186372590358,0,29089855263667,0,-9483769551526,0,1879578571443,0,-241538488100,0,20862668346,0,-1231230164,0,49628155,0,-1340262,0,23131,0,-230,0,1 # liftE_full r=24
-82624,0,-151232,0,101344,0,202472,0,-58788,0,-66984,0,10194,0,9256,0,-433,0,-564,0,-18,0,12,0,1 # liftE_full r=10
22070315596,0,-40032996192,0,32749900726,0,-15966579808,0,5163528547,0,-1166390400,0,188655384,0,-22012608,0,1839243,0,-107360,0,4158,0,-96,0,1 # liftE_full r=24
7162406315001,0,-7436173547376,0,3525384750930,0,-1009249158204,0,194331666447,0,-26515745952,0,2629023323,0,-190861768,0,10069783,0,-376556,0,9474,0,-144,0,1 # liftE_full r=24
772968273664,0,-970048153920,0,555357703376,0,-191826711552,0,44530208388,0,-7319819964,0,873747047,0,-76319388,0,4841812,0,-217596,0,6576,0,-120,0,1 # liftE_full r=24
127793993044,0,-194546486916,0,134191040510,0,-55436051628,0,15271785331,0,-2954982384,0,411738144,0,-41625144,0,3030483,0,-154980,0,5286,0,-108,0,1 # liftE_full r=24
2553414963344,0,-2885146775280,0,1489066127656,0,-464209684048,0,97359152808,0,-14472914060,0,1563727902,0,-123734600,0,7116791,0,-290180,0,7962,0,-132,0,1 # liftE_full r=16
463681850719,0,-632622284880,0,391224887044,0,-144961073280,0,35832918832,0,-6223848720,0,778780412,0,-70731840,0,4628148,0,-212800,0,6528,0,-120,0,1 # liftE_full r=24
39228181,0,1418956,0,-30726738,0,-7004216,0,5820287,0,1932960,0,-312452,0,-175448,0,-8149,0,4596,0,790,0,48,0,1 # liftE_full r=8
3313808072055196,0,-2060035633770076,0,585042285681838,0,-100369927370752,0,11585509087543,0,-947891794492,0,56367260606,0,-2454721104,0,77697620,0,-1743240,0,26316,0,-240,0,1 # liftE_full r=24
-8896,0,-72544,0,-42208,0,202984,0,-34172,0,-68184,0,9778,0,9416,0,-505,0,-580,0,-18,0,12,0,1 # liftE_full r=10
1784208601934164,0,-1168008568776616,0,349316059252014,0,-63109815384612,0,7671278910035,0,-660942481400,0,41387830206,0,-1897898512,0,63253352,0,-1494216,0,23748,0,-228,0,1 # liftE_full r=24
2180703222716,0,-2530418196284,0,1337949401430,0,-426262098020,0,91138321407,0,-13777236836,0,1509976786,0,-120901088,0,7019252,0,-288200,0,7944,0,-132,0,1 # liftE_full r=20
107644920044,0,-168630565356,0,119419245106,0,-50525826444,0,14218256347,0,-2802580992,0,396686840,0,-40622904,0,2987403,0,-153900,0,5274,0,-108,0,1 # liftE_full r=24
5286219129839,0,-5768104066464,0,2862683487548,0,-854336437248,0,170737630144,0,-24069395232,0,2454147652,0,-182351232,0,9799908,0,-371520,0,9432,0,-144,0,1 # liftE_full r=24
1868598534884,0,-2222835877196,0,1202728402302,0,-391347681252,0,85275705211,0,-13108369824,0,1457467592,0,-118100136,0,6922083,0,-286220,0,7926,0,-132,0,1 # liftE_full r=24
138993158879,0,-208649779128,0,142077947324,0,-58013991648,0,15816995296,0,-3032920152,0,419364004,0,-42129504,0,3052068,0,-155520,0,5292,0,-108,0,1 # liftE_full r=24
1769798950039,0,-2124464547128,0,1159080878388,0,-379985705792,0,83354498056,0,-12887905272,0,1440080572,0,-117169536,0,6889728,0,-285560,0,7920,0,-132,0,1 # liftE_full r=24
150995088436,0,-223556814396,0,150311248378,0,-60675800364,0,16374676147,0,-3112023888,0,427056816,0,-42636024,0,3073683,0,-156060,0,5298,0,-108,0,1 # liftE_full r=24
123356,0,-217676,0,-498938,0,354968,0,220239,0,-190860,0,6078,0,23536,0,-5860,0,-24,0,180,0,-24,0,1 # liftE_full r=16
22069125004,0,-40031917664,0,32749507686,0,-15966506336,0,5163521131,0,-1166390016,0,188655376,0,-22012608,0,1839243,0,-107360,0,4158,0,-96,0,1 # liftE_full r=24
567049498924,0,-748117191560,0,448617575978,0,-161657619640,0,38980976491,0,-6625719360,0,813954256,0,-72816240,0,4708203,0,-214600,0,6546,0,-120,0,1 # liftE_full r=24
25649660221663936,0,-13588296500704960,0,3282907492907200,0,-478276181675936,0,46794446102848,0,-3239063099168,0,162638156176,0,-5968431944,0,158864960,0,-2990948,0,37804,0,-288,0,1 # liftE_full r=24
6306004921124,0,-6684470109456,0,3230224723702,0,-940969424784,0,184025437459,0,-25455044880,0,2553634962,0,-187207680,0,9954176,0,-374400,0,9456,0,-144,0,1 # liftE_full r=20
1923805636,0,-5878004936,0,7489858144,0,-5270753652,0,2296750089,0,-658199220,0,128262536,0,-17255564,0,1601202,0,-100516,0,4072,0,-96,0,1 # liftE_full r=16
1675411582684,0,-2029619283076,0,1116650282546,0,-368860513604,0,81461691379,0,-12669590736,0,1422793888,0,-116241576,0,6857403,0,-284900,0,7914,0,-132,0,1 # liftE_full r=24
925230552637564,0,-640279839818404,0,202387053209562,0,-38639191413176,0,4962463532179,0,-451676473716,0,29875169182,0,-1446864208,0,50921576,0,-1270120,0,21312,0,-216,0,1 # liftE_full r=24
-23284,0,-130328,0,-78406,0,309228,0,-36169,0,-93632,0,9886,0,11600,0,-388,0,-640,0,-24,0,12,0,1 # liftE_full r=10
5531136918124,0,-5989959378576,0,2952309361926,0,-875596080144,0,174016135531,0,-24412811904,0,2478891856,0,-183562272,0,9838443,0,-372240,0,9438,0,-144,0,1 # liftE_full r=24
2302100185744,0,-2646557647536,0,1387643464044,0,-438786834684,0,93197698937,0,-14008089788,0,1527846454,0,-121844360,0,7051751,0,-288860,0,7950,0,-132,0,1 # liftE_full r=20
6071848221209024,0,-3582667506715936,0,966043337804032,0,-157408642813224,0,17262056295428,0,-1342221959576,0,75877912018,0,-3142296616,0,94611095,0,-2019820,0,29022,0,-252,0,1 # liftE_full r=24
43069238160499664,0,-21800252870175136,0,5034514692247984,0,-701406681966800,0,65654682068376,0,-4349683671432,0,209128431476,0,-7351704164,0,187532937,0,-3385048,0,41038,0,-300,0,1 # liftE_full r=24
117362330119,0,-181220346648,0,126642367180,0,-52940677824,0,14738932312,0,-2878205400,0,404179140,0,-41122944,0,3008928,0,-154440,0,5280,0,-108,0,1 # liftE_full r=24
107647547564,0,-168632621964,0,119419895906,0,-50525932716,0,14218265779,0,-2802581424,0,396686848,0,-40622904,0,2987403,0,-153900,0,5274,0,-108,0,1 # liftE_full r=24
81400990436,0,-133894598076,0,99104722890,0,-43619270508,0,12707690959,0,-2580602868,0,374494126,0,-39132000,0,2922956,0,-152280,0,5256,0,-108,0,1 # liftE_full r=24
847996,0,2486732,0,-10996030,0,13049712,0,-6785925,0,1211756,0,395166,0,-280912,0,74528,0,-11144,0,984,0,-48,0,1 # liftE_full r=20
30722313439,0,-52734804032,0,41002419204,0,-19088748032,0,5924712304,0,-1291290432,0,202622332,0,-23063808,0,1890228,0,-108800,0,4176,0,-96,0,1 # liftE_full r=24
6323403898399,0,-6696822853728,0,3234027706884,0,-941632428288,0,184097021104,0,-25459946208,0,2553842812,0,-187212672,0,9954228,0,-374400,0,9456,0,-144,0,1 # liftE_full r=24
88563626416,0,-143810101872,0,105129727832,0,-45734474160,0,13182655072,0,-2651873148,0,381733426,0,-39623832,0,2944367,0,-152820,0,5262,0,-108,0,1 # liftE_full r=24
496231330324,0,-669412321560,0,409696370878,0,-150383471480,0,36863178787,0,-6356202720,0,790422312,0,-71424240,0,4654803,0,-213400,0,6534,0,-120,0,1 # liftE_full r=24
-90964,0,409232,0,692126,0,-1225124,0,128963,0,418576,0,-207170,0,21808,0,9488,0,-3560,0,516,0,-36,0,1 # liftE_full r=18
2578355259481,0,-2884477974078,0,1476655402633,0,-457416738942,0,95488901376,0,-14152560746,0,1527030854,0,-120856847,0,6963483,0,-284856,0,7853,0,-131,0,1 # liftB_full_n35 r=24
23365473211081,0,-21697370214642,0,9224148480793,0,-2373928289922,0,411926522832,0,-50771223094,0,4557764462,0,-300264241,0,14407707,0,-491064,0,11285,0,-157,0,1 # liftB_full_n35 r=24
809071950961,0,-1004376580006,0,569905157971,0,-195440014098,0,45111709625,0,-7383027861,0,878431252,0,-76551977,0,4849164,0,-217728,0,6577,0,-120,0,1 # liftB_full_n35 r=24
57427006791001,0,-49681812849286,0,19664279765791,0,-4708491267442,0,759601122453,0,-86978647363,0,7248395560,0,-442937823,0,19698166,0,-621716,0,13219,0,-170,0,1 # liftB_full_n35 r=24
50796609372601,0,-44318278229918,0,17696154842635,0,-4276078561986,0,696399871197,0,-80526520389,0,6778952592,0,-418596521,0,18816732,0,-600488,0,12913,0,-168,0,1 # liftB_full_n35 r=24
20520659359201,0,-19333348551100,0,8334452764747,0,-2173811289423,0,382044846434,0,-47662079022,0,4327839487,0,-288185321,0,13966200,0,-480378,0,11131,0,-156,0,1 # liftB_full_n35 r=24
31812254321,0,-53497778662,0,40806627203,0,-18675847998,0,5714069171,0,-1231788049,0,191918594,0,-21784193,0,1788538,0,-103624,0,4023,0,-94,0,1 # liftB_full_n35 r=24
63912784321,0,-98084741112,0,68777454888,0,-29138076782,0,8306904982,0,-1678888009,0,246663927,0,-26544811,0,2076702,0,-115189,0,4300,0,-97,0,1 # liftB_full_n35 r=24
215532369361,0,-297858135266,0,188208136373,0,-71900478494,0,18495927164,0,-3375240398,0,448030372,0,-43587839,0,3084615,0,-154856,0,5235,0,-107,0,1 # liftB_full_n35 r=24
974711041921,0,-1184650102992,0,658624707340,0,-221491123446,0,50180532060,0,-8068847449,0,944230097,0,-81024763,0,5060064,0,-224289,0,6698,0,-121,0,1 # liftB_full_n35 r=24
795865150081,0,-983855175408,0,556365524580,0,-190309165354,0,43854729160,0,-7172386991,0,853672077,0,-74503877,0,4732044,0,-213311,0,6478,0,-119,0,1 # liftB_full_n35 r=24
597869832841,0,-770927303114,0,452973478543,0,-160394065646,0,38125780269,0,-6410176637,0,781814992,0,-69706401,0,4509910,0,-206524,0,6355,0,-118,0,1 # liftB_full_n35 r=24
3098756901241,0,-3413714374854,0,1720884780333,0,-524925222626,0,107907999364,0,-15749116642,0,1673388912,0,-130424161,0,7400535,0,-298144,0,8095,0,-133,0,1 # liftB_full_n35 r=24
8883749915041,0,-8951652456664,0,4128657671696,0,-1152521477998,0,216876609818,0,-28982455777,0,2820379435,0,-201377707,0,10470546,0,-386629,0,9624,0,-145,0,1 # liftB_full_n35 r=24
49509956161,0,-77629389576,0,55615995016,0,-24073799442,0,7012082118,0,-1447905623,0,217327655,0,-23892053,0,1909326,0,-108171,0,4124,0,-95,0,1 # liftB_full_n35 r=24
7508201981281,0,-7672823940008,0,3589013684768,0,-1016083405778,0,193912186082,0,-26280626831,0,2593644787,0,-187805909,0,9902682,0,-370811,0,9360,0,-143,0,1 # liftB_full_n35 r=24
1273319041,0,-2747561648,0,2701858028,0,-1601062922,0,636750476,0,-179052551,0,36503809,0,-5436677,0,587088,0,-44831,0,2298,0,-71,0,1 # liftB_full_n35 r=24
840660241,0,-2046596282,0,2214476275,0,-1413097774,0,594304297,0,-174070251,0,36502052,0,-5533399,0,602892,0,-46112,0,2353,0,-72,0,1 # liftB_full_n35 r=24
23380429462391,0,-21834673938218,0,9326580216113,0,-2409355732263,0,419234251022,0,-51761953766,0,4649853677,0,-306203299,0,14670022,0,-498656,0,11415,0,-158,0,1 # liftB_full_n35 r=24
9182179441,0,-16658934678,0,13795962273,0,-6895880638,0,2317105432,0,-551383946,0,95281122,0,-12047279,0,1106187,0,-71936,0,3145,0,-83,0,1 # liftB_full_n35 r=24
57128490881281,0,-49198582485072,0,19400298345108,0,-4631860611158,0,745731189376,0,-85294981729,0,7106722629,0,-434611003,0,19361508,0,-612769,0,13078,0,-169,0,1 # liftB_full_n35 r=24
270174255121,0,-366359432842,0,227141888513,0,-85143427138,0,21491190776,0,-3848250934,0,501249874,0,-47854033,0,3323403,0,-163744,0,5433,0,-109,0,1 # liftB_full_n35 r=24
547465681,0,-1372947954,0,1538966471,0,-1021076798,0,447306153,0,-136514637,0,29807540,0,-4698337,0,531286,0,-42084,0,2219,0,-70,0,1 # liftB_full_n35 r=24
7686388201801,0,-7871950643770,0,3687907137799,0,-1045039324754,0,199484950291,0,-27022620537,0,2663510450,0,-192464297,0,10118448,0,-377428,0,9481,0,-144,0,1 # liftB_full_n35 r=24
5099359231,0,-10202294702,0,9213453133,0,-4969605497,0,1784416422,0,-449671874,0,81606217,0,-10753821,0,1021942,0,-68344,0,3055,0,-82,0,1 # liftB_full_n35 r=24
151953964471,0,-221473077102,0,146826709475,0,-58560184841,0,15653365710,0,-2955040434,0,404080607,0,-40337533,0,2918194,0,-149244,0,5123,0,-106,0,1 # liftB_full_n35 r=24
950002659761,0,-1167790471406,0,655704825383,0,-222362927874,0,50720988569,0,-8197694003,0,962582852,0,-82733599,0,5165590,0,-228476,0,6795,0,-122,0,1 # liftB_full_n35 r=24
199229059261,0,-283410435956,0,183323959213,0,-71337031201,0,18607883578,0,-3429181242,0,457995509,0,-44683831,0,3161736,0,-158282,0,5323,0,-108,0,1 # liftB_full_n35 r=24
3055830284431,0,-3396559412698,0,1725425803015,0,-529680455959,0,109435724310,0,-16030427206,0,1707030787,0,-133139907,0,7548274,0,-303356,0,8203,0,-134,0,1 # liftB_full_n35 r=24
7325892001,0,-14225419180,0,12442680967,0,-6492657297,0,2254386234,0,-549483018,0,96518547,0,-12323479,0,1136160,0,-73822,0,3211,0,-84,0,1 # liftB_full_n35 r=24
759843555241,0,-958734421234,0,551176932091,0,-190975231902,0,44430075525,0,-7313907579,0,873775272,0,-76351063,0,4844124,0,-217672,0,6577,0,-120,0,1 # liftB_full_n35 r=24
2632248497341,0,-2953716187364,0,1515653714353,0,-470255727039,0,98250933378,0,-14561907438,0,1569798369,0,-124013129,0,7124976,0,-290318,0,7963,0,-132,0,1 # liftB_full_n35 r=24
43400574001,0,-71028875390,0,52682990959,0,-23436950526,0,6970436591,0,-1461162663,0,221510470,0,-24484183,0,1959408,0,-110772,0,4201,0,-96,0,1 # liftB_full_n35 r=24
8834810138281,0,-8965584783858,0,4160009837723,0,-1166977329682,0,220421588271,0,-29531606031,0,2877629174,0,-205476287,0,10670218,0,-392976,0,9743,0,-146,0,1 # liftB_full_n35 r=24
59774730001,0,-93522338938,0,66717199843,0,-28692557698,0,8284155747,0,-1691456431,0,250409362,0,-27080319,0,2123002,0,-117656,0,4375,0,-98,0,1 # liftB_mix_n35 r=24
39901,0,-247060,0,672457,0,-1064063,0,1090834,0,-763902,0,375017,0,-130121,0,31680,0,-5278,0,571,0,-36,0,1 # liftB_mix_n35 r=24
5665241,0,21104066,0,35284331,0,34982322,0,22889303,0,10406063,0,3368750,0,782143,0,129226,0,14816,0,1119,0,50,0,1 # liftB_mix_n35 r=0
64681,0,-363566,0,907961,0,-1331582,0,1277168,0,-844298,0,394750,0,-131663,0,31131,0,-5096,0,549,0,-35,0,1 # liftB_mix_n35 r=24
5352481,0,-19095336,0,30776688,0,-29629714,0,18976714,0,-8518463,0,2748507,0,-642389,0,107970,0,-12731,0,1000,0,-47,0,1 # liftB_mix_n35 r=24
1,0,48,0,628,0,3498,0,10032,0,16511,0,16757,0,10949,0,4692,0,1311,0,230,0,23,0,1 # liftB_mix_n35 r=0
1,0,144,0,2556,0,12278,0,28468,0,38377,0,32745,0,18427,0,6936,0,1729,0,274,0,25,0,1 # liftB_mix_n35 r=0
12317523121,0,-21801093054,0,17612481301,0,-8588007138,0,2815082268,0,-653524402,0,110181140,0,-13593217,0,1217991,0,-77304,0,3299,0,-85,0,1 # liftB_mix_n35 r=24
5352481,0,19095336,0,30776688,0,29629714,0,18976714,0,8518463,0,2748507,0,642389,0,107970,0,12731,0,1000,0,47,0,1 # liftB_mix_n35 r=0
141961,0,747382,0,1742333,0,2380642,0,2126132,0,1309474,0,571192,0,178081,0,39447,0,6064,0,615,0,37,0,1 # liftB_mix_n35 r=0
1,0,-6,0,-47,0,66,0,264,0,22,0,-358,0,-239,0,75,0,144,0,65,0,13,0,1 # liftB_mix_n35 r=8
1,0,6,0,-47,0,-66,0,264,0,-22,0,-358,0,239,0,75,0,-144,0,65,0,-13,0,1 # liftB_mix_n35 r=16
1800193921,0,-3772430224,0,3602433668,0,-2072965846,0,800599064,0,-218635057,0,43293277,0,-6263611,0,657180,0,-48769,0,2430,0,-73,0,1 # liftB_mix_n35 r=24
49507122001,0,-78243877730,0,56443314127,0,-24572295618,0,7189389759,0,-1489142937,0,223880502,0,-24612521,0,1963440,0,-110828,0,4201,0,-96,0,1 # liftB_mix_n35 r=24
29401,0,105410,0,130987,0,47742,0,-39091,0,-46917,0,-15968,0,1879,0,3420,0,1272,0,241,0,24,0,1 # liftB_mix_n35 r=4
1,0,-10,0,-221,0,114,0,3441,0,9237,0,12060,0,9257,0,4428,0,1328,0,241,0,24,0,1 # liftB_mix_n35 r=4
1,0,-8,0,-40,0,46,0,110,0,-71,0,-113,0,43,0,54,0,-11,0,-12,0,1,0,1 # liftB_mix_n35 r=12
1,0,8,0,-40,0,-46,0,110,0,71,0,-113,0,-43,0,54,0,11,0,-12,0,-1,0,1 # liftB_mix_n35 r=12
-419,0,668,0,2965,0,-10209,0,12522,0,-6666,0,237,0,1481,0,-648,0,38,0,43,0,-12,0,1 # liftB_mix_n35 r=18
176835961,0,-456483042,0,535394025,0,-377295746,0,177940960,0,-59174614,0,14229942,0,-2493553,0,316059,0,-28264,0,1693,0,-61,0,1 # liftB_mix_n35 r=24
4420921,0,-16435018,0,27511255,0,-27413106,0,18104747,0,-8346969,0,2753722,0,-654761,0,111312,0,-13188,0,1033,0,-48,0,1 # liftB_mix_n35 r=24
9035634301,0,-16576545580,0,13863851389,0,-6988862559,0,2364771866,0,-565719462,0,98098405,0,-12421577,0,1139688,0,-73878,0,3211,0,-84,0,1 # liftB_mix_n35 r=24
39901,0,247060,0,672457,0,1064063,0,1090834,0,763902,0,375017,0,130121,0,31680,0,5278,0,571,0,36,0,1 # liftB_mix_n35 r=0
115862041,0,-310013658,0,376957645,0,-275418654,0,134668260,0,-46424606,0,11570432,0,-2100767,0,275799,0,-25536,0,1583,0,-59,0,1 # liftB_mix_n35 r=24
64681,0,363566,0,907961,0,1331582,0,1277168,0,844298,0,394750,0,131663,0,31131,0,5096,0,549,0,35,0,1 # liftB_mix_n35 r=0
1,0,-54,0,563,0,-1886,0,1419,0,783,0,-1078,0,-1,0,250,0,-24,0,-25,0,2,0,1 # liftB_mix_n35 r=16
105766081,0,-289976396,0,360545251,0,-268766223,0,133748850,0,-46797726,0,11801607,0,-2160617,0,284904,0,-26378,0,1627,0,-60,0,1 # liftB_mix_n35 r=24
1,0,-18,0,-27,0,98,0,76,0,-206,0,-36,0,193,0,-57,0,-56,0,43,0,-11,0,1 # liftB_mix_n35 r=16
1,0,18,0,-27,0,-98,0,76,0,206,0,-36,0,-193,0,-57,0,56,0,43,0,11,0,1 # liftB_mix_n35 r=8
1,0,-4,0,-17,0,81,0,-22,0,-198,0,139,0,151,0,-144,0,-18,0,43,0,-12,0,1 # liftB_mix_n35 r=16
9243361,0,31476312,0,48395968,0,44435118,0,27141426,0,11622289,0,3578819,0,798763,0,128298,0,14469,0,1088,0,49,0,1 # liftB_mix_n35 r=0
4420921,0,16435018,0,27511255,0,27413106,0,18104747,0,8346969,0,2753722,0,654761,0,111312,0,13188,0,1033,0,48,0,1 # liftB_mix_n35 r=0
2311,0,4094,0,-2549,0,-8887,0,-3522,0,3362,0,2695,0,-3,0,-494,0,-116,0,19,0,10,0,1 # liftB_mix_n35 r=8
141961,0,-747382,0,1742333,0,-2380642,0,2126132,0,-1309474,0,571192,0,-178081,0,39447,0,-6064,0,615,0,-37,0,1 # liftB_mix_n35 r=24
1525726441,0,3316952598,0,3275318255,0,1941975634,0,769824285,0,214896771,0,43306592,0,6346847,0,671254,0,49956,0,2483,0,74,0,1 # liftB_mix_n35 r=0
1,0,-48,0,628,0,-3498,0,10032,0,-16511,0,16757,0,-10949,0,4692,0,-1311,0,230,0,-23,0,1 # liftB_mix_n35 r=24
134627431,0,367073626,0,452788873,0,333974119,0,163990494,0,56452918,0,13965637,0,2500899,0,321670,0,28976,0,1735,0,62,0,1 # liftB_mix_n35 r=0
134627431,0,-367073626,0,452788873,0,-333974119,0,163990494,0,-56452918,0,13965637,0,-2500899,0,321670,0,-28976,0,1735,0,-62,0,1 # liftB_mix_n35 r=24
28799471,0,-101744134,0,156331703,0,-138817641,0,79735094,0,-31357402,0,8694707,0,-1719101,0,241330,0,-23524,0,1515,0,-58,0,1 # liftB_mix_n35 r=24
9243361,0,-31476312,0,48395968,0,-44435118,0,27141426,0,-11622289,0,3578819,0,-798763,0,128298,0,-14469,0,1088,0,-49,0,1 # liftB_mix_n35 r=24
1525726441,0,-3316952598,0,3275318255,0,-1941975634,0,769824285,0,-214896771,0,43306592,0,-6346847,0,671254,0,-49956,0,2483,0,-74,0,1 # liftB_mix_n35 r=24
-3079,0,-13478,0,7103,0,31182,0,12197,0,-12611,0,-11368,0,-1759,0,1462,0,844,0,195,0,22,0,1 # liftB_mix_n35 r=6
1219875721,0,-2674817134,0,2668714843,0,-1601768354,0,644012053,0,-182697093,0,37489304,0,-5605289,0,605916,0,-46168,0,2353,0,-72,0,1 # liftB_mix_n35 r=24
1219875721,0,2674817134,0,2668714843,0,1601768354,0,644012053,0,182697093,0,37489304,0,5605289,0,605916,0,46168,0,2353,0,72,0,1 # liftB_mix_n35 r=0
105766081,0,289976396,0,360545251,0,268766223,0,133748850,0,46797726,0,11801607,0,2160617,0,284904,0,26378,0,1627,0,60,0,1 # liftB_mix_n35 r=0
218401,0,-78500,0,-475781,0,499919,0,11266,0,-321138,0,262415,0,-112663,0,30168,0,-5222,0,571,0,-36,0,1 # liftB_mix_n35 r=20
-3079,0,13478,0,7103,0,-31182,0,12197,0,12611,0,-11368,0,1759,0,1462,0,-844,0,195,0,-22,0,1 # liftB_mix_n35 r=18
10711,0,-20982,0,-78367,0,155047,0,-25554,0,-130554,0,140189,0,-71773,0,21958,0,-4224,0,503,0,-34,0,1 # liftB_mix_n35 r=20
258962173471,0,-356338423026,0,223803080861,0,-84829056007,0,21609775878,0,-3897460638,0,510263705,0,-48858083,0,3395446,0,-167016,0,5519,0,-110,0,1 # liftB_mix_n35 r=24
1,0,-14,0,31,0,98,0,-425,0,441,0,62,0,-343,0,144,0,28,0,-23,0,0,0,1 # liftB_mix_n35 r=16
-49,0,98,0,245,0,-441,0,-490,0,686,0,497,0,-413,0,-266,0,56,0,63,0,14,0,1 # liftB_mix_n35 r=10
29401,0,-105410,0,130987,0,-47742,0,-39091,0,46917,0,-15968,0,-1879,0,3420,0,-1272,0,241,0,-24,0,1 # liftB_mix_n35 r=20
5665241,0,-21104066,0,35284331,0,-34982322,0,22889303,0,-10406063,0,3368750,0,-782143,0,129226,0,-14816,0,1119,0,-50,0,1 # liftB_mix_n35 r=24
1800193921,0,3772430224,0,3602433668,0,2072965846,0,800599064,0,218635057,0,43293277,0,6263611,0,657180,0,48769,0,2430,0,73,0,1 # liftB_mix_n35 r=0
11095071191,0,-20157409778,0,16672750643,0,-8300608887,0,2769875246,0,-652565486,0,111282479,0,-13838467,0,1245298,0,-79076,0,3363,0,-86,0,1 # liftB_mix_n35 r=24
217695713761,0,-302582985268,0,192122199895,0,-73680114671,0,19007069722,0,-3474309654,0,461381507,0,-44846441,0,3166272,0,-158338,0,5323,0,-108,0,1 # liftB_mix_n35 r=24
1,0,10,0,-221,0,-114,0,3441,0,-9237,0,12060,0,-9257,0,4428,0,-1328,0,241,0,-24,0,1 # liftB_mix_n35 r=20
47204221,0,-165361724,0,246958561,0,-210051777,0,114678050,0,-42746994,0,11237617,0,-2110903,0,282384,0,-26322,0,1627,0,-60,0,1 # liftB_mix_n35 r=24
176835961,0,456483042,0,535394025,0,377295746,0,177940960,0,59174614,0,14229942,0,2493553,0,316059,0,28264,0,1693,0,61,0,1 # liftB_mix_n35 r=0
2311,0,-4094,0,-2549,0,8887,0,-3522,0,-3362,0,2695,0,3,0,-494,0,116,0,19,0,-10,0,1 # liftB_mix_n35 r=16
1,0,4,0,-17,0,-81,0,-22,0,198,0,139,0,-151,0,-144,0,18,0,43,0,12,0,1 # liftB_mix_n35 r=8
48511,0,306858,0,851423,0,1367383,0,1413222,0,989046,0,480347,0,163139,0,38482,0,6156,0,635,0,38,0,1 # liftB_mix_n35 r=0
-49,0,-98,0,245,0,441,0,-490,0,-686,0,497,0,413,0,-266,0,-56,0,63,0,-14,0,1 # liftB_mix_n35 r=14
1,0,-2,0,-137,0,-158,0,2721,0,10291,0,15484,0,12447,0,5878,0,1676,0,283,0,26,0,1 # liftB_mix_n35 r=4
1,0,14,0,31,0,-98,0,-425,0,-441,0,62,0,343,0,144,0,-28,0,-23,0,0,0,1 # liftB_mix_n35 r=8
48511,0,-306858,0,851423,0,-1367383,0,1413222,0,-989046,0,480347,0,-163139,0,38482,0,-6156,0,635,0,-38,0,1 # liftB_mix_n35 r=24
1,0,2,0,-137,0,158,0,2721,0,-10291,0,15484,0,-12447,0,5878,0,-1676,0,283,0,-26,0,1 # liftB_mix_n35 r=20
1,0,54,0,563,0,1886,0,1419,0,-783,0,-1078,0,1,0,250,0,24,0,-25,0,-2,0,1 # liftB_mix_n35 r=8
64681,0,-1935526,0,8666023,0,-14150766,0,12398403,0,-6770247,0,2471874,0,-623191,0,109296,0,-13132,0,1033,0,-48,0,1 # liftB_mix_n35 r=24
141961,0,-1512302,0,5010235,0,-8014766,0,7428735,0,-4384049,0,1734502,0,-471873,0,88714,0,-11344,0,943,0,-46,0,1 # liftB_mix_n35 r=24
-419,0,-668,0,2965,0,10209,0,12522,0,6666,0,237,0,-1481,0,-648,0,-38,0,43,0,12,0,1 # liftB_mix_n35 r=6
795865150081,0,983855175408,0,556365524580,0,190309165354,0,43854729160,0,7172386991,0,853672077,0,74503877,0,4732044,0,213311,0,6478,0,119,0,1 # liftB_neg_n35 r=0
215532369361,0,297858135266,0,188208136373,0,71900478494,0,18495927164,0,3375240398,0,448030372,0,43587839,0,3084615,0,154856,0,5235,0,107,0,1 # liftB_neg_n35 r=0
974711041921,0,1184650102992,0,658624707340,0,221491123446,0,50180532060,0,8068847449,0,944230097,0,81024763,0,5060064,0,224289,0,6698,0,121,0,1 # liftB_neg_n35 r=0
597869832841,0,770927303114,0,452973478543,0,160394065646,0,38125780269,0,6410176637,0,781814992,0,69706401,0,4509910,0,206524,0,6355,0,118,0,1 # liftB_neg_n35 r=0
840660241,0,2046596282,0,2214476275,0,1413097774,0,594304297,0,174070251,0,36502052,0,5533399,0,602892,0,46112,0,2353,0,72,0,1 # liftB_neg_n35 r=0
3098756901241,0,3413714374854,0,1720884780333,0,524925222626,0,107907999364,0,15749116642,0,1673388912,0,130424161,0,7400535,0,298144,0,8095,0,133,0,1 # liftB_neg_n35 r=0
63912784321,0,98084741112,0,68777454888,0,29138076782,0,8306904982,0,1678888009,0,246663927,0,26544811,0,2076702,0,115189,0,4300,0,97,0,1 # liftB_neg_n35 r=0
2578355259481,0,2884477974078,0,1476655402633,0,457416738942,0,95488901376,0,14152560746,0,1527030854,0,120856847,0,6963483,0,284856,0,7853,0,131,0,1 # liftB_neg_n35 r=0
49509956161,0,77629389576,0,55615995016,0,24073799442,0,7012082118,0,1447905623,0,217327655,0,23892053,0,1909326,0,108171,0,4124,0,95,0,1 # liftB_neg_n35 r=0
759843555241,0,958734421234,0,551176932091,0,190975231902,0,44430075525,0,7313907579,0,873775272,0,76351063,0,4844124,0,217672,0,6577,0,120,0,1 # liftB_neg_n35 r=0
5099359231,0,10202294702,0,9213453133,0,4969605497,0,1784416422,0,449671874,0,81606217,0,10753821,0,1021942,0,68344,0,3055,0,82,0,1 # liftB_neg_n35 r=0
9182179441,0,16658934678,0,13795962273,0,6895880638,0,2317105432,0,551383946,0,95281122,0,12047279,0,1106187,0,71936,0,3145,0,83,0,1 # liftB_neg_n35 r=0
270174255121,0,366359432842,0,227141888513,0,85143427138,0,21491190776,0,3848250934,0,501249874,0,47854033,0,3323403,0,163744,0,5433,0,109,0,1 # liftB_neg_n35 r=0
3055830284431,0,3396559412698,0,1725425803015,0,529680455959,0,109435724310,0,16030427206,0,1707030787,0,133139907,0,7548274,0,303356,0,8203,0,134,0,1 # liftB_neg_n35 r=0
8883749915041,0,8951652456664,0,4128657671696,0,1152521477998,0,216876609818,0,28982455777,0,2820379435,0,201377707,0,10470546,0,386629,0,9624,0,145,0,1 # liftB_neg_n35 r=0
23365473211081,0,21697370214642,0,9224148480793,0,2373928289922,0,411926522832,0,50771223094,0,4557764462,0,300264241,0,14407707,0,491064,0,11285,0,157,0,1 # liftB_neg_n35 r=0
7686388201801,0,7871950643770,0,3687907137799,0,1045039324754,0,199484950291,0,27022620537,0,2663510450,0,192464297,0,10118448,0,377428,0,9481,0,144,0,1 # liftB_neg_n35 r=0
43400574001,0,71028875390,0,52682990959,0,23436950526,0,6970436591,0,1461162663,0,221510470,0,24484183,0,1959408,0,110772,0,4201,0,96,0,1 # liftB_neg_n35 r=0
57427006791001,0,49681812849286,0,19664279765791,0,4708491267442,0,759601122453,0,86978647363,0,7248395560,0,442937823,0,19698166,0,621716,0,13219,0,170,0,1 # liftB_neg_n35 r=0
8834810138281,0,8965584783858,0,4160009837723,0,1166977329682,0,220421588271,0,29531606031,0,2877629174,0,205476287,0,10670218,0,392976,0,9743,0,146,0,1 # liftB_neg_n35 r=0
809071950961,0,1004376580006,0,569905157971,0,195440014098,0,45111709625,0,7383027861,0,878431252,0,76551977,0,4849164,0,217728,0,6577,0,120,0,1 # liftB_neg_n35 r=0
7508201981281,0,7672823940008,0,3589013684768,0,1016083405778,0,193912186082,0,26280626831,0,2593644787,0,187805909,0,9902682,0,370811,0,9360,0,143,0,1 # liftB_neg_n35 r=0
7325892001,0,14225419180,0,12442680967,0,6492657297,0,2254386234,0,549483018,0,96518547,0,12323479,0,1136160,0,73822,0,3211,0,84,0,1 # liftB_neg_n35 r=0
950002659761,0,1167790471406,0,655704825383,0,222362927874,0,50720988569,0,8197694003,0,962582852,0,82733599,0,5165590,0,228476,0,6795,0,122,0,1 # liftB_neg_n35 r=0
1273319041,0,2747561648,0,2701858028,0,1601062922,0,636750476,0,179052551,0,36503809,0,5436677,0,587088,0,44831,0,2298,0,71,0,1 # liftB_neg_n35 r=0
199229059261,0,283410435956,0,183323959213,0,71337031201,0,18607883578,0,3429181242,0,457995509,0,44683831,0,3161736,0,158282,0,5323,0,108,0,1 # liftB_neg_n35 r=0
23380429462391,0,21834673938218,0,9326580216113,0,2409355732263,0,419234251022,0,51761953766,0,4649853677,0,306203299,0,14670022,0,498656,0,11415,0,158,0,1 # liftB_neg_n35 r=0
151953964471,0,221473077102,0,146826709475,0,58560184841,0,15653365710,0,2955040434,0,404080607,0,40337533,0,2918194,0,149244,0,5123,0,106,0,1 # liftB_neg_n35 r=0
31812254321,0,53497778662,0,40806627203,0,18675847998,0,5714069171,0,1231788049,0,191918594,0,21784193,0,1788538,0,103624,0,4023,0,94,0,1 # liftB_neg_n35 r=0
20520659359201,0,19333348551100,0,8334452764747,0,2173811289423,0,382044846434,0,47662079022,0,4327839487,0,288185321,0,13966200,0,480378,0,11131,0,156,0,1 # liftB_neg_n35 r=0
2632248497341,0,2953716187364,0,1515653714353,0,470255727039,0,98250933378,0,14561907438,0,1569798369,0,124013129,0,7124976,0,290318,0,7963,0,132,0,1 # liftB_neg_n35 r=0
547465681,0,1372947954,0,1538966471,0,1021076798,0,447306153,0,136514637,0,29807540,0,4698337,0,531286,0,42084,0,2219,0,70,0,1 # liftB_neg_n35 r=0
50796609372601,0,44318278229918,0,17696154842635,0,4276078561986,0,696399871197,0,80526520389,0,6778952592,0,418596521,0,18816732,0,600488,0,12913,0,168,0,1 # liftB_neg_n35 r=0
57128490881281,0,49198582485072,0,19400298345108,0,4631860611158,0,745731189376,0,85294981729,0,7106722629,0,434611003,0,19361508,0,612769,0,13078,0,169,0,1 # liftB_neg_n35 r=0
58321709511157,0,-50325725009054,0,19872352178992,0,-4748244042322,0,764573678272,0,-87404153617,0,7273619991,0,-443960674,0,19725317,0,-622142,0,13222,0,-170,0,1 # liftB_full_n39 r=24
63784225441,0,-97936573044,0,68701938140,0,-29115736239,0,8302676983,0,-1678357129,0,246619697,0,-26542453,0,2076629,0,-115188,0,4300,0,-97,0,1 # liftB_full_n39 r=24
973717567681,0,-1183744389448,0,658258869758,0,-221405190239,0,50167595429,0,-8067553017,0,944144007,0,-81021093,0,5059973,0,-224288,0,6698,0,-121,0,1 # liftB_full_n39 r=24
57107465170561,0,-49185009945864,0,19396410424274,0,-4631211941967,0,745661721961,0,-85290029617,0,7106487635,0,-434603845,0,19361381,0,-612768,0,13078,0,-169,0,1 # liftB_full_n39 r=24
215835892273,0,-298174585926,0,188354244120,0,-71939687015,0,18502666477,0,-3376009822,0,448088720,0,-43590673,0,3084695,0,-154857,0,5235,0,-107,0,1 # liftB_full_n39 r=24
7512610588561,0,-7676216121756,0,3590171403000,0,-1016313426401,0,193941506083,0,-26283113311,0,2593785077,0,-187810987,0,9902789,0,-370812,0,9360,0,-143,0,1 # liftB_full_n39 r=24
8878539786481,0,-8947716398628,0,4127338905648,0,-1152264276415,0,216844429915,0,-28979777201,0,2820231101,0,-201372437,0,10470437,0,-386628,0,9624,0,-145,0,1 # liftB_full_n39 r=24
3096391621753,0,-3411760424874,0,1720169208020,0,-524772743145,0,107887164277,0,-15747223378,0,1673274500,0,-130419727,0,7400435,0,-298143,0,8095,0,-133,0,1 # liftB_full_n39 r=24
2580326351461,0,-2886139126586,0,1477276114874,0,-457551710383,0,95507722961,0,-14154306258,0,1527138510,0,-120861105,0,6963581,0,-284857,0,7853,0,-131,0,1 # liftB_full_n39 r=24
9210162781,0,-16697339706,0,13819246310,0,-6904064991,0,2318943433,0,-551657426,0,95308082,0,-12048977,0,1106249,0,-71937,0,3145,0,-83,0,1 # liftB_full_n39 r=24
192839674171,0,-275544484407,0,179030255959,0,-69966847456,0,18324464213,0,-3389430581,0,454163243,0,-44432840,0,3151040,0,-158014,0,5320,0,-108,0,1 # liftB_full_n39 r=24
796678009921,0,-984612642072,0,556678325018,0,-190384296081,0,43866295729,0,-7173570623,0,853752587,0,-74507387,0,4732133,0,-213312,0,6478,0,-119,0,1 # liftB_full_n39 r=24
49990044268009,0,-43731458261334,0,17504464490618,0,-4239058374966,0,691719276366,0,-80121731949,0,6754704399,0,-417603120,0,18790097,0,-600066,0,12910,0,-168,0,1 # liftB_full_n39 r=24
269794865341,0,-365973360774,0,226967958294,0,-85097894497,0,21483557161,0,-3847400942,0,501187010,0,-47851055,0,3323321,0,-163743,0,5433,0,-109,0,1 # liftB_full_n39 r=24
6976636057,0,-13615144203,0,11979023567,0,-6290182176,0,2197875735,0,-538912017,0,95172219,0,-12207912,0,1129748,0,-73614,0,3208,0,-84,0,1 # liftB_full_n39 r=24
157780720891,0,-228634307779,0,150744262029,0,-59817108356,0,15915450781,0,-2992171843,0,407702541,0,-40577842,0,2928578,0,-149508,0,5126,0,-106,0,1 # liftB_full_n39 r=24
2564039601631,0,-2889784422753,0,1488782239799,0,-463586845584,0,97168864113,0,-14441982579,0,1560605643,0,-123531960,0,7108520,0,-289986,0,7960,0,-132,0,1 # liftB_full_n39 r=24
49609953121,0,-77747809292,0,55678036748,0,-24092672785,0,7015755815,0,-1448380119,0,217368321,0,-23894283,0,1909397,0,-108172,0,4124,0,-95,0,1 # liftB_full_n39 r=24
7519495500661,0,-7729282725126,0,3633188886406,0,-1032641272430,0,197647330544,0,-26836470649,0,2650460255,0,-191839168,0,10098869,0,-377066,0,9478,0,-144,0,1 # liftB_full_n39 r=24
979525364221,0,-1197963179902,0,669523199448,0,-226097009650,0,51380258684,0,-8277149577,0,969202207,0,-83109954,0,5179565,0,-228782,0,6798,0,-122,0,1 # liftB_full_n39 r=24
20141944970797,0,-19035685907277,0,8229443697007,0,-2151917248624,0,379057428035,0,-47383357463,0,4309834139,0,-287390168,0,13943228,0,-479986,0,11128,0,-156,0,1 # liftB_full_n39 r=24
41706360541,0,-68596023114,0,51144326206,0,-22871375090,0,6836355644,0,-1439700751,0,219157535,0,-24309472,0,1950989,0,-110534,0,4198,0,-96,0,1 # liftB_full_n39 r=24
1279586881,0,-2757816696,0,2709252654,0,-1604146913,0,637570261,0,-179196583,0,36520535,0,-5437915,0,587141,0,-44832,0,2298,0,-71,0,1 # liftB_full_n39 r=24
783621354673,0,-977961689766,0,557618925490,0,-192068068726,0,44507103962,0,-7309035269,0,872173199,0,-76190864,0,4835561,0,-217426,0,6574,0,-120,0,1 # liftB_full_n39 r=24
739597067353,0,-936813242634,0,540611590730,0,-187987812234,0,43880851062,0,-7245259011,0,867863439,0,-76004496,0,4830881,0,-217374,0,6574,0,-120,0,1 # liftB_full_n39 r=24
9023390859913,0,-9124747613510,0,4220279674692,0,-1180460385274,0,222394880938,0,-29729009573,0,2891298411,0,-206123186,0,10690241,0,-393342,0,9746,0,-146,0,1 # liftB_full_n39 r=24
595470877,0,-1477668226,0,1637732472,0,-1074311438,0,465542572,0,-140679703,0,30452031,0,-4765246,0,535757,0,-42258,0,2222,0,-70,0,1 # liftB_full_n39 r=24
23354716044661,0,-21689881979494,0,9221835906050,0,-2373512425649,0,411878532833,0,-50767537614,0,4557576102,0,-300258063,0,14407589,0,-491063,0,11285,0,-157,0,1 # liftB_full_n39 r=24
5427202873,0,-10762394575,0,9634196269,0,-5152933460,0,1835822875,0,-459382031,0,82859505,0,-10863122,0,1028114,0,-68548,0,3058,0,-82,0,1 # liftB_full_n39 r=24
616335385381,0,-790951906018,0,462665302048,0,-163152097070,0,38637022984,0,-6474701663,0,787432647,0,-70039646,0,4522805,0,-206818,0,6358,0,-118,0,1 # liftB_full_n39 r=24
33366754513,0,-55711861370,0,42204169452,0,-19191157766,0,5837109638,0,-1251685347,0,194127571,0,-21950574,0,1796681,0,-103858,0,4026,0,-94,0,1 # liftB_full_n39 r=24
3133823888911,0,-3468647938181,0,1755304195069,0,-536992542124,0,110605752481,0,-16158324277,0,1716702261,0,-133639438,0,7565138,0,-303692,0,8206,0,-134,0,1 # liftB_full_n39 r=24
793320529,0,-1936716186,0,2106951058,0,-1354178314,0,574075466,0,-169483931,0,35801999,0,-5462000,0,598217,0,-45934,0,2350,0,-72,0,1 # liftB_full_n39 r=24
23804110938973,0,-22163792504185,0,9441332208669,0,-2433003172540,0,422423689775,0,-52056125769,0,4668643225,0,-307023918,0,14693474,0,-499052,0,11418,0,-158,0,1 # liftB_full_n39 r=24
40606182081,0,-67157593128,0,50310082962,0,-22588217127,0,6773968818,0,-1430365356,0,218195646,0,-24242022,0,1947906,0,-110451,0,4197,0,-96,0,1 # liftB_full_n45 r=24
242507865601,0,-331754305920,0,207513885816,0,-78479371048,0,19986348426,0,-3610934316,0,474579455,0,-45718029,0,3203928,0,-159299,0,5334,0,-108,0,1 # liftB_full_n45 r=24
243199756801,0,-332463941760,0,207836331048,0,-78564563384,0,20000771934,0,-3612557124,0,474700793,0,-45723843,0,3204090,0,-159301,0,5334,0,-108,0,1 # liftB_full_n45 r=24
49775245143121,0,-43572249605820,0,17451438419796,0,-4228608261193,0,690369851106,0,-80002437876,0,6747393090,0,-417296394,0,18781668,0,-599929,0,12909,0,-168,0,1 # liftB_full_n45 r=24
8191134871921,0,-8308555152612,0,3857592603672,0,-1084058146543,0,205363589973,0,-27628955829,0,2706867716,0,-194586633,0,10186506,0,-378719,0,9492,0,-144,0,1 # liftB_full_n45 r=24
7947510481,0,-15158107002,0,13060110588,0,-6731051963,0,2314002891,0,-559593084,0,97697834,0,-12417018,0,1140993,0,-73969,0,3213,0,-84,0,1 # liftB_full_n45 r=24
45881709121,0,-74208393912,0,54494199510,0,-24042055321,0,7101924000,0,-1480602444,0,223492622,0,-24621918,0,1965654,0,-110939,0,4203,0,-96,0,1 # liftB_full_n45 r=24
2840744649601,0,-3150916701120,0,1599441765336,0,-491315239032,0,101718326826,0,-14952660684,0,1600320995,0,-125644851,0,7182108,0,-291501,0,7974,0,-132,0,1 # liftB_full_n45 r=24
884376377281,0,-1083414878568,0,607153893894,0,-205819287231,0,47005345755,0,-7619376153,0,898867718,0,-77760729,0,4895964,0,-218799,0,6588,0,-120,0,1 # liftB_full_n45 r=24
886201715521,0,-1085091559992,0,607836632034,0,-205981041169,0,47029918455,0,-7621858407,0,899034458,0,-77767911,0,4896144,0,-218801,0,6588,0,-120,0,1 # liftB_full_n45 r=24
745161121,0,-1844346420,0,2030522616,0,-1317923287,0,563083506,0,-167247324,0,35491530,0,-5432886,0,596448,0,-45871,0,2349,0,-72,0,1 # liftB_full_n45 r=24
7476406168321,0,-7691689748952,0,3618457738542,0,-1029227224313,0,197129149218,0,-26782655364,0,2646587766,0,-191648538,0,10092726,0,-376949,0,9477,0,-144,0,1 # liftB_full_n45 r=24
2546758091791,0,-2873237195460,0,1481668049238,0,-461778481951,0,96867928449,0,-14407728516,0,1557905178,0,-123386382,0,7103385,0,-289879,0,7959,0,-132,0,1 # liftB_full_n45 r=24
8200822790161,0,-8315924161116,0,3860079366240,0,-1084546805873,0,205425210237,0,-27634126923,0,2707156508,0,-194596983,0,10186722,0,-378721,0,9492,0,-144,0,1 # liftB_full_n45 r=24
6709853431,0,-13203920256,0,11700191940,0,-6180260393,0,2169892737,0,-534093948,0,94602918,0,-12162258,0,1127367,0,-73541,0,3207,0,-84,0,1 # liftB_full_n45 r=24
189110909791,0,-271285600860,0,176862929778,0,-69319009969,0,18198384849,0,-3372724044,0,452635698,0,-44337618,0,3147165,0,-157921,0,5319,0,-108,0,1 # liftB_full_n45 r=24
56827824481,0,-87992278668,0,62266226292,0,-26626695297,0,7663463073,0,-1563900891,0,232038296,0,-25220727,0,1993086,0,-111681,0,4212,0,-96,0,1 # liftB_full_n45 r=24
2836370908801,0,-3147277527360,0,1598098849608,0,-491026775336,0,101678577534,0,-14949016836,0,1600098773,0,-125636157,0,7181910,0,-291499,0,7974,0,-132,0,1 # liftB_full_n45 r=24
959222881,0,-2265234252,0,2389176288,0,-1493556057,0,618106272,0,-178816284,0,37149962,0,-5593326,0,606492,0,-46239,0,2355,0,-72,0,1 # liftB_full_n45 r=24
53321436604801,0,-46173447698040,0,18308895358158,0,-4395875518689,0,711752938659,0,-81874207239,0,6861008798,0,-422018343,0,18910260,0,-602001,0,12924,0,-168,0,1 # liftB_full_n45 r=24
56595399841,0,-87722224884,0,62127342660,0,-26585201087,0,7655525937,0,-1562892837,0,231953288,0,-25216137,0,1992942,0,-111679,0,4212,0,-96,0,1 # liftB_full_n45 r=24
783641445841,0,-982631880444,0,561909909516,0,-193816224473,0,44921151408,0,-7371853932,0,878504210,0,-76614702,0,4853736,0,-217879,0,6579,0,-120,0,1 # liftB_full_n45 r=24
207459079741,0,-292663743054,0,187966610118,0,-72707311251,0,18871581579,0,-3463777692,0,461131142,0,-44877786,0,3169575,0,-158469,0,5325,0,-108,0,1 # liftB_full_n45 r=24
728649843121,0,-925678480452,0,535552185804,0,-186634483319,0,43644709890,0,-7217158572,0,865552818,0,-75874806,0,4826124,0,-217271,0,6573,0,-120,0,1 # liftB_full_n45 r=24
20042541400311,0,-18956022069744,0,8200760897160,0,-2145807846567,0,378204965937,0,-47301945012,0,4304445198,0,-287146062,0,13935987,0,-479859,0,11127,0,-156,0,1 # liftB_full_n45 r=24
2665784497861,0,-2985882488466,0,1529509964658,0,-473785567069,0,98839784379,0,-14629116948,0,1575113102,0,-124300614,0,7135155,0,-290531,0,7965,0,-132,0,1 # liftB_full_n45 r=24
20714143661641,0,-19488678072918,0,8390485211208,0,-2185771083317,0,383717458491,0,-47822219796,0,4338468914,0,-288668262,0,13980573,0,-480631,0,11133,0,-156,0,1 # liftB_full_n45 r=24
51215259317041,0,-44629110452868,0,17799873745668,0,-4296560529703,0,699050569872,0,-80761416756,0,6793386722,0,-419203794,0,18833472,0,-600761,0,12915,0,-168,0,1 # liftB_full_n45 r=24
10716572161,0,-19185316992,0,15677693352,0,-7732811208,0,2564083998,0,-602160924,0,102702761,0,-12818493,0,1162026,0,-74619,0,3222,0,-84,0,1 # liftB_full_n45 r=24
821294739361,0,-1017370588596,0,576106860336,0,-197189760167,0,45434858208,0,-7423842468,0,882001130,0,-76765458,0,4857516,0,-217921,0,6579,0,-120,0,1 # liftB_full_n45 r=24
21697344789121,0,-20267284903488,0,8667605496072,0,-2244146372632,0,391776917598,0,-48584237196,0,4388436941,0,-290912067,0,14046606,0,-481781,0,11142,0,-156,0,1 # liftB_full_n45 r=24
1529035201,0,-3247689480,0,3143498418,0,-1833498031,0,717762759,0,-198687321,0,39880778,0,-5848857,0,622080,0,-46799,0,2364,0,-72,0,1 # liftB_full_n45 r=24
7770138266881,0,-7945144401288,0,3716644160250,0,-1051713608679,0,200500371600,0,-27128352996,0,2671140902,0,-192841122,0,10130634,0,-377661,0,9483,0,-144,0,1 # liftB_full_n45 r=24
777312003681,0,-971265448908,0,554429162664,0,-191170099881,0,44341680690,0,-7288201188,0,870356778,0,-76082634,0,4831344,0,-217329,0,6573,0,-120,0,1 # liftB_full_n45 r=24
7526126343121,0,-7734584222612,0,3635066390130,0,-1033027781120,0,197698295639,0,-26840933924,0,2650719814,0,-191848832,0,10099078,0,-377068,0,9478,0,-144,0,1 # liftB_full_n56 r=24
242814892321,0,-332073639252,0,207661006182,0,-78518776428,0,19993110611,0,-3611705328,0,474637864,0,-45720864,0,3204008,0,-159300,0,5334,0,-108,0,1 # liftB_full_n56 r=24
777571873,0,-1908817300,0,2086120314,0,-1345475224,0,571814615,0,-169102948,0,35760166,0,-5459104,0,598102,0,-45932,0,2350,0,-72,0,1 # liftB_full_n56 r=24
56696855041,0,-87842008704,0,62189928680,0,-26604194496,0,7659215446,0,-1563368576,0,231994008,0,-25218368,0,1993013,0,-111680,0,4212,0,-96,0,1 # liftB_full_n56 r=24
885196857601,0,-1084177943520,0,607468451576,0,-205894723440,0,47016944086,0,-7620561760,0,898948296,0,-77764240,0,4896053,0,-218800,0,6588,0,-120,0,1 # liftB_full_n56 r=24
6900768001,0,-13508254032,0,11914017014,0,-6267681224,0,2192972812,0,-538212528,0,95106726,0,-12204024,0,1129615,0,-73612,0,3208,0,-84,0,1 # liftB_full_n56 r=24
192004437241,0,-274680246664,0,178638035814,0,-69864238312,0,18307391156,0,-3387554968,0,454027078,0,-44426536,0,3150871,0,-158012,0,5320,0,-108,0,1 # liftB_full_n56 r=24
2838357316081,0,-3148948846428,0,1598722446902,0,-491162200452,0,101697441811,0,-14950764752,0,1600206504,0,-125640416,0,7182008,0,-291500,0,7974,0,-132,0,1 # liftB_full_n56 r=24
8195572344961,0,-8311964815296,0,3858754849320,0,-1084288817184,0,205392965846,0,-27631445184,0,2707008088,0,-194591712,0,10186613,0,-378720,0,9492,0,-144,0,1 # liftB_full_n56 r=24
41430422881,0,-68268086588,0,50974336530,0,-22820814000,0,6826827239,0,-1438518956,0,219060934,0,-24304448,0,1950838,0,-110532,0,4198,0,-96,0,1 # liftB_full_n56 r=24
2566906693561,0,-2892307403496,0,1489765071494,0,-463809262168,0,97201082356,0,-14445079992,0,1560803238,0,-123540024,0,7108711,0,-289988,0,7960,0,-132,0,1 # liftB_full_n56 r=24
20156197020961,0,-19046129741728,0,8232835252374,0,-2152557791736,0,379134956012,0,-47389592992,0,4310167366,0,-287401576,0,13943455,0,-479988,0,11128,0,-156,0,1 # liftB_full_n56 r=24
784755191521,0,-979071740332,0,558099642618,0,-192188906280,0,44526529943,0,-7311106012,0,872319526,0,-76197472,0,4835734,0,-217428,0,6574,0,-120,0,1 # liftB_full_n56 r=24
737383672081,0,-934778204388,0,539788169018,0,-187795201160,0,43852124743,0,-7242424308,0,867678246,0,-75996768,0,4830694,0,-217372,0,6574,0,-120,0,1 # liftB_full_n56 r=24
50018856359473,0,-43750950206460,0,17510310442874,0,-4240078461976,0,691833395815,0,-80130219372,0,6755124006,0,-417616416,0,18790342,0,-600068,0,12910,0,-168,0,1 # liftB_full_n56 r=24
