1,-6,-298,1872,10541,-16749,-82152,62318,264241,-124640,-410227,136069,345815,-82706,-168896,28796,49149,-5845,-8543,677,861,-41,-46,1,1 # cyclo C24 p=97 r=24
31347,609444,3075165,3558060,-11089674,-27519537,4494995,55194773,22327064,-47143757,-31560162,18939279,16635338,-4093325,-4530752,524114,704995,-42458,-64379,2234,3368,-71,-92,1,1 # cyclo C24 p=193 r=24
1080983,-19281392,86307846,-120464272,-91870075,365738094,-123906445,-373335843,264239758,182990656,-185927933,-45921168,67405313,5549998,-13984957,-200964,1722832,-19937,-125909,2284,5269,-82,-115,1,1 # cyclo C24 p=241 r=24
72274432,435451648,-3854404040,-1491313409,12142855108,976510505,-14214222355,-61886452,8557613040,-129444669,-2988599294,50571236,637479103,-9133864,-84724637,1000656,7012507,-73323,-354425,3535,10426,-96,-161,1,1 # cyclo C24 p=337 r=24
-25513199,-1091906961,-5287624942,-4389690631,21038859444,49748656978,22282714713,-38459440601,-45286886443,-4449814065,15643198185,7133803433,-882441048,-1182659604,-107474170,81040316,14829004,-2764030,-715511,48112,17181,-388,-207,1,1 # cyclo C24 p=433 r=24
-8192139831,-2355324387,92754728257,64696563412,-314830964895,-332344873513,275201628696,426623431306,-10557024158,-174376374825,-32313900671,30957291850,8371631595,-2826308860,-899945202,143389165,51123727,-4115160,-1642874,64087,29667,-469,-276,1,1 # cyclo C24 p=577 r=24
-23829278463257,33234732980269,44937237344547,-70177956746128,-9805345203201,39036572676393,-3804987821649,-10358015349559,2074013499197,1554101975938,-411566403251,-140147068386,44876599849,7653148748,-2946247644,-243896890,118903688,4101029,-2916489,-27108,41944,-61,-322,1,1 # cyclo C24 p=673 r=24
-1348984299190149,1505392659458514,1296953720268222,-1761031449844748,-246471154138853,689621190014944,-43127813187747,-129368383421504,20480368262070,13291966716715,-2930706064700,-801700465250,221172214830,29307666504,-10027253721,-646087836,286677667,8069368,-5208914,-45384,58366,-27,-368,1,1 # cyclo C24 p=769 r=24
28502439273247,54027720700867,-219899525095702,-59031139934938,266609078484654,19691456723618,-121919689134642,-1558179095012,28244050402763,-429557922992,-3733898887715,103375106469,297722106935,-8892134634,-14708680838,378807068,450880620,-8510210,-8365093,100585,88920,-568,-483,1,1 # cyclo C24 p=1009 r=24
-93173293,1159068497,202325559528,1000862061119,867060378104,-2697694108503,-4497497774031,1334308363213,5149204345557,774701833004,-1845741867636,-264636642901,302556428143,13303916385,-20108538013,-142624177,664638797,-3562838,-11891908,86641,115143,-553,-552,1,1 # cyclo C24 p=1153 r=24
-278196221677277,98660706517431,3016739469478188,-2709778633856768,-1511358470157169,1917970214869096,93767955749945,-493845548992446,58313078283834,58023757295684,-11506620311140,-3570114904213,914156230274,124334324886,-39164160792,-2518863962,985394216,28953783,-14794419,-166817,128038,258,-575,1,1 # cyclo C24 p=1201 r=24
-11625524454227,130887561527824,-379559465749175,-75393841238321,739457983121660,160157901761992,-369417705590486,-72263715298415,87315041095038,13168901505375,-11369933865305,-1165137524024,849451236392,55281350432,-37289721797,-1463987216,975956223,21236113,-15132140,-150552,133358,303,-598,1,1 # cyclo C24 p=1249 r=24
-127270802047703,-1763032555238842,-3870843754568536,788840885391233,4707892251107427,267075110624167,-1822673900018342,-47537631169944,311234904155891,131583300366,-28866236935708,349269084729,1609997119682,-25865650683,-56587554688,848701571,1267307314,-14400197,-17717666,124804,145719,-514,-621,1,1 # cyclo C24 p=1297 r=24
-4346871422129,-6538686012561,118454561120086,-29729235330140,-245090447112568,28884429355549,191360690484604,8731306832650,-66760222736186,-12138279052143,10177359789169,2928342734203,-632357843511,-284573489564,4659003694,11843140169,868680661,-176723719,-21032613,1074024,185877,-2410,-713,1,1 # cyclo C24 p=1489 r=24
-10102838022111232,54572348124545024,276321253536391168,261129884556102912,-26583560387207936,-113357974599574672,-18156151499090480,17882930177884952,4248073516340864,-1329678094646269,-374625454839997,50686312251735,16583272659215,-1061155008201,-414118682009,12679660731,6170703251,-87544903,-55715303,348309,296861,-803,-851,1,1 # cyclo C24 p=1777 r=24
-91531162715947613,-761427162379775567,-951948805814329295,710786920246132734,942931716818792723,-9137901618028803,-185394716959542132,-10868758163987072,17250354832973248,1024271123081722,-915998084662570,-40682768751785,29721009231968,855287263025,-608888377835,-10024935095,7966431092,62761110,-65842594,-163326,329271,-118,-897,1,1 # cyclo C24 p=1873 r=24
319733628516893,16070467179499397,5034149775737968,-32380686766351771,-17875543297396548,16159079162110262,12691409057550248,-1586016833462992,-3000193211443421,-324204119175884,276777901806680,66030597009250,-7786933330083,-3609946201240,-96338028454,68882728848,5119739535,-593667986,-63554828,2416378,359098,-3993,-966,1,1 # cyclo C24 p=2017 r=24
1956259311386624,-35021154617638912,-19459440625436672,93395988600115200,21700621379126912,-65725498743740480,-12617989150047008,15315438359558320,2231368510002600,-1663223096805420,-192729063784894,96117225142329,9829002691357,-3115620180746,-313450100728,56792908047,6053444447,-554434056,-65902230,2626087,375995,-4770,-1012,1,1 # cyclo C24 p=2113 r=24
8550561029836607,926865720873890698,-1161181056984585782,-2734042133784411640,-394562277562020279,859740775428743829,359497531326129159,-18752075527649628,-34250525451234086,-3968050995819856,1153173161716326,265774073024822,-11479113900833,-7119792425504,-211956243626,98546786016,6823406341,-732950131,-74869092,2744118,401995,-4098,-1035,1,1 # cyclo C24 p=2161 r=24
61132560893858536,-1866035444992046508,-1565328820328327244,1843438564424339201,1179724905942351060,-764521581906060746,-306598280628163457,149068592781224671,35683526289872511,-13701716943063405,-2175154357595298,600444676521632,78687328961073,-13617202403824,-1705153499135,165807180566,21673333795,-1063353433,-156686085,3327028,618388,-4269,-1242,1,1 # cyclo C24 p=2593 r=24
-953750754755084288,9693846739392659456,-18541331089866358784,2225682112707543040,10612411561290194944,-1576164781708819456,-1936848441823458304,204980910740491584,165753062719054224,-11159804462935944,-7532727625689520,322061521787174,196624872338009,-5555566651667,-3104569583756,59564987473,30409428448,-389605123,-184328658,1440135,665236,-2485,-1288,1,1 # cyclo C24 p=2689 r=24
32379128258219737088,-1133341810760876032,-43121992568100880384,11074366551633854464,12484935452410736640,-2788091827841434624,-1796289337461242624,258476557908298432,143947260197315776,-11086426690015664,-6663739236793312,225387118460708,182832862737212,-1890368149833,-3057229503897,-1049014819,31540294189,108073286,-197892586,-523218,719238,451,-1357,1,1 # cyclo C24 p=2833 r=24
-27575951674430912,-124251683491512896,-35743953577765248,185796240106158624,105095132080540664,-88165671413596666,-65220410615129679,13730471676679454,15213782007885255,-69271313476471,-1406500201905988,-67925177265803,63623909045697,3404596591553,-1579016250708,-66654055495,22136828924,623638840,-174809746,-2722499,743118,4138,-1495,1,1 # cyclo C24 p=3121 r=24
33654047507494319041,-100533711299554480797,98673169712124368490,-25018944208781038818,-15168512767706534841,9329286164869144916,-290793622239180158,-816805154617079089,138855317874350165,27265182594076931,-7962922348259824,-361168828022216,220964977038365,-405653922978,-3618204430867,65372905463,37155731181,-715798632,-236625732,3033225,861751,-4161,-1518,1,1 # cyclo C24 p=3169 r=24
-850515243837747776,35229973440589955328,-77810866649053034160,37736214581001369736,15062401457243594632,-12341480276660366866,-820647426712630501,1344982477357114488,37985257337007876,-73703159934598221,-2514160365369585,2285183632515402,110231768041590,-41615979535180,-2603211657591,442771023509,33692274658,-2630156077,-239469826,7775584,891679,-8424,-1541,1,1 # cyclo C24 p=3217 r=24
2471381104834795423,-13440113526492303900,16506768084820778484,10322737496711587754,-13221066543672815109,-6344562521661662383,1763718939366261014,993760418898582458,-73316668860531794,-64763394776045735,355891564191665,2201719161478630,58966710856247,-42658436896628,-1982070034426,480099518280,29507091782,-3019214660,-229147171,9402249,900866,-10700,-1587,1,1 # cyclo C24 p=3313 r=24
-5228848537874911,-44820589901646294,-144694776198598032,-201669713373444321,-44910288182663324,227694087270544518,325049870399264029,207882305309224547,66883965916873364,5639377151364590,-3496740668668501,-1316050264603689,-157717523769215,8591513941579,4290859551170,329801723122,-20311933145,-4245014518,-109666972,14748300,841642,-15243,-1610,1,1 # cyclo C24 p=3361 r=24
-928730300720107853,22800605491917655941,-108710093737224063613,-193204410361427375630,-87195311595834776596,4180158109145192193,11845543327338869213,1796862908933785923,-497334413286776669,-140754472476141863,4981840471398985,4274409820943606,163818907299970,-62840255153355,-4797632182964,492938313683,53271463728,-2096961067,-312097326,4512915,1008253,-3963,-1656,1,1 # cyclo C24 p=3457 r=24
1474765331983419299,52996504216552740553,-2615416224348616844,-820942924438018087679,335849090951355144828,105203422894150413721,-45471971304068645072,-5609031526439694054,2507938068867942548,159885345860779231,-74906247510414003,-2630015814010789,1344660540340205,25111430899700,-15135086813226,-130871091900,107802959583,294986088,-477989300,92148,1259015,-1260,-1771,1,1 # cyclo C24 p=3697 r=24
96506431340273769191,-226522755693949617994,-275517568369325530801,193628580427292274588,373186105999461408062,190244168828373621528,35253578543936572227,-3174002596953446335,-2282774149724674831,-220595001961083481,39148779359993575,8521328928726154,-77601600311813,-127386854170748,-5151518231171,993529209116,69070016930,-4235674421,-405686905,9345715,1227510,-8668,-1817,1,1 # cyclo C24 p=3793 r=24
2256527566065162393,-8433867924689771925,-34353157020854479236,24183604605636552447,18954112015279949292,-9765470955043852200,-4026256292284743609,1425076001596886661,418491281216360043,-93995151782689089,-22766428496296509,3069685570854337,668002747172704,-51388726527882,-10841553586422,445011075336,98481531822,-1929823676,-496169621,3976740,1354797,-3486,-1863,1,1 # cyclo C24 p=3889 r=24
2264,2620,11808,-1635,19195,-4983,-2247,-25522,1136,-11999,9467,5456,12938,-3352,-2494,-4426,766,471,673,-67,-37,-44,2,1,1 # cyclo C24b p=73 r=0
4656338611,-7056840804,-1030862116,4026331785,5082442311,411768247,607360964,-926970411,56672962,-37144610,99704111,-21435601,19266072,-86885,440096,32214,561028,-115295,5850,-4590,630,63,7,1,1 # cyclo C24b p=313 r=0
719158015025,1903547232310,3010454634542,3204589445488,2589015092993,1669342374235,923573348765,454595540998,198239888212,74586518207,24563897550,7349213995,1961080859,429003156,68073451,7644655,1064295,275862,46683,4113,1365,105,9,1,1 # cyclo C24b p=409 r=0
92536410203,85615096655,60961052841,37181273295,48406878946,34732146295,20584873169,7469403879,12114397105,4666013644,746356423,-597104973,-117021826,15223786,18355754,109323,-87308,43823,60476,238,971,-784,10,1,1 # cyclo C24b p=457 r=0
2590982655676416,524252448433152,507122452995840,-48338451984960,20543713978176,-32042703803760,74051082688,1071028378644,635110799156,-30286263589,-26300912293,-7986832005,1034976347,350079271,23015879,-10169793,43807,69713,-45103,-3407,593,221,13,1,1 # cyclo C24b p=601 r=0
234593468206784,-416334351460800,-450639872488560,1654976230649296,2338274300456776,541011592239320,-341925893137611,-149113881272543,9049937410541,8263738105469,1170648723007,-991142817,-56340760608,-2894954029,1486923689,97149557,-8022006,-2518078,-384085,14354,3668,-98,20,1,1 # cyclo C24b p=937 r=0
42053588686010479,46167946258675092,34223758386523300,18768039020290789,7643214481226083,1084160633002223,-483536366862743,-137483998958604,32198560867471,21315153284291,6173933575426,1507188084330,312316008627,50935296834,6370325495,584633310,29675981,-1627886,-447872,-52154,-958,638,22,1,1 # cyclo C24b p=1033 r=0
164697482438234233,57172447364283478,54808922180652086,46659248713487116,17040116897177122,5225258187800444,1626316289099620,335631111985878,29936664854426,-5008764424198,-1488863134823,163520620590,40870675279,-3844237831,941558127,-542975628,-16527042,2304100,1140784,44388,-2374,-1498,24,1,1 # cyclo C24b p=1129 r=0
180355445924086197,-385001221141541304,394617987298959174,-226807333356359943,78408548614443339,-15723973318485204,1800368693570790,74156408866369,-52468983476189,14109391896517,-5929529404508,250504192765,216531434044,26338255495,1001466061,-875991665,42040591,13700401,13021,-111284,19216,1036,28,1,1 # cyclo C24b p=1321 r=0
52899041891450485625,-52277636834945845175,26976920804848664425,-9112108110268392133,2629650871582724915,-712088489093458083,147863538637613894,-20841729648160397,2338360319779356,-226110788350338,3780316812709,2792038226563,-93353770534,-97705505313,27438043609,-3794850402,262269341,-4230028,-290921,20118,11296,-1688,34,1,1 # cyclo C24b p=1609 r=0
168699638856500311856,-7635043432685949896,-8346602185271703200,242047616188270108,1141236800113061041,-146262247087398584,-24195080481408186,1532086651730179,1589678357582310,-200788687012474,-4731937253927,-709349360953,558137308476,6220406677,4374417855,-1297101377,-45729849,2740706,2959111,228728,28541,517,35,1,1 # cyclo C24b p=1657 r=0
109096588405393543088,-13867627002735286920,29736608258986699976,290556867985250378,3290248356529197901,258437005612892501,224795387363615117,20995377948158410,9640820728925662,1233238596917464,287967573727019,34240861615351,4982838848199,372518280996,36921990028,1035323426,24823395,-17891405,-97925,-188774,-7218,60,37,1,1 # cyclo C24b p=1753 r=0
3162329130557505536,-4150602375982874624,271440389085306880,1441621242670040064,-286188257163376128,-303994906927746368,134181524834153408,-1492937799888272,-4720585273292144,602185307741956,-15120420279372,-1168133718367,403713046241,-93493184242,11367739166,-2872941601,631643903,-45761960,5219624,-471761,16815,-2890,38,1,1 # cyclo C24b p=1801 r=0
2855984797583838157,-1576364782028716402,1638748254004581118,-3214264264094480233,461463666981228965,33579089243274757,382261099569755545,37603536966623924,3196563974213642,-765327416296184,296331788096998,-35315009186013,5685990590538,-862598405619,65469847604,-8216646440,427172560,-16661262,-2056070,358846,-27266,2338,42,1,1 # cyclo C24b p=1993 r=0
1623774043065370738688,781133964559433474048,369350832115012478976,87180176255297137152,16747157041802082432,1538930178478837056,276579727897063904,54230202599409936,11787011527316424,2019619352258972,206067594995762,-3702937534279,-1363678629075,-277065712802,36656273416,6762747055,763937439,21635856,-3134118,-131673,-2485,1174,44,1,1 # cyclo C24b p=2089 r=0
73788539558634226537,106505251410641984347,94173751317473334251,56598753617731586624,25939788450074854285,9173316479614968002,2649863559041580899,645405109327945719,134888295465723808,23803143911508791,3496796127442415,426638438140974,43699137676807,3627850110900,197044679424,-124309731,-1082010725,-106564006,-10480396,-928462,-18846,2685,45,1,1 # cyclo C24b p=2137 r=0
85735235636836005056,71850261945582469696,23969657644704472160,-7372910114971475232,-4532130289766087936,-207763763122404028,487993300178856425,-43197702581651325,-455212136679124,-1162841457034895,264465264732686,-39302410933509,5582592996549,-559256130492,67573139542,-4162486720,30364890,-66631720,10338601,345873,-78026,775,48,1,1 # cyclo C24b p=2281 r=0
23368867890412934219,53580455010915949908,36589503108912582159,3554185019672357130,-3305746407125410952,-1058578221381465283,31734160235790126,69490124990846235,9315876205726967,-1733897288214994,-464345845542226,-20066351303246,9115066015876,1557481716880,50448521670,-15387705099,-2106914303,10418257,18467247,1203667,-63503,-7776,50,1,1 # cyclo C24b p=2377 r=0
4930716231950292294743,2686755844133719927215,-804919466727828962123,-257366703514730984969,105589130360530088713,-12689357853225054781,536658729579170832,-116478917502269662,21713671213421291,1728607781915426,-120522895164492,-59045203305193,-2822638382019,1193730178403,53292988524,-3250505585,638687248,4562422,3604828,95805,-31055,-1358,52,1,1 # cyclo C24b p=2473 r=0
770353144304562672829,-645167908074459792099,85363816603256635341,26020110536214345530,7172029733727824994,-1591619463478449379,-115110347340535895,3207645259905313,-28634269018607055,-3898027072475710,425663800675739,224465712156014,41712481065793,5127817576047,593582058925,60067196189,5328761973,360325442,17023402,901319,35663,2047,53,1,1 # cyclo C24b p=2521 r=0
18089764080675396292339,16265598911691850254798,7174582683121827531647,1997548528733991556945,405995791587915089446,68330211713064812333,10240988119489961152,1364954338965149134,166043391257222988,20112548290827876,2261310510049279,206119699261919,23109996275817,2238179535092,212673867671,13396841553,1119250699,-68778209,817462,-211190,-512,4015,55,1,1 # cyclo C24b p=2617 r=0
1103010102940472640737,1080908368323244551433,20019121659597334568,-112324450070358921383,24450352359300342996,-2302495704253095258,1109270944179856714,-410927124100751055,89536898898999643,-11180613393367259,858714177641046,-9186859740373,-2082177118145,-1258756486693,170900266619,-17064590085,358169621,140719604,7020115,-1284095,41045,4313,57,1,1 # cyclo C24b p=2713 r=0
40324871754751589466193,19107241669939484215528,-1825848480882826120044,-1947228998766227057093,48284964879957316794,67894723220978045723,7206290038152719210,-1696998498518505602,-175690068600523913,18150161872832425,1750905170807196,48096657231165,2976768019572,-2380571634948,-236711403856,14237219244,1291451536,28933295,10649438,3686,-17882,4780,60,1,1 # cyclo C24b p=2857 r=0
897378561590866008389,499124168287413570966,46984642307784688885,-52381719648436367337,-20166853921418666015,-1563759238297260575,521329104653562297,279819361541996604,97341051408443957,11027615168546568,-2171074173898076,-429007076362677,28423282442062,4019816495970,-193268969261,7128713013,-2501559219,-80387277,28788067,-1176164,86323,-8676,62,1,1 # cyclo C24b p=2953 r=0
1,-1,0,0,0,1,-1,1,-1,0,1,-1,1,-1,1,0,-1,1,-1,1,0,0,0,-1,1 # cyclo ab n=35 r=0
1,-1,0,1,-1,0,1,-1,0,1,-1,0,1,0,-1,1,0,-1,1,0,-1,1,0,-1,1 # cyclo ab n=39 r=0
1,-12,-180,-101,2085,1802,-9126,-7168,20886,13653,-28667,-15001,25284,10282,-14822,-4540,5832,1292,-1521,-229,252,23,-24,-1,1 # cyclo ab n=65 r=24
1,3,15,59,250,-193,614,-593,1501,-237,1318,-86,1114,-353,643,-205,317,-58,94,-19,27,-7,6,-1,1 # cyclo ab n=65 r=0
1,1,2,3,5,8,13,21,34,55,89,144,233,-144,89,-55,34,-21,13,-8,5,-3,2,-1,1 # cyclo ab n=65 r=0
2367,-4089,8804,19047,28188,-13354,-13345,1760,30577,-14901,-18667,-16002,12180,8093,5795,-5098,-1148,-855,800,60,51,-49,-1,-1,1 # cyclo ab n=91 r=0
2549,7650,3890,-24087,-2206,13582,30608,16593,4096,-17358,-16028,-16093,12089,8184,5795,-5098,-1148,-855,800,60,51,-49,-1,-1,1 # cyclo ab n=91 r=0
729,972,810,189,-855,-1860,-2243,-1621,239,2767,4818,5040,2506,-2547,748,180,-245,153,58,-3,-12,7,-1,-1,1 # cyclo ab n=91 r=0
4096,-2048,-1024,1536,-256,-640,448,96,-272,88,92,-90,-1,-45,23,11,-17,3,7,-5,-1,3,-1,-1,1 # cyclo ab n=91 r=0
2401,-1715,1568,1379,-3407,-3879,3314,-7188,1727,2925,2205,2951,1610,1736,1068,483,595,-283,56,61,-16,11,-1,-1,1 # cyclo ab n=95 r=0
2209,3619,6540,-1189,-4403,-16899,13143,6300,13580,-8262,-6723,-8548,9693,2224,2877,-3847,-373,-472,615,33,37,-42,-1,-1,1 # cyclo ab n=111 r=0
149227,-70083,359338,-328603,681404,-247054,582221,188822,226913,241364,63829,72619,29288,3107,8445,-921,-139,80,-536,-88,-11,-19,14,-1,1 # cyclo ab n=119 r=0
1,1,7,12,52,116,409,-556,1730,-2131,8396,-5564,45213,5564,8396,2131,1730,556,409,-116,52,-12,7,-1,1 # cyclo ab n=119 r=0
1,8,-76,-214,1370,2302,-9753,-11047,34507,26654,-67445,-34634,75800,25292,-49508,-10883,18986,2783,-4276,-411,550,32,-37,-1,1 # cyclo ab n=119 r=24
531441,-177147,-118098,98415,6561,-34992,9477,8505,-5994,-837,2277,-480,-599,-160,253,-31,-74,35,13,-16,1,5,-2,-1,1 # cyclo ab n=143 r=0
1048576,-1179648,-114688,1390592,-1099520,1632512,-787904,-1070272,1789456,-432816,-6556,61316,-20879,-40465,11374,-1730,463,478,271,-50,-21,-6,-2,-1,1 # cyclo ab n=155 r=0
1321,36378,58579,-537951,-306252,2714350,67202,-6228421,1634370,7187361,-2951866,-4504161,2237840,1599387,-891315,-327302,200041,38422,-25751,-2504,1860,82,-69,-1,1 # cyclo ab n=185 r=24
1,38,1459,55984,2148198,-756350,1892272,-426721,1180955,-958709,1032644,-670166,618430,-331313,183790,-81102,37766,-9583,3459,-744,200,-3,16,-1,1 # cyclo ab n=185 r=0
2209,-3619,-7762,-1377,30633,55345,95729,43634,-53644,-92278,-36673,16832,24241,-5192,5343,-5291,3719,-132,1185,197,-27,82,5,-1,1 # cyclo ab n=185 r=0
148035889,-128726860,86191028,-58997783,35473153,-18736352,8940921,-7869237,4560185,-2170927,1048092,-389960,52938,70605,6394,-3186,-3713,435,128,113,22,-13,-3,-1,1 # cyclo ab n=203 r=0
117887368,66055116,365222708,-6358985,306255413,-15508935,197154619,144085698,-45630734,-12452743,13524047,552604,-1878824,-33644,458052,-6400,-25004,4681,-105,247,81,-22,18,-1,1 # cyclo ab n=221 r=0
16777216,4194304,5242880,2359296,1900544,1064960,741376,451584,298240,187456,121424,77220,49661,-19305,7589,-2929,1165,-441,181,-65,29,-9,5,-1,1 # cyclo ab n=221 r=0
484203487,-1194592532,991948431,-898459740,769210633,-20709065,187309511,-54124340,6068680,-36700642,12300149,-1252303,1952874,-520065,-97542,-66291,29362,5123,1221,-1079,81,-22,18,-1,1 # cyclo ab n=221 r=0
2961952501,737103728,924764015,391776155,329134451,132846090,115491882,21471726,34231607,-2996153,7793062,-2185170,1384735,-460447,218475,-60493,33197,-6824,4432,-598,458,-35,31,-1,1 # cyclo ab n=221 r=0
1,-16,-124,834,3490,-13214,-43545,82863,259219,-207966,-715493,171566,847092,-56118,-473548,791,136054,3389,-20896,-671,1696,46,-67,-1,1 # cyclo ab n=221 r=24
651067,-1549447,-6533360,15045613,21375788,-42464033,-41568187,54635234,50070137,-35548977,-35220104,12003549,14336745,-2098073,-3510649,159384,532103,2233,-49983,-1147,2801,63,-84,-1,1 # cyclo ab n=221 r=24
1,-3,-132,37,3112,-495,-29170,2630,137631,-2453,-353831,-14899,499324,38503,-369810,-29740,132171,7303,-22462,-887,1852,50,-71,-1,1 # cyclo ab n=221 r=24
244140625,-48828125,-39062500,17578125,4296875,-4375000,15625,871875,-177500,-138875,63275,15120,-15679,3024,2531,-1111,-284,279,1,-56,11,9,-4,-1,1 # cyclo ab n=247 r=0
1444811083,3150273469,2825065182,2308952600,2321757475,783993269,853551087,-4122504,201333862,-59545430,18932086,-7351681,-3404441,744193,-665461,75745,10714,-7625,4655,-303,-67,87,-4,-1,1 # cyclo ab n=247 r=0
218389887,-207173325,1449908984,-3589420985,3188869747,-918039271,-647899669,685820620,7522595,-152990717,21768140,20609954,-5181606,-2128664,728360,117735,-68079,-1450,4655,-303,-67,87,-4,-1,1 # cyclo ab n=247 r=0
1750329,1666980,484218,2043090,-4414995,434352,4138645,-5410628,2880401,-26296,776427,375486,-155821,-200297,-35763,-38160,18770,10501,5757,571,-10,-160,-4,-1,1 # cyclo ab n=247 r=0
1949758559,2853905628,3204482890,2219080101,1299658703,362061686,97261724,-45814979,-26131021,8025976,2564030,5381467,2204721,-1272323,625575,-430908,94166,-11151,3536,1645,-654,44,-4,-1,1 # cyclo ab n=259 r=0
4442193,-35927535,194966345,-439158629,576525523,-948846094,1343266953,-855261981,71495662,189332192,-64226372,-18385409,13477178,-614463,-348783,-114151,-14355,15008,5867,-1981,-136,44,-4,-1,1 # cyclo ab n=259 r=0
13841287201,-1977326743,-1129900996,80707214,-138355224,74942413,24823939,6941291,-2230529,-2425696,-74137,161973,79451,23139,-1513,-7072,-929,413,211,91,-24,2,-4,-1,1 # cyclo ab n=259 r=0
9048064,7411712,14019584,-1265664,1067520,-12652928,2739008,3860000,2954864,-584368,-1536088,-550114,530989,168901,62583,-74006,-7732,-4047,4239,239,123,-104,-4,-1,1 # cyclo ab n=259 r=0
2176782336,-362797056,-302330880,110854656,31912704,-23794560,-1353024,4191264,-473040,-619704,182124,72930,-42509,12155,5059,-2869,-365,539,-29,-85,19,11,-5,-1,1 # cyclo ab n=299 r=0
393105143,-411731059,927109892,-672121411,1059378402,-463190832,199639763,-324221935,107975055,-63083467,59117414,-16767380,9357063,-3221400,-641984,167907,-26636,50620,-1223,-1782,-494,-36,39,-1,1 # cyclo ab n=323 r=0
2401,1715,-11809,-44044,207594,52557,-627666,-221281,1219983,1612122,1150162,-492151,1953960,269261,-193945,-211599,145105,4944,-11806,-471,646,135,20,-1,1 # cyclo ab n=323 r=0
5764801,19765032,-72001188,-156069802,315419370,336080318,-520079581,-327945037,427781299,173572326,-200809849,-54232184,57660336,10426710,-10473832,-1252205,1215350,93239,-89062,-4145,3960,100,-97,-1,1 # cyclo ab n=323 r=24
148035889,386180580,-130965588,-79560013,1524909683,-1814900376,-320146147,689598415,204684382,-11010836,-59707960,-21062123,14312413,-1168013,-313768,391691,-26414,-11282,-628,-2124,787,-104,39,-1,1 # cyclo ab n=377 r=0
240491369,-824546539,-3657445773,2472032943,11795816947,-415924948,-13082464262,-1154250150,7265599046,756901073,-2320375700,-215048314,456916851,34324797,-57487181,-3308912,4672862,194850,-242401,-6793,7689,128,-135,-1,1 # cyclo ab n=377 r=24
13841287201,1977326743,2259801992,605304105,409300871,144943568,79177777,32017335,15885016,6843193,3246887,1441440,669761,-205920,66263,-19951,6616,-1905,673,-176,71,-15,8,-1,1 # cyclo ab n=377 r=0
764411904,1146617856,1112113152,1530095616,1274303232,-672089088,-529566976,-340791552,-26114208,142274272,34088100,12812296,-11173725,-4568344,207890,-201721,472451,-52404,1965,206,-961,149,-7,-1,1 # cyclo ab n=403 r=0
68719476736,-8589934592,-7516192768,2013265920,687865856,-337641472,-43778048,47677440,-487424,-5898752,798272,637560,-179479,79695,12473,-11521,-119,1455,-167,-161,41,15,-7,-1,1 # cyclo ab n=403 r=0
73824901749,-23974577112,512848928,11568538556,30338290426,35686052065,49462728755,-10447585338,-3462540096,-1809745446,466960878,-6629726,76169209,-2801716,3615007,26439,83029,-47971,15264,-2956,93,-37,-7,-1,1 # cyclo ab n=403 r=0
196852677269,-492821366120,594359154630,-433262232764,288081144522,-118755370343,52399842727,-10185908572,6789742828,-15729690,955707994,43137550,15796585,7809274,-7725413,-162971,-114441,-27821,11234,1074,93,-37,-7,-1,1 # cyclo ab n=403 r=0
1173953169,641094993,1230699258,-73909665,197728857,-542929311,9171549,119533158,62597124,-3155166,-27530325,-5935776,5615177,1543856,353891,-391987,-35993,-13428,12421,637,245,-166,-7,-1,1 # cyclo ab n=407 r=0
-132633344,-386769536,1476301072,5108215248,-1775837672,-15764250816,-7398834079,13566482989,10353506561,-4587573400,-5058651231,612635947,1230549319,-4599702,-167607166,-6324272,13409498,579126,-627913,-20183,16333,280,-211,-1,1 # cyclo ab n=481 r=24
1821013091,-13307035115,-4064178236,102167779083,94235507875,-111349292316,-132460171740,44433738317,73892346341,-6465205000,-21221530691,-216841819,3476293586,161268819,-343585345,-18089532,21042968,933142,-795301,-24031,17776,280,-211,-1,1 # cyclo ab n=481 r=24
-1045332833,35235088788,-256109753446,-59892866287,484705828245,57301793612,-348204754820,-33559329212,124287002692,10154470345,-25547615441,-1712452819,3280540964,174255130,-274811302,-11172908,15272372,455496,-558753,-11473,12940,163,-172,-1,1 # cyclo ab n=481 r=24
-4477147,-8574517,89439396,119018550,-546699818,-538479717,1356646491,1092974761,-1434023924,-1157413734,636723582,618965500,-87007398,-156386652,-7270478,19573027,2881925,-1212858,-266904,33763,10524,-275,-174,-1,1 # cyclo ab n=481 r=24
93000801427,-304357870255,122010025279,161262688320,153710531574,3060801495,82664728003,-5805350063,12266936027,-1726090373,1195753783,-386370360,172907656,-26436049,16229656,-1913645,765984,-131805,6864,11511,-203,293,10,-1,1 # cyclo ab n=481 r=0
36008847837,-70650748503,-16798905657,133955442900,138860569512,65078886663,18154575582,18860368898,2955529273,-2926541794,1563535522,-377113996,144453139,-14629423,15151735,-3195991,-376391,260210,21775,-3400,-203,293,10,-1,1 # cyclo ab n=481 r=0
282429536481,31381059609,34867844010,7360989291,4692092589,1339231320,670147101,223264269,99267930,35836911,15011649,5649840,2295721,-627760,185329,-49159,15130,-3781,1261,-280,109,-19,10,-1,1 # cyclo ab n=481 r=0
729,-36936,696924,14092326,533437110,257730594,-124545481,-3502829,474867307,420555906,170549939,20824112,13825490,7822510,3547758,-163989,229262,36767,37426,-10541,3608,-262,47,-1,1 # cyclo ab n=481 r=0
59093938021,-119124457732,343196565042,-126524826242,232409435191,-7444593246,201648631125,-24408585559,9081030089,-14078113656,2688507522,-1532913504,581745439,-128321930,42318032,-7760538,1486988,-214746,31649,-1905,-58,58,11,-1,1 # cyclo ab n=481 r=0
3136112605107,-3556318139823,3296588471195,-1849498046990,997969480597,-612101720190,256381116556,-96834974412,44659754491,-16873567811,5734772874,-2022218931,525935971,-123615826,34947669,-4936106,228211,-128647,15295,-2386,904,58,11,-1,1 # cyclo ab n=481 r=0
13841287201,5931980229,27965049651,18118769543,90426668486,-7228236911,32331592286,-3497654349,11895343929,-439401179,1785968170,-52752588,242984302,-8942267,19201835,-726069,1350345,-44004,58962,-1853,2321,-59,50,-1,1 # cyclo ab n=481 r=0
1173953169,-641094993,-1302857136,-77610069,887342445,795173517,658539963,204654600,-59729076,-57877038,7243137,-1395444,5511509,-2268184,350153,-436351,40843,8808,2419,1129,53,206,11,-1,1 # cyclo ab n=481 r=0
889298629888,-517051139584,726947114880,-763001266624,342159829936,-241061953968,213822214964,-5924019526,55217508165,4073308256,5279395275,549763218,94267671,9149440,-3769331,-2818691,20461,-53797,-25380,2710,142,-73,64,-1,1 # cyclo ab n=527 r=0
1048576,1179648,10780672,-591872,51001600,17229568,52595136,-10015296,132634176,-19624224,71537100,-11536236,60998533,3965465,14330081,-747178,1715975,48193,39906,-3645,3459,-166,33,-1,1 # cyclo ab n=527 r=0
16777216,83886080,-337641472,-624427008,1678704640,1679196160,-3402067968,-1986874368,3323080960,1161827328,-1708787840,-355145728,480323952,58365120,-74869060,-5424706,6651073,292136,-342634,-9020,10087,148,-157,-1,1 # cyclo ab n=527 r=24
355434169489,-220766564900,10805220692,130904241986,-43760405107,-16540140972,24298810819,5449900828,-309998631,2490088168,881742101,-935674,92694219,35809373,-1968103,2589438,809354,-142061,69035,911,-390,484,-10,-1,1 # cyclo ab n=551 r=0
7440087315373,-24872080623215,79952358416207,-10093230827015,8064032748220,-5196010921870,1181981929900,-782776092081,263064904817,-52361132327,10838925719,-1419686520,1283980392,-526753236,103017707,-16375333,337009,-4025,-3668,12798,1072,9,51,-1,1 # cyclo ab n=629 r=0
37060870144,-15179186176,-30634147840,-1369964544,14001242112,10139877376,7290810368,1937730560,-368070400,-348823552,95113952,-13143508,29182483,-9410171,1032387,-1369502,74642,23133,-375,1883,147,268,14,-1,1 # cyclo ab n=629 r=0
6610882951919,880452599843,11591218809753,3309715799736,5301439059231,383357185144,-236462042153,-340814459007,98316638589,-919040357,-3285083097,-2503874321,1357582827,-198135960,8450702,-2252396,2354841,-616671,49168,19717,-815,9,51,-1,1 # cyclo ab n=629 r=0
4036732376629,-2567941146898,-1276748373179,1128950890445,1237932130216,238052008660,132642707290,-35847657451,21456169736,-14421537529,6165728446,-2054915544,371394854,-128300532,-514102,2019032,-172185,546609,29262,18940,3292,268,88,-1,1 # cyclo ab n=629 r=0
110911127,1511208056,-302157223,-20515894128,-36001337676,8055239260,59890152306,29446107467,-26185086711,-24453329711,1719409084,7016046646,1137810482,-884257031,-258227448,49920400,21856816,-1192053,-925221,5964,20928,145,-238,-1,1 # cyclo ab n=629 r=24
214358881,-935384208,-1849509684,5996572934,8134100370,-10117466062,-12863873605,7388056973,9403690891,-2849548134,-3717860665,623408500,857830716,-77418960,-119065108,5088697,9949370,-138019,-489562,-785,13482,94,-187,-1,1 # cyclo ab n=629 r=24
1,-38,-8859,53610,2281443,262411,-23270594,-9994834,78099369,30958122,-120596069,-32143701,90214497,12793280,-30683220,-3020754,4793600,408382,-348835,-21860,12455,404,-201,-1,1 # cyclo ab n=629 r=24
145444123150064,-209774684008448,173648631920112,-40051623518434,-17431200901251,11078373462986,340563959069,-2880784024514,1489231892378,-340683512076,38768881583,-3753496931,1041124589,-537714969,121477063,10059477,-3401073,-926423,123055,22322,745,-660,-13,-1,1 # cyclo ab n=703 r=0
268607328888833,-142651984804615,3414282142126,-22328348356353,31228997470359,16817801438652,9169377361127,2266836727220,527671650957,119333108900,32175693445,11650737489,2392097967,497403321,53424554,7108283,2624340,774134,125164,-174,-2067,-660,-13,-1,1 # cyclo ab n=703 r=0
33232930569601,-3391115364245,2602161993788,369760100941,-1770837335981,-171301061715,-60288288858,-77200567906,41625510339,1667472891,2451797957,422236087,130483374,39170194,22637144,590523,1608543,-129905,-38312,4557,-908,81,-13,-1,1 # cyclo ab n=703 r=0
539306640625,176708984375,343203125000,-12345703125,52442578125,-58547421875,-8577578125,8117150000,2851527500,154501250,-968760775,-117681460,113532517,22427032,3088977,-3119183,-231061,-60216,48315,2009,597,-290,-13,-1,1 # cyclo ab n=703 r=0
4808512180224,1312962545664,2557416913920,-76630800384,356753797632,-308254045824,-57902288832,35986278240,11153421360,833146128,-3428327448,-342407838,334541753,57332669,6704567,-6513142,-445688,-102927,78955,2983,827,-352,-16,-1,1 # cyclo ab n=851 r=0
155226880344064,-151852382945280,121316849418240,-32438497490944,-101885569280,13142310423552,-4458109050368,431755479296,394591956640,-69083711136,4463945572,-181236856,1009456791,-106701072,22088680,-6134977,5017415,303248,5181,-1790,709,-391,-17,-1,1 # cyclo ab n=899 r=0
30575403427009,-7155945482917,-14312455916332,-366208983525,3189070618797,1473716198269,854803633439,158363016308,-9698013556,-12716945206,6887208965,-543302116,805157197,-149127104,8041461,-12694967,155627,137352,-39969,5297,645,454,23,-1,1 # cyclo ab n=1073 r=0
-1581897120361,13952100998019,-26463039780166,6041095152584,28199131528162,-25342138884913,-2248687363115,12176170078927,-4363630419600,-1344008813232,1198057503604,-143921010368,-82560448008,24231828202,1358283090,-1224657495,63408607,29054036,-3123956,-332513,52630,1527,-384,-1,1 # cyclo ab n=1073 r=24
148035889,4891620680,36269632328,350034880734,13826015733458,-4605159078664,-3831260557165,1871481192383,128468607015,-272822611910,105397117425,-24705307030,5126653400,-1510456914,215236026,12475661,2802580,-678765,-253884,-3247,4896,512,109,-1,1 # cyclo ab n=1073 r=0
14513641568075776,-2332549537726464,-1791064823611392,523716213880832,-9030353233664,69022443322112,-43625521691584,-5887975603776,8898208839632,-423085390672,38645022276,16478202412,-13831136639,-558872767,65440010,-13058504,9526327,627316,11215,-1444,-3981,-36,-22,-1,1 # cyclo ab n=1147 r=0
12004692036428889,-8719222712391303,33871126340519003,-35962013754411422,23304547482086293,-9379768031153260,2749105794658067,-601155535343633,99541080232955,-8429364438656,-1203124096543,574808255351,-114737449737,16284332557,-994816069,-138710742,45111909,-7114066,607469,-4668,-6523,708,-22,-1,1 # cyclo ab n=1147 r=0
53686335969599381,87248105295987807,51471750886025227,14464423137333102,3948458285848155,1372129599125652,534498740332271,160159553532103,42752371468607,9179407830306,1044940023911,58251480977,-3239371351,-9290872415,-348359987,-211462658,115099,-243536,176197,34330,-1935,708,-22,-1,1 # cyclo ab n=1147 r=0
151801324109824,31086973288448,60770566012928,-1364994293760,7061228224512,-4209011326976,-1009178116096,373030289408,96578392064,9040431104,-25144789120,-1854320056,1851200167,249412861,22913331,-20756222,-1258378,-240243,172941,5507,1395,-476,-22,-1,1 # cyclo ab n=1147 r=0
-2490017941233574576128,-543960437150440120320,2136858666036982536192,761330595922175380992,-430332902384957000192,-203503728852780441472,18951909226726573056,17028953320619270208,393027058287242912,-633831456079795696,-43820016989114908,12477595536259688,1194197664066805,-138982257234272,-16323068358038,880251808598,125932322794,-3013762580,-561029509,4841068,1415684,-1860,-1869,-2,1 # cyclo C12xC2 r=24
-149999867700767879936,1166168293675099182336,-1917068960646757149824,-1218119873597557794880,805808130929960491792,311144483405488488304,-98354252882310878944,-25949865285047957400,6050826157132786879,956214764624392284,-200642801882722937,-17763600953125774,3682239310545472,180817420288060,-38775347918119,-1070487078862,241842039220,3741998436,-899669895,-7383754,1938012,7060,-2201,-2,1 # cyclo C12xC2 r=24
-478181197057485709,2585124680646912828,-4314608393514121019,2548153022220211222,263305712662012155,-860057264425892372,234188283932222944,61798915111540834,-37478450094686561,1770991299915626,1924836043674163,-319203619319180,-30562183304721,10779526574760,-176977724499,-152379276166,9209104217,1053509756,-96709059,-3593960,467386,5320,-1093,-2,1 # cyclo C12xC2 r=24
-461966591541199552,806852252877716224,6792720528803128832,-6253743406867015936,-1167137835416427024,2362972109558918656,-320656353739840480,-238021189709616896,52667300395511948,11190681009343184,-3117213664478736,-295359887877840,97306906268861,4797927067752,-1788142730710,-50185287280,20080685717,337838378,-137590250,-1373374,553355,2868,-1179,-2,1 # cyclo C12xC2 r=24
-48373720438819790559008,39932572417847585738816,5259399702549938927696,-10413785231022054994976,855546134344225122368,899178796734634695328,-126327884232264461096,-38742070847312373104,6585314334556877166,968308781148568020,-183742735345429295,-15030360818956202,3076317392747913,148753794209952,-32156796654151,-933682643198,210397782517,3575323716,-839451493,-7678470,1924467,7720,-2253,-2,1 # cyclo C12xC2 r=24
105344056189782000221,18587362827416147732,-42786257336754401240,-4325136430694673160,6820315481651967982,452644215375230130,-592980553749258022,-27995471740455732,32063039000888892,1129704473045838,-1151259167905069,-31057314732632,28391203201049,591364255794,-487435916676,-7785287710,5807710361,69439680,-46990578,-400146,245711,1344,-747,-2,1 # cyclo C12xC2 r=24
230694201002374138504,-239501003223537297392,-225464741129929637076,63718991145295347552,58981205186664998166,-5153074278355358404,-6914774791091478863,55743735348002036,430674125558050196,10733508787148618,-15777654712112356,-561025701118342,360048260521121,12249496274710,-5230397188684,-137829665826,47889093555,819575590,-266756700,-2537258,859417,3758,-1457,-2,1 # cyclo C12xC2 r=24
-598461699431,4123182137292,-6860158806683,-3817179208868,14188092825204,-925021504730,-9646288362566,1104136475022,3181076292891,-254204606456,-575486804440,23026215954,60301527216,-794352208,-3807800655,-6152382,147746556,1212942,-3498224,-34298,48397,416,-351,-2,1 # cyclo C12xC2 r=24
-1726067184842809,-6861957005168550,-3298833694816361,8264945770097444,5074004451260975,-3092425422693806,-2183566893631597,419859623483134,383971857044025,-25889837026022,-35498300934457,724251059264,1930164531513,-3924063944,-64952738756,-288766086,1375494423,8273896,-18132500,-104586,142305,694,-597,-2,1 # cyclo C12xC2 r=24
-5440974427939,37370401604084,-39072920184872,-41220124365016,54068190313078,18566261073858,-26106998397862,-4784684691924,6261568837224,748919413902,-861933213013,-72803002952,73087519625,4472565162,-3951955380,-175115518,137835425,4334616,-3067194,-65490,41771,552,-315,-2,1 # cyclo C12xC2 r=24
-160248686363,834841588356,-1073041018554,-885258621204,2304245991263,31943183638,-1763880415544,235202635538,697553142006,-99898757472,-157677254277,17905646826,21166953413,-1640811854,-1712117282,79274854,83585044,-1844862,-2418141,11932,39334,188,-321,-2,1 # cyclo C12xC2 r=24
56813193226864,1675978969295648,3929481910507472,1231861360354848,-4297005065284120,-4518019299730064,-866992328889256,750037518810768,310143621213231,-46472712419734,-34198772271943,1085974742466,2010655290612,6608895714,-70754252397,-797935222,1523508796,16304414,-19893873,-166266,151528,902,-611,-2,1 # cyclo C12xC2 r=24
960946345360445740669,645830919234621898708,-408688244906504300793,-283205484029497785524,72750669994973480837,47978075114079745020,-7527309260865773795,-4078709757574286526,505926909245586359,189474433988574320,-22061470719300349,-4927342107614132,586262103272197,71493150839104,-8981425966722,-588086092618,79563025015,2734767316,-408542382,-6833638,1181663,7740,-1751,-2,1 # cyclo C12xC2 r=24
-1816539431008705943,-3616726691763296620,-838593654530886828,1701410022183556962,794695924427671893,-220833219786370442,-155703953666520419,9858947532133628,14301025153264677,102062127060544,-749178009043863,-25162709186682,24370337845805,976901037528,-512076117468,-18512683682,7002758054,190552510,-60966249,-1034152,318814,2560,-889,-2,1 # cyclo C12xC2 r=24
1614348802654872919,-16947531946928213768,-28894951290436629729,4606228355569939180,15296419425386069595,-781037933961109308,-2784073486155080607,100162529311847330,235718550100702025,-7705121816828332,-10535025467195913,301730594396716,269423931572993,-6254883516180,-4145680324598,69657809350,39301248271,-400113408,-228086146,977402,775189,-68,-1387,-2,1 # cyclo C12xC2 r=24
1221541837963691903,89733263880657789074,282786232558484862089,324897520147976678288,138576011455238574358,-10347991833867712850,-20908276637353168424,-1516895920641519418,1253234219243759019,114212768370819188,-41451521386345458,-3367933641175118,834764106132394,52654324765142,-10595589025129,-465488562306,84848238710,2295175206,-416705198,-5837238,1180395,6486,-1729,-2,1 # cyclo C12xC2 r=24
10064272541926450973,3069585168150812692,-5834879069108277944,-856115950424742184,1214944710520221566,107276196572709970,-132857047250199654,-7936947793431668,8836914212367284,382062917168270,-384364096791421,-12471418947576,11347919873529,280338695842,-231018311652,-4330263774,3237378697,45047792,-30589346,-301138,185607,1168,-651,-2,1 # cyclo C12xC2 r=24
-10258659778734272,3231606561505024,107223117469342592,-155941851412331776,-25195374204071824,110565291797636096,-20505729798363680,-20047517090040576,5033739022629548,1576097028615824,-444464875882616,-64095337506960,19687252861861,1493819741672,-493988841910,-21131507600,7388260957,184013298,-66319570,-941214,345015,2428,-939,-2,1 # cyclo C12xC2 r=24
-45881933305871599,594877220562523368,705275930265970542,-777921940512105778,-985444785417340629,-369438670190178,273650401370679345,60655385161840442,-22360530646715426,-7936511403338584,607898439129992,416767507756858,5009040382834,-11032246558150,-596050349479,156280468496,12634778589,-1162053142,-122824637,4020788,585846,-4158,-1267,-2,1 # cyclo C12xC2 r=24
-6995186590570569,13271024350056582,2128228441311861,-16435375016335524,4897064043203076,6535521580584492,-3011505514016608,-976356587118070,559122278485612,74723954846316,-50194697671822,-3382648272566,2561677202238,97282666382,-79860461603,-1844048790,1564582745,23316166,-19217517,-191776,142750,930,-583,-2,1 # cyclo C12xC2 r=24
284529467838553064,561594357749924368,-677668810272570036,-1540729770022540768,37815468418312846,650646644479175196,-23615622955958863,-97711508544523404,7752122774902836,6828135321493338,-769230884285556,-245620250979302,33697064635681,4924849845990,-784620332684,-57415289186,10558445395,391126230,-84366220,-1498058,392577,2878,-977,-2,1 # cyclo C12xC2 r=24
-2464234115517821,-9777655360454930,-8530008594719209,6955134437800436,9993829955935577,-718112540342266,-3464371745362433,-219023668052682,571613553130214,53924725403228,-52493384838602,-4826840338968,2870438488411,221067921836,-96263678452,-5589546116,1995711382,78532566,-25154761,-582156,183084,1966,-687,-2,1 # cyclo C12xC2 r=24
2443627733,-261246776740,-669976909064,331829732192,1561232249410,64047367146,-1176749836414,-143773648356,433604175294,53445707046,-90422224129,-9337082264,11368385297,907785246,-887632188,-52339438,43560137,1820940,-1332210,-37434,24413,420,-243,-2,1 # cyclo C12xC2 r=24
-5929355903852479001,13851006926849217420,-6559205361586976819,-4014331232915494292,2608555398888540168,501013744183023154,-367395682292596358,-34520630923741410,27128623649869875,1454516612054020,-1201468243407028,-39670053317286,33986963079258,723850578788,-632058059823,-8968547502,7772270904,75093042,-62160464,-410786,308503,1340,-855,-2,1 # cyclo C12xC2 r=24
827087020352367416,-6591952685868035624,-28172233060901445828,60661167109931205064,32827601826564295642,-27801072962814672410,-9275052281922452157,2513997839592653998,809702909776310337,-98508168873566072,-33736657339795628,2004034834991464,782185855758336,-22102376355020,-10731298711830,126889822084,88704491902,-310668368,-437283528,-105824,1230894,1750,-1781,-2,1 # cyclo C12xC2 r=24
3608427649,-2104396180,-39288790619,17696264508,140518451268,-42405158346,-202353850758,32403486990,124759472475,-14035477480,-37753373528,3010212114,6328890408,-316345312,-623231823,15354498,36697404,-221058,-1278464,-6586,25253,240,-255,-2,1 # cyclo C12xC2 r=24
936754526836413801,-391453030503797904,-633842118497304972,114316834288711602,159812018623519148,-12017857830618118,-21119755490787211,473114764247536,1689883550971961,8306416088810,-88430597728627,-1606841449272,3156125169406,72578091330,-78265118103,-1769974886,1347272364,25802620,-15755942,-222894,118983,1042,-521,-2,1 # cyclo C12xC2 r=24
-1882400911964120324663,-1032809534398732085716,1866624794748060881032,1108636906320517022816,-270209810438472924556,-234092457335820266958,2427788293463653250,19251024348110478510,1303422044023461642,-752674492749369756,-75518065283207365,15934811156917616,1866403628654783,-193533208593074,-24840618658027,1356226577170,189578399928,-5243641834,-829976412,9857370,1990243,-5822,-2329,-2,1 # cyclo C12xC2 r=24
35129758272339968,-51121307344756736,-57570752334192640,78097932361930752,47367944038542336,-40659889626121216,-22393764323332864,7377693196378496,4627680616155328,-436234663874368,-409392439982448,8437238507960,18687643418952,35752289010,-481083212669,-3240513946,7230334565,47290292,-64154178,-339452,329026,1274,-897,-2,1 # cyclo C12xC2 r=24
49833731821639328,-68658878618374592,-69958884892694128,86283043741658592,51464828996789952,-37546475234865760,-21066968605867672,5997820728689360,3875873933734978,-356178849214156,-332928723955239,7614900722054,15235127244741,4090825008,-399783190871,-2409550558,6188340161,39317444,-56892957,-303254,303319,1208,-861,-2,1 # cyclo C12xC2 r=24
-3231864,-7396440,184685636,414378624,-1579834862,-6015659918,-5362403939,2308693572,5261169146,510797622,-2017397072,-438552530,432051919,100375476,-58078597,-11396346,5041525,701734,-275255,-22944,8840,360,-149,-2,1 # cyclo C12xC2 r=24
773266852653431497,-2022671770203867456,-2221831412621500234,9053333189981048030,-2638296871101321305,-6461170629341802314,1598059491188663537,1977060637842728026,45301321807484622,-160569689969871952,-16136975031726088,4643778836057322,602747383664078,-65880073522630,-9822467545079,510575923856,86208316825,-2180125670,-433121613,4657732,1230050,-3190,-1795,-2,1 # cyclo C12xC2 r=24
1462105631476904960981,-597995965489265302712,-1503813976968384909570,-153938770868434099574,273960358611680925306,44316676326781185748,-22253108905466985387,-3730921448094846260,1049445231787614759,156832996104707872,-31901767395936447,-3763763688990512,643740161825520,53688828055048,-8531653154781,-453694762466,72132444504,2177095132,-372005472,-5413730,1094301,6016,-1659,-2,1 # cyclo C12xC2 r=24
-6831361623232,2292059244800,294243848196672,693657553791744,265620593390832,-443780093112000,-292743025185488,76587950417760,74105003333452,-5464659373840,-8868721940148,157735637728,599905069149,761752588,-24630380383,-183933218,630108871,5627264,-9991046,-85196,94295,660,-479,-2,1 # cyclo C12xC2 r=24
-3673184908839925464,-27256183818098658120,19289836397907440460,58440295571608469880,-12510061290178046226,-31305871223458141554,-4722141368330357869,2749799595456416686,589509372482431313,-103597405306848600,-27290244717627884,2033532367108552,662059521982584,-21932689096412,-9345479064214,126283811076,79353858910,-323705744,-402651288,-35312,1166786,1662,-1733,-2,1 # cyclo C12xC2 r=24
-68043885070028379161,-272056573345412916086,-402499134519634662661,-255484406863407561450,-39229850311369454437,31302418861417386140,14271113350436185590,287931345548769658,-925915611411274251,-145019564220704796,19356510459936127,6135349545286376,40668634666575,-103983190141166,-5859050026945,849650238046,75838904541,-3414995374,-439388363,6004176,1286190,-2582,-1835,-2,1 # cyclo C12xC2 r=24
-1802374323580627225787,-965206690803549481760,2024641151120951088293,1163213361828290861496,-307473762645434934296,-252397819306632984360,3773507566509580158,20753806248309930650,1363871747135129760,-803174695811128896,-79664384116286352,16775289217652654,1956028111606120,-200874125518040,-25791526766569,1388862723190,194929240423,-5306631672,-845684357,9881192,2012276,-5800,-2341,-2,1 # cyclo C12xC2 r=24
263131060420730338624,-239687150382423759744,-237393002687676278784,66605299065325641280,61863172574254093360,-5680414022645716352,-7297449192879853536,83782189628785984,455811635142143900,10302127753867368,-16666609313070432,-567068096997356,378280286986793,12509389465764,-5454784668622,-140798044198,49531191580,834035864,-273546657,-2567748,873794,3780,-1469,-2,1 # cyclo C12xC2 r=24
-149649677534529944,91877817226716912,582474238403780956,-417416472053177104,-413308933316815914,234842846370586492,85293369095560761,-49097143236890980,-6273507533919364,4717275848916290,96367071293412,-231184202238302,7844611465425,6186070076286,-406171919884,-92600049770,8134988187,758935438,-82109220,-3141570,426489,5446,-1065,-2,1 # cyclo C12xC2 r=24
32844685702315041,51933474344285316,-22541665486727934,-52820376858738234,4820302253786535,18651682073436246,-940522246140987,-3326372871975342,202432733077230,337826675674428,-27459277752332,-20418697013462,2073813869782,738587571054,-88610104047,-15584758896,2145291793,181930294,-28726445,-1105620,207498,2994,-743,-2,1 # cyclo C12xC2 r=24
-130490687232629375,277956564694218000,681371232508802375,-116948434645537660,-744371874060368423,-322217660006758064,89435829745392617,78506048360810866,3744591714809523,-5981136448888900,-773234156744941,221708173851012,37838414984333,-4580469242128,-918310759646,54389936054,12619224487,-356479532,-101147178,1096066,459731,-640,-1075,-2,1 # cyclo C12xC2 r=24
14810904151791596017,-461372851893157069556,-731505929905975025575,-362395589355959062304,-5830046606921596088,52120218283905429262,14282495535061807470,-1007246144070552238,-990370036228801009,-93707872812887620,23071753226910572,4762628640896030,-104454675099328,-87639432899816,-3558782627179,766188658642,59009488924,-3238787930,-376545268,5944550,1172153,-2736,-1751,-2,1 # cyclo C12xC2 r=24
-374507686977523751,37962707846512305028,-26527523542526185953,-33986834516579853204,9621049553791680897,9551274413592781780,-1068352920075203715,-1077959953509350366,78854632731242739,62582564914880960,-4544562452323989,-2018151613616692,168517702472397,36262775303944,-3479202266002,-363746460458,39661630735,2006460156,-251428502,-5771078,870363,7300,-1511,-2,1 # cyclo C12xC2 r=24
46860512564586917376,246825657101007682560,-275274352761005848320,-161457048921629790720,184745075075284402944,1988545773651296256,-25423880075134165504,1121758460291539456,1624567658666293568,-71510339541778560,-57837145879316384,1813935370405312,1220881699350144,-22013243532032,-15547791557104,125071728576,119192825470,-260597204,-543493863,-317882,1418081,1992,-1913,-2,1 # cyclo C12xC2 r=24
-1972782239314328464896,3250793102230089372672,-747621513965836005120,-943646939766984282624,399959172666473939712,78605311358876977152,-51410735429531709952,-2075836895857462784,3037537197748319936,-11902110598693248,-99736267820847776,1362046508636608,1948447492588224,-20556567436544,-22902297989872,115394680512,161632503202,-179731484,-679351743,-579578,1640501,2256,-2057,-2,1 # cyclo C12xC2 r=24
608463986652288331749,246124172715818219352,-433508209489957714434,-179328068706770909046,87332430938131279730,34141486003486539828,-8068659087976540075,-2795973385292938676,450044684578637679,121971005921022944,-16493526555331583,-3072609645661296,394847818963992,45715366973080,-5982013780349,-399219764258,55782772952,1970950156,-309764272,-5065122,970837,5840,-1563,-2,1 # cyclo C12xC2 r=24
114335067765814229,1357535467729290564,-238516492968380148,-14495061956729596916,1533694163287037130,17222493549713974314,-4561445560219740150,-1941967382939380388,486471397783202058,91912642071209966,-21534435393212157,-2302450806239616,514758821730105,33107575387774,-7275968695424,-279296381866,62573049217,1362191076,-325197514,-3660178,983001,4764,-1567,-2,1 # cyclo C12xC2 r=24
1646919694567732553777,351448694711256593984,-1233718501470809936790,-220981579552486723470,330588082861536687953,50066547285474315128,-40610932548704324967,-5068272323691806524,2483596060165768411,235161152707580158,-83584302007405305,-5455972362098918,1630503293368161,68907785468800,-19056756621778,-497652594686,135646812506,2072174876,-583847789,-4783232,1459268,5402,-1915,-2,1 # cyclo C12xC2 r=24
677586019437499581152,-220494935235892283168,-787466144005650203920,418557170423560051744,142782277155344034752,-101723571264692874288,-9466232677768080344,10106825260070487536,356696720394417862,-519109204759544194,-17041023453062297,14769323956850594,731144651320605,-223889611166794,-15299512146613,1691168906890,144780838885,-6437306534,-693152043,11569990,1737687,-6846,-2143,-2,1 # cyclo C12xC2 r=24
12994394876283248,-38101405884282592,-33552060677660976,65984583691135008,49905151287273576,-20123807181469584,-17850650351542376,2217798975019536,2772297416169823,-82254036896182,-225072687827847,-1321639010174,10360955898660,158001567106,-282973641709,-3961501814,4649895628,48371774,-45869105,-331706,263288,1254,-803,-2,1 # cyclo C12xC2 r=24
24094869358203125,-13903195446555000,-115832165719063500,-18870553674571350,59150378892711215,10844361280588942,-13030380151361691,-2198049864905092,1564778354584111,227860853687572,-112294023981531,-13447765751522,5036542071701,469109680532,-144421596836,-9749375282,2651362656,117790702,-30418221,-766752,205316,2252,-721,-2,1 # cyclo C12xC2 r=24
61283100581594533013,12175696997296851100,-26873749161015993704,-2955484243251756928,4550848043164515890,322595839362532426,-417127093608480894,-20805050015765156,23666332056898694,874892319204326,-888685666873969,-25039264425144,22860315337137,495718526446,-408520051548,-6776325678,5057163097,62675420,-42444770,-374074,229893,1300,-723,-2,1 # cyclo C12xC2 r=24
-322292644082243288,714545101533071208,2271149685065999300,577523965750306592,-1129802532937195526,-365528413780276790,183319908574965881,67646293814669284,-12894048222527154,-5903924826916168,377384015085857,280084840802178,504723411533,-7603226808526,-315567249869,117957307004,8178268426,-990992126,-93388734,3880186,506921,-4312,-1183,-2,1 # cyclo C12xC2 r=24
67663682855428032,61811345177440704,-80259917731241904,-80936614464111576,23848219956956616,29314650266563014,-4211655121372815,-5100390902365812,583697913054096,491440962786516,-56963198528651,-27729519979886,3476369259271,930839516574,-127523689389,-18300033684,2751721558,201727954,-33876650,-1171590,229443,3060,-779,-2,1 # cyclo C12xC2 r=24
-6620061180417505984,-21429042098374202240,-18696197369338407936,-966419725666247104,4982639676281162800,1104840570832124544,-587771449787920864,-148989726304522944,43019487475619868,9247243813946088,-2072373056721312,-313830417127916,64442406794089,6143427762276,-1261799689166,-70288881446,15281887612,464961816,-112192033,-1701188,479202,3076,-1085,-2,1 # cyclo C12xC2 r=24
-1574176321500274592631,-10247289109503766158276,-5457595969780866183462,982202829235364384538,978209693916620042608,3242872028459246828,-72426750027999446739,-3789102893191884852,2988924822403561649,196880627803500128,-77221959368644771,-4889161198601992,1312892603012890,68679133668268,-14844316548965,-561484247122,109468564276,2578308952,-502390552,-6057674,1330691,6324,-1827,-2,1 # cyclo C12xC2 r=24
240319646091881281,-1230494819509348232,821004087492168702,3327501023777029102,-2976613989557994189,-2930394347869975698,1707518895260579505,1303736014026831482,-38000924790544066,-124498498573960744,-10318314218807928,3895820513903578,459043593089594,-58412038605510,-8104629100679,472938481936,75157005349,-2094131382,-394326397,4617428,1160926,-3278,-1747,-2,1 # cyclo C12xC2 r=24
340597502829084931,1642218969936317344,-705542897575915315,-6704087648527592992,4985138936897622028,2289648974414486204,-2119730980626148106,-19400400838730646,230796274691178208,-16592440232211340,-11505970986503092,1096503657469798,317691632270278,-29916384528780,-5354736488177,411072760790,56922207169,-2864198696,-366401377,8821296,1267818,-6636,-1885,-2,1 # cyclo C12xC2 r=24
-3582582006453343,22460223675253968,15902214847477794,-57443613949285876,-42885416018657547,32042816368937334,37460235799667466,6708652313158058,-3656990019364856,-1346875745433094,77478651223457,82096424434162,3855698101483,-2379713134690,-228938833624,36455228114,4861175496,-293515204,-52523897,1093244,301716,-1014,-871,-2,1 # cyclo C12xC2 r=24
-15294521844718202379928,-24721831198409887151120,-1604854199462936388708,6692458455358516523392,1059659856785584228758,-690522216968146121972,-124607773666825328919,35981675789960330608,6691459917820029612,-1054597622010901046,-196804109236435908,18105079467106738,3405475922404305,-183117826720022,-35677968964188,1068556265098,227458851819,-3371040530,-867852684,4831318,1897209,-1310,-2169,-2,1 # cyclo C12xC2 r=24
