7476406168321,0,7691689748952,0,3618457738542,0,1029227224313,0,197129149218,0,26782655364,0,2646587766,0,191648538,0,10092726,0,376949,0,9477,0,144,0,1 # liftB_neg_n45 r=0
2840744649601,0,3150916701120,0,1599441765336,0,491315239032,0,101718326826,0,14952660684,0,1600320995,0,125644851,0,7182108,0,291501,0,7974,0,132,0,1 # liftB_neg_n45 r=0
2836370908801,0,3147277527360,0,1598098849608,0,491026775336,0,101678577534,0,14949016836,0,1600098773,0,125636157,0,7181910,0,291499,0,7974,0,132,0,1 # liftB_neg_n45 r=0
745161121,0,1844346420,0,2030522616,0,1317923287,0,563083506,0,167247324,0,35491530,0,5432886,0,596448,0,45871,0,2349,0,72,0,1 # liftB_neg_n45 r=0
56827824481,0,87992278668,0,62266226292,0,26626695297,0,7663463073,0,1563900891,0,232038296,0,25220727,0,1993086,0,111681,0,4212,0,96,0,1 # liftB_neg_n45 r=0
20714143661641,0,19488678072918,0,8390485211208,0,2185771083317,0,383717458491,0,47822219796,0,4338468914,0,288668262,0,13980573,0,480631,0,11133,0,156,0,1 # liftB_neg_n45 r=0
7770138266881,0,7945144401288,0,3716644160250,0,1051713608679,0,200500371600,0,27128352996,0,2671140902,0,192841122,0,10130634,0,377661,0,9483,0,144,0,1 # liftB_neg_n45 r=0
242507865601,0,331754305920,0,207513885816,0,78479371048,0,19986348426,0,3610934316,0,474579455,0,45718029,0,3203928,0,159299,0,5334,0,108,0,1 # liftB_neg_n45 r=0
886201715521,0,1085091559992,0,607836632034,0,205981041169,0,47029918455,0,7621858407,0,899034458,0,77767911,0,4896144,0,218801,0,6588,0,120,0,1 # liftB_neg_n45 r=0
884376377281,0,1083414878568,0,607153893894,0,205819287231,0,47005345755,0,7619376153,0,898867718,0,77760729,0,4895964,0,218799,0,6588,0,120,0,1 # liftB_neg_n45 r=0
49775245143121,0,43572249605820,0,17451438419796,0,4228608261193,0,690369851106,0,80002437876,0,6747393090,0,417296394,0,18781668,0,599929,0,12909,0,168,0,1 # liftB_neg_n45 r=0
40606182081,0,67157593128,0,50310082962,0,22588217127,0,6773968818,0,1430365356,0,218195646,0,24242022,0,1947906,0,110451,0,4197,0,96,0,1 # liftB_neg_n45 r=0
189110909791,0,271285600860,0,176862929778,0,69319009969,0,18198384849,0,3372724044,0,452635698,0,44337618,0,3147165,0,157921,0,5319,0,108,0,1 # liftB_neg_n45 r=0
56595399841,0,87722224884,0,62127342660,0,26585201087,0,7655525937,0,1562892837,0,231953288,0,25216137,0,1992942,0,111679,0,4212,0,96,0,1 # liftB_neg_n45 r=0
20042541400311,0,18956022069744,0,8200760897160,0,2145807846567,0,378204965937,0,47301945012,0,4304445198,0,287146062,0,13935987,0,479859,0,11127,0,156,0,1 # liftB_neg_n45 r=0
2546758091791,0,2873237195460,0,1481668049238,0,461778481951,0,96867928449,0,14407728516,0,1557905178,0,123386382,0,7103385,0,289879,0,7959,0,132,0,1 # liftB_neg_n45 r=0
8191134871921,0,8308555152612,0,3857592603672,0,1084058146543,0,205363589973,0,27628955829,0,2706867716,0,194586633,0,10186506,0,378719,0,9492,0,144,0,1 # liftB_neg_n45 r=0
243199756801,0,332463941760,0,207836331048,0,78564563384,0,20000771934,0,3612557124,0,474700793,0,45723843,0,3204090,0,159301,0,5334,0,108,0,1 # liftB_neg_n45 r=0
51215259317041,0,44629110452868,0,17799873745668,0,4296560529703,0,699050569872,0,80761416756,0,6793386722,0,419203794,0,18833472,0,600761,0,12915,0,168,0,1 # liftB_neg_n45 r=0
1529035201,0,3247689480,0,3143498418,0,1833498031,0,717762759,0,198687321,0,39880778,0,5848857,0,622080,0,46799,0,2364,0,72,0,1 # liftB_neg_n45 r=0
8200822790161,0,8315924161116,0,3860079366240,0,1084546805873,0,205425210237,0,27634126923,0,2707156508,0,194596983,0,10186722,0,378721,0,9492,0,144,0,1 # liftB_neg_n45 r=0
821294739361,0,1017370588596,0,576106860336,0,197189760167,0,45434858208,0,7423842468,0,882001130,0,76765458,0,4857516,0,217921,0,6579,0,120,0,1 # liftB_neg_n45 r=0
2665784497861,0,2985882488466,0,1529509964658,0,473785567069,0,98839784379,0,14629116948,0,1575113102,0,124300614,0,7135155,0,290531,0,7965,0,132,0,1 # liftB_neg_n45 r=0
777312003681,0,971265448908,0,554429162664,0,191170099881,0,44341680690,0,7288201188,0,870356778,0,76082634,0,4831344,0,217329,0,6573,0,120,0,1 # liftB_neg_n45 r=0
6709853431,0,13203920256,0,11700191940,0,6180260393,0,2169892737,0,534093948,0,94602918,0,12162258,0,1127367,0,73541,0,3207,0,84,0,1 # liftB_neg_n45 r=0
207459079741,0,292663743054,0,187966610118,0,72707311251,0,18871581579,0,3463777692,0,461131142,0,44877786,0,3169575,0,158469,0,5325,0,108,0,1 # liftB_neg_n45 r=0
7947510481,0,15158107002,0,13060110588,0,6731051963,0,2314002891,0,559593084,0,97697834,0,12417018,0,1140993,0,73969,0,3213,0,84,0,1 # liftB_neg_n45 r=0
959222881,0,2265234252,0,2389176288,0,1493556057,0,618106272,0,178816284,0,37149962,0,5593326,0,606492,0,46239,0,2355,0,72,0,1 # liftB_neg_n45 r=0
21697344789121,0,20267284903488,0,8667605496072,0,2244146372632,0,391776917598,0,48584237196,0,4388436941,0,290912067,0,14046606,0,481781,0,11142,0,156,0,1 # liftB_neg_n45 r=0
783641445841,0,982631880444,0,561909909516,0,193816224473,0,44921151408,0,7371853932,0,878504210,0,76614702,0,4853736,0,217879,0,6579,0,120,0,1 # liftB_neg_n45 r=0
10716572161,0,19185316992,0,15677693352,0,7732811208,0,2564083998,0,602160924,0,102702761,0,12818493,0,1162026,0,74619,0,3222,0,84,0,1 # liftB_neg_n45 r=0
53321436604801,0,46173447698040,0,18308895358158,0,4395875518689,0,711752938659,0,81874207239,0,6861008798,0,422018343,0,18910260,0,602001,0,12924,0,168,0,1 # liftB_neg_n45 r=0
45881709121,0,74208393912,0,54494199510,0,24042055321,0,7101924000,0,1480602444,0,223492622,0,24621918,0,1965654,0,110939,0,4203,0,96,0,1 # liftB_neg_n45 r=0
728649843121,0,925678480452,0,535552185804,0,186634483319,0,43644709890,0,7217158572,0,865552818,0,75874806,0,4826124,0,217271,0,6573,0,120,0,1 # liftB_neg_n45 r=0
