9998119515506825,0,-5643700969533010,0,1456613978451486,0,-227295466366662,0,23882938306184,0,-1780192732888,0,96519842145,0,-3835443410,0,110862482,0,-2273188,0,31386,0,-262,0,1 # liftE_full r=24
33550336,0,-130040832,0,209666304,0,-189514240,0,108534016,0,-41952860,0,11319085,0,-2162027,0,291670,0,-27216,0,1673,0,-61,0,1 # liftE_full r=24
-164891,0,1572746,0,697785,0,-891376,0,-347104,0,158498,0,68470,0,-8482,0,-5756,0,-242,0,160,0,24,0,1 # liftE_full r=10
632567992783,0,-819424393040,0,483224383652,0,-171517916400,0,40807202910,0,-6855430500,0,833826775,0,-73983840,0,4752798,0,-215600,0,6556,0,-120,0,1 # liftE_full r=24
6926436074637,0,-7175495832219,0,3398111831925,0,-972753139215,0,187471993077,0,-25625678715,0,2547490589,0,-185580447,0,9832413,0,-369499,0,9349,0,-143,0,1 # liftE_full r=24
605434029929,0,-790094689140,0,469077879257,0,-167509226480,0,40068239662,0,-6762843340,0,825841789,0,-73515760,0,4734947,0,-215200,0,6552,0,-120,0,1 # liftE_full r=24
598062542345425,0,-428647397647170,0,140360048802751,0,-27766224137158,0,3695836700107,0,-348714055872,0,23915545660,0,-1201237466,0,43857065,0,-1135082,0,19768,0,-208,0,1 # liftE_full r=24
9005831628930551,0,-5132901637903078,0,1337421131844047,0,-210653761857500,0,22338265938280,0,-1680114431138,0,91901714472,0,-3683669678,0,107381204,0,-2220114,0,30902,0,-260,0,1 # liftE_full r=24
1600882390691,0,-1953921115938,0,1082456601579,0,-359818299368,0,79911991702,0,-12489765464,0,1408486820,0,-115470872,0,6830495,0,-284350,0,7909,0,-132,0,1 # liftE_full r=24
1786928798929,0,-2141389494706,0,1166538198147,0,-381914909992,0,83678960998,0,-12924971928,0,1442993460,0,-117325032,0,6895125,0,-285670,0,7921,0,-132,0,1 # liftE_full r=24
3001510172805923,0,-1880952335268836,0,538538308609617,0,-93150542136042,0,10840960458252,0,-894323695602,0,53623411701,0,-2354652046,0,75150823,0,-1700158,0,25880,0,-238,0,1 # liftE_full r=24
561289119481,0,-741681658840,0,445420632142,0,-160728006920,0,38805794173,0,-6603367640,0,811998794,0,-72700400,0,4703755,0,-214500,0,6545,0,-120,0,1 # liftE_full r=24
496156686661,0,-669347881080,0,409672326854,0,-150378405280,0,36862519132,0,-6356148340,0,790419539,0,-71424160,0,4654802,0,-213400,0,6534,0,-120,0,1 # liftE_full r=24
1903026982975,0,-2256816363560,0,1217686820292,0,-395214396016,0,85925607102,0,-13182575890,0,1463296729,0,-118411216,0,6932878,0,-286440,0,7928,0,-132,0,1 # liftE_full r=24
1661013331561,0,-2014889575292,0,1109954322142,0,-367080065308,0,81155129737,0,-12633882580,0,1419944498,0,-116087752,0,6852025,0,-284790,0,7913,0,-132,0,1 # liftE_full r=24
1990653798223,0,-2342978284482,0,1255491133339,0,-404959087016,0,87559561414,0,-13368779512,0,1477901460,0,-119189752,0,6959875,0,-286990,0,7933,0,-132,0,1 # liftE_full r=24
1955418203311,0,-2308367481662,0,1240319512981,0,-401051583592,0,86904832678,0,-13294211656,0,1472055548,0,-118878232,0,6949075,0,-286770,0,7931,0,-132,0,1 # liftE_full r=24
2155310104975,0,-2503493750890,0,1325377859207,0,-422852076768,0,90542469750,0,-13707082422,0,1504335523,0,-120594936,0,7008513,0,-287980,0,7942,0,-132,0,1 # liftE_full r=24
47658997694899163,0,-23586890366910066,0,5338749510695447,0,-730773738747810,0,67373032606362,0,-4407384682492,0,209776000631,0,-7319643046,0,185824953,0,-3347418,0,40614,0,-298,0,1 # liftE_full r=24
33461,0,-213636,0,-34989,0,348934,0,-30408,0,-108018,0,23959,0,10018,0,-3691,0,-18,0,150,0,-22,0,1 # liftE_full r=16
542777614651,0,-721292497300,0,435418489665,0,-157851074480,0,38268617862,0,-6535343660,0,806082661,0,-72351440,0,4690393,0,-214200,0,6542,0,-120,0,1 # liftE_full r=24
491086387441,0,-663532844520,0,406715589826,0,-149501046760,0,36694320169,0,-6334383640,0,788494394,0,-71309200,0,4650365,0,-213300,0,6533,0,-120,0,1 # liftE_full r=24
5574942842041,0,-6029088373296,0,2967918852354,0,-879257814384,0,174575459293,0,-24470937648,0,2483053782,0,-183765024,0,9844875,0,-372360,0,9439,0,-144,0,1 # liftE_full r=24
5873441681159,0,-6297115280664,0,3075350292833,0,-904566185952,0,178455431882,0,-24875384040,0,2512083573,0,-185181792,0,9889873,0,-373200,0,9446,0,-144,0,1 # liftE_full r=24
42043,0,17686,0,-329901,0,-92654,0,349766,0,55000,0,-81269,0,-23594,0,3669,0,2538,0,442,0,34,0,1 # liftE_full r=8
8581320370624,0,-8697170617696,0,4032454423984,0,-1131005231152,0,213723780496,0,-28666179874,0,2798382667,0,-200330371,0,10437874,0,-386026,0,9619,0,-145,0,1 # liftE_full r=24
1691775451081,0,-2045938097676,0,1123900233190,0,-370749668300,0,81781379365,0,-12706297516,0,1425690030,0,-116396632,0,6862795,0,-285010,0,7915,0,-132,0,1 # liftE_full r=24
-1117,0,124696,0,-159651,0,-82134,0,167576,0,-33410,0,-31479,0,14846,0,-541,0,-962,0,252,0,-26,0,1 # liftE_full r=18
27611,0,20022,0,-148476,0,63130,0,78312,0,-52488,0,-4325,0,9838,0,-1846,0,-348,0,168,0,-22,0,1 # liftE_full r=16
6804175493623,0,-7118274646248,0,3399366008287,0,-979855177440,0,189863077978,0,-26053010712,0,2595962059,0,-189252192,0,10018673,0,-375600,0,9466,0,-144,0,1 # liftE_full r=24
1769640685903,0,-2124340280898,0,1159038658883,0,-379977600200,0,83353536292,0,-12887833046,0,1440077219,0,-117169448,0,6889727,0,-285560,0,7920,0,-132,0,1 # liftE_full r=24
6372324301591,0,-6739565416776,0,3250745123043,0,-945486663456,0,184677073702,0,-25519488480,0,2558064732,0,-187416864,0,9960675,0,-374520,0,9457,0,-144,0,1 # liftE_full r=24
9740476708871141,0,-5522424919085190,0,1431002643138746,0,-224100052654590,0,23622101790258,0,-1765637220796,0,95957503265,0,-3820591330,0,110605842,0,-2270568,0,31374,0,-262,0,1 # liftE_full r=24
6279292676071,0,-6657471586488,0,3218348373725,0,-937958318880,0,183536344550,0,-25401727008,0,2549676900,0,-187009824,0,9947795,0,-374280,0,9455,0,-144,0,1 # liftE_full r=24
211951,0,-139746,0,-1179848,0,1353178,0,238588,0,-1155380,0,833911,0,-313522,0,71618,0,-10308,0,916,0,-46,0,1 # liftE_full r=20
2087231052075625,0,-1342844187121850,0,394998042806866,0,-70244113375250,0,8411155799260,0,-714436729990,0,44138955109,0,-1998523134,0,65818082,0,-1537592,0,24186,0,-230,0,1 # liftE_full r=24
166881348544,0,-255769526368,0,174770628432,0,-70770937488,0,18984137776,0,-3563584162,0,480984337,0,-47109281,0,3327352,0,-165455,0,5503,0,-110,0,1 # liftE_full r=24
17506685353,0,-33010478496,0,27989087450,0,-14096595648,0,4692780886,0,-1087090064,0,179604723,0,-21321344,0,1805402,0,-106400,0,4146,0,-96,0,1 # liftE_full r=24
6607310581169,0,-6946497011088,0,3332256333414,0,-964397621472,0,187538586746,0,-25814553768,0,2579062317,0,-188435136,0,9992882,0,-375120,0,9462,0,-144,0,1 # liftE_full r=24
15334129818063187,0,-8367387219365014,0,2086993532655365,0,-314617148622810,0,31926935968319,0,-2297608268888,0,120233481730,0,-4609814054,0,128519579,0,-2540934,0,33816,0,-272,0,1 # liftE_full r=24
-10609,0,115978,0,168641,0,-112554,0,-82040,0,43536,0,11397,0,-6806,0,-373,0,442,0,-20,0,-10,0,1 # liftE_full r=14
22542525721,0,-40729836064,0,33204452514,0,-16139057056,0,5205666493,0,-1173314592,0,189430422,0,-22070976,0,1842075,0,-107440,0,4159,0,-96,0,1 # liftE_full r=24
26613154151,0,-46779408640,0,37178548752,0,-17657256448,0,5578888272,0,-1234974032,0,196362183,0,-22594688,0,1867538,0,-108160,0,4168,0,-96,0,1 # liftE_full r=24
112267,0,267284,0,-636061,0,-1445530,0,-361706,0,893990,0,873091,0,367314,0,87137,0,12442,0,1062,0,50,0,1 # liftE_full r=4
120835774151,0,-185659480530,0,129157681033,0,-53772321744,0,14916536982,0,-2903797134,0,406698797,0,-41290344,0,3016113,0,-154620,0,5282,0,-108,0,1 # liftE_full r=24
163822072103,0,-239277338442,0,158890498845,0,-63420440904,0,16944565316,0,-3192261678,0,434814477,0,-43144632,0,3095327,0,-156600,0,5304,0,-108,0,1 # liftE_full r=24
2043989029823,0,-2395271165144,0,1278376105292,0,-410844765760,0,88544547078,0,-13480848238,0,1486680391,0,-119657296,0,6976078,0,-287320,0,7936,0,-132,0,1 # liftE_full r=24
253827624961,0,-347835980416,0,217724153632,0,-82314345514,0,20935115803,0,-3773522377,0,494296372,0,-47411653,0,3304987,0,-163291,0,5428,0,-109,0,1 # liftE_full r=24
133036528181309,0,-108367651642912,0,40308585316287,0,-9053318438276,0,1367493764816,0,-146349139242,0,11378817892,0,-647636090,0,26780412,0,-784642,0,15462,0,-184,0,1 # liftE_full r=24
752441,0,-297666,0,-720899,0,359304,0,185862,0,-135566,0,-1064,0,16450,0,-3182,0,-374,0,196,0,-24,0,1 # liftE_full r=16
216785984,0,-2616109952,0,4218104416,0,-3136242128,0,1375809240,0,-394756654,0,77900019,0,-10808667,0,1056276,0,-71353,0,3177,0,-84,0,1 # liftE_full r=24
109367573561,0,-170836149924,0,120670931190,0,-50940216900,0,14306847765,0,-2815357284,0,397945550,0,-40706568,0,2990995,0,-153990,0,5275,0,-108,0,1 # liftE_full r=24
31341855271,0,-53600221744,0,41539800483,0,-19284032704,0,5970697702,0,-1298621760,0,203423772,0,-23123136,0,1893075,0,-108880,0,4177,0,-96,0,1 # liftE_full r=24
12047647951,0,-28490251272,0,27257027159,0,-14588889781,0,4980021323,0,-1158120913,0,189836970,0,-22237335,0,1855773,0,-107963,0,4167,0,-96,0,1 # liftE_full r=24
573763734361,0,-755392676280,0,452133877414,0,-162655672360,0,39165197809,0,-6648824360,0,815948406,0,-72933200,0,4712665,0,-214700,0,6547,0,-120,0,1 # liftE_full r=24
24686492323,0,-43950696144,0,35340972653,0,-16962259328,0,5409513676,0,-1207193072,0,193256693,0,-22361024,0,1856207,0,-107840,0,4164,0,-96,0,1 # liftE_full r=24
6323104738261,0,-6696604073304,0,3233958669753,0,-941620149600,0,184095674642,0,-25459852968,0,2553838829,0,-187212576,0,9954227,0,-374400,0,9456,0,-144,0,1 # liftE_full r=24
288809,0,31024,0,-351513,0,4790,0,138936,0,-8374,0,-23389,0,1554,0,1865,0,-98,0,-70,0,2,0,1 # liftE_full r=12
-90481,0,327118,0,114669,0,-532906,0,152516,0,157468,0,-92343,0,3866,0,9191,0,-3118,0,464,0,-34,0,1 # liftE_full r=18
612584556403,0,-797748273020,0,472735934451,0,-168537300080,0,40256388502,0,-6786273360,0,827852556,0,-73633200,0,4739415,0,-215300,0,6553,0,-120,0,1 # liftE_full r=24
