2364616,0,-11736864,0,23564352,0,-26290496,0,18542796,0,-8831040,0,2940960,0,-695232,0,116472,0,-13552,0,1044,0,-48,0,1 # liftE_mix r=8
3643426076921,0,4240976601216,0,2229339523674,0,700001606160,0,146264377131,0,21430565376,0,2258210940,0,172459008,0,9474939,0,365248,0,9378,0,144,0,1 # liftE_mix r=0
107281,0,-7572,0,22794,0,-404,0,9171,0,3288,0,1228,0,120,0,219,0,172,0,66,0,12,0,1 # liftE_mix r=0
-17,0,324,0,426,0,-2680,0,-3111,0,2064,0,1998,0,-744,0,-420,0,148,0,24,0,-12,0,1 # liftE_mix r=14
1592,0,13440,0,40224,0,47840,0,8868,0,-20736,0,-5824,0,5568,0,228,0,-800,0,216,0,-24,0,1 # liftE_mix r=12
90568,0,-807360,0,409536,0,682064,0,-501132,0,-42048,0,103408,0,-20064,0,-2784,0,1128,0,-48,0,-12,0,1 # liftE_mix r=16
6852088,0,-24251136,0,38560608,0,-36464768,0,22867080,0,-10029696,0,3158384,0,-720192,0,118122,0,-13600,0,1044,0,-48,0,1 # liftE_mix r=20
19682967608,0,-31842702528,0,23732478000,0,-10775146480,0,3319253988,0,-730861824,0,117952608,0,-14058912,0,1228308,0,-76720,0,3252,0,-84,0,1 # liftE_mix r=0
5641305976,0,-11602621440,0,10641658368,0,-5772614672,0,2068432188,0,-517021440,0,92634816,0,-12008736,0,1119612,0,-73312,0,3204,0,-84,0,1 # liftE_mix r=16
90593,0,-169764,0,45210,0,77900,0,-34197,0,-17352,0,7532,0,2616,0,-717,0,-260,0,18,0,12,0,1 # liftE_mix r=12
71,0,-1092,0,3402,0,2356,0,-7869,0,264,0,4900,0,-1704,0,-387,0,188,0,18,0,-12,0,1 # liftE_mix r=16
8,0,0,0,48,0,0,0,-12,0,0,0,-64,0,0,0,48,0,0,0,-12,0,0,0,1 # liftE_mix r=8
15999992,0,-48768000,0,67833216,0,-56984128,0,32225316,0,-12933120,0,3779328,0,-810624,0,126708,0,-14080,0,1056,0,-48,0,1 # liftE_mix r=12
8,0,192,0,-144,0,-4192,0,9204,0,-768,0,-6720,0,-768,0,1968,0,1040,0,228,0,24,0,1 # liftE_mix r=8
336689,0,0,0,-261390,0,0,0,82035,0,0,0,-13316,0,0,0,1179,0,0,0,-54,0,0,0,1 # liftE_mix r=12
17515199017,0,-28893031020,0,21916780614,0,-10109311380,0,3158166363,0,-703995096,0,114824116,0,-13807752,0,1215003,0,-76300,0,3246,0,-84,0,1 # liftE_mix r=8
9420643592,0,-17235526560,0,14364975744,0,-7212007600,0,2429245428,0,-578355456,0,99800256,0,-12577152,0,1148928,0,-74200,0,3216,0,-84,0,1 # liftE_mix r=24
1277276113,0,-2797077096,0,2783393550,0,-1664296200,0,665995563,0,-187910928,0,38334852,0,-5697936,0,612483,0,-46440,0,2358,0,-72,0,1 # liftE_mix r=24
10720738673,0,-19195258908,0,15686185710,0,-7736629460,0,2565121323,0,-602340984,0,102722948,0,-12819912,0,1162083,0,-74620,0,3222,0,-84,0,1 # liftE_mix r=16
211538152521,0,335518909128,0,236219810022,0,97784691384,0,26552491947,0,4990355664,0,666558308,0,63829200,0,4353387,0,206408,0,6462,0,120,0,1 # liftE_mix r=0
52721,0,-237768,0,362238,0,-165736,0,-77133,0,65328,0,11556,0,-9552,0,-2181,0,440,0,198,0,24,0,1 # liftE_mix r=12
34129,0,-404112,0,1651218,0,-3380016,0,4005555,0,-2947488,0,1396540,0,-434016,0,89019,0,-11920,0,1002,0,-48,0,1 # liftE_mix r=24
2543285753,0,-4963620744,0,4447634214,0,-2419831944,0,890453499,0,-233501904,0,44746100,0,-6314256,0,651243,0,-47880,0,2382,0,-72,0,1 # liftE_mix r=8
145144,0,531264,0,645360,0,194592,0,-152580,0,-77952,0,22240,0,9792,0,-2916,0,-320,0,192,0,-24,0,1 # liftE_mix r=12
31391,0,-217908,0,642306,0,-1072476,0,1136361,0,-808668,0,398014,0,-137088,0,32928,0,-5400,0,576,0,-36,0,1 # liftE_mix r=24
215288,0,-1380864,0,3812160,0,-5956160,0,5832228,0,-3750912,0,1619072,0,-472704,0,93108,0,-12160,0,1008,0,-48,0,1 # liftE_mix r=24
75204835217,0,-111177062880,0,75417100446,0,-31043067232,0,8635856619,0,-1710574272,0,247387364,0,-26321088,0,2044803,0,-113120,0,4230,0,-96,0,1 # liftE_mix r=8
17,0,-180,0,-726,0,6300,0,843,0,-48744,0,86156,0,-59688,0,21603,0,-4500,0,546,0,-36,0,1 # liftE_mix r=20
195882184,0,-459201504,0,504718512,0,-341775728,0,158004684,0,-52310400,0,12668512,0,-2253696,0,291432,0,-26648,0,1632,0,-60,0,1 # liftE_mix r=8
9017,0,-26220,0,43554,0,-48524,0,40539,0,-26136,0,13436,0,-5496,0,1803,0,-460,0,90,0,-12,0,1 # liftE_mix r=0
-199,0,9252,0,-29082,0,-7236,0,135747,0,-226872,0,184756,0,-87912,0,26019,0,-4860,0,558,0,-36,0,1 # liftE_mix r=22
89,0,-1176,0,-3318,0,7448,0,31875,0,45456,0,36780,0,19248,0,6819,0,1640,0,258,0,24,0,1 # liftE_mix r=4
-8,0,0,0,576,0,-288,0,-3036,0,3072,0,2944,0,-5952,0,3828,0,-1280,0,240,0,-24,0,1 # liftE_mix r=18
32392,0,-220320,0,644544,0,-1073520,0,1136628,0,-808704,0,398016,0,-137088,0,32928,0,-5400,0,576,0,-36,0,1 # liftE_mix r=24
369095561,0,-833424420,0,865041942,0,-546143900,0,233748195,0,-71490120,0,16029204,0,-2655960,0,322899,0,-28100,0,1662,0,-60,0,1 # liftE_mix r=8
2089,0,-21720,0,69882,0,-78312,0,4515,0,34320,0,-3572,0,-7632,0,-621,0,680,0,210,0,24,0,1 # liftE_mix r=12
56534538232,0,-87674340864,0,62114516064,0,-26584903936,0,7656145800,0,-1563057408,0,231974384,0,-25217664,0,1993002,0,-111680,0,4212,0,-96,0,1 # liftE_mix r=20
51353848081,0,-80906607168,0,58156018596,0,-25219701696,0,7348702686,0,-1515816288,0,226958194,0,-24854208,0,1975803,0,-111200,0,4206,0,-96,0,1 # liftE_mix r=24
4646604689,0,-9591009540,0,8920920570,0,-4942645876,0,1816316691,0,-466313736,0,85764204,0,-11387208,0,1083579,0,-72100,0,3186,0,-84,0,1 # liftE_mix r=24
1,0,-60,0,234,0,420,0,-885,0,84,0,946,0,-1152,0,720,0,-280,0,72,0,-12,0,1 # liftE_mix r=12
