4004694184,0,-7091663616,0,4065269072,0,-502832280,0,-327783527,0,121836052,0,-8323612,0,-2791916,0,683126,0,-67188,0,3460,0,-92,0,1 # liftE_full r=12
5780960634961,0,-6215374241376,0,3043051973956,0,-897053514240,0,177316266784,0,-24757723152,0,2503699826,0,-184774848,0,9876994,0,-372960,0,9444,0,-144,0,1 # liftE_full r=24
8003621966008,0,-8162244561216,0,3806207526392,0,-1073342198448,0,203891139705,0,-27489357936,0,2697599646,0,-194160288,0,10173479,0,-378480,0,9490,0,-144,0,1 # liftE_full r=16
412468268398636,0,-308431542891920,0,105148820831584,0,-21611020542216,0,2982425516168,0,-291158126648,0,20618061140,0,-1067108996,0,40062007,0,-1063968,0,18974,0,-204,0,1 # liftE_full r=24
52215314488,0,-82679316864,0,59540831512,0,-25804593952,0,7501382105,0,-1541972384,0,229964126,0,-25084352,0,1987079,0,-111520,0,4210,0,-96,0,1 # liftE_full r=16
179104,0,190912,0,-1164007,0,244172,0,1220090,0,-696342,0,9285,0,61800,0,-10795,0,-670,0,338,0,-32,0,1 # liftE_full r=16
36810874777502611,0,-19563356648309236,0,4715404630782830,0,-681506565824388,0,65767105123023,0,-4463586662712,0,218419007548,0,-7762512280,0,198803053,0,-3577124,0,42910,0,-308,0,1 # liftE_full r=24
1866466358506,0,-2221146603632,0,1202149779804,0,-391235807820,0,85262354429,0,-13107362884,0,1457420714,0,-118098904,0,6922069,0,-286220,0,7926,0,-132,0,1 # liftE_full r=24
2077711215598,0,-2428712018744,0,1293155463000,0,-414677775996,0,89190512273,0,-13554762100,0,1492496066,0,-119968024,0,6986869,0,-287540,0,7938,0,-132,0,1 # liftE_full r=24
151498,0,503008,0,-393380,0,-617372,0,372421,0,120052,0,-72768,0,-6940,0,4948,0,100,0,-124,0,0,0,1 # liftE_full r=12
19580560249,0,-36265561664,0,30235167972,0,-14992519296,0,4921272452,0,-1125988768,0,184080350,0,-21665152,0,1822294,0,-106880,0,4152,0,-96,0,1 # liftE_full r=24
462844473673,0,-631860345040,0,390926846052,0,-144895670880,0,35824117772,0,-6223105160,0,778741886,0,-70730720,0,4628134,0,-212800,0,6528,0,-120,0,1 # liftE_full r=24
604491869209,0,-789277596880,0,468771331044,0,-167444265120,0,40059736628,0,-6762139400,0,825805790,0,-73514720,0,4734934,0,-215200,0,6552,0,-120,0,1 # liftE_full r=24
-5279619656,0,20208705312,0,-1664947632,0,-11065298880,0,7424683292,0,-2349037472,0,442656176,0,-53500128,0,4242370,0,-218840,0,7044,0,-128,0,1 # liftE_full r=14
190285383154558,0,-152376501712248,0,55586676939672,0,-12215730993564,0,1801231183405,0,-187744948308,0,14184552268,0,-782705436,0,31306960,0,-885228,0,16796,0,-192,0,1 # liftE_full r=24
6318621494281,0,-6693445448544,0,3232992603428,0,-941452640832,0,184077666508,0,-25458623856,0,2553786814,0,-187211328,0,9954214,0,-374400,0,9456,0,-144,0,1 # liftE_full r=24
-29808621,0,1802142,0,134683209,0,-99356940,0,263403,0,18105324,0,-6134417,0,748548,0,5197,0,-11038,0,1204,0,-56,0,1 # liftE_full r=18
604494989113,0,-789279629360,0,468771874268,0,-167444341280,0,40059742532,0,-6762139640,0,825805794,0,-73514720,0,4734934,0,-215200,0,6552,0,-120,0,1 # liftE_full r=24
5281956867769,0,-5765006066016,0,2861710055012,0,-854163804864,0,170718735652,0,-24068088432,0,2454091870,0,-182349888,0,9799894,0,-371520,0,9432,0,-144,0,1 # liftE_full r=24
2749381280842,0,-3073996032800,0,1570364407364,0,-484803213180,0,100759170989,0,-14855302704,0,1593402552,0,-125303904,0,7170924,0,-291280,0,7972,0,-132,0,1 # liftE_full r=16
33679186392616,0,-13472772567392,0,2639735926992,0,-624150681520,0,170061711980,0,-32090488608,0,3871601040,0,-307070000,0,16313134,0,-577080,0,13076,0,-172,0,1 # liftE_full r=16
8349790099201,0,-8455202311680,0,3917521124160,0,-1098354091008,0,207572346880,0,-27860226192,0,2723504642,0,-195399168,0,10212304,0,-379200,0,9496,0,-144,0,1 # liftE_full r=16
3142595241309484,0,-1970841486338512,0,564195604061632,0,-97491309349352,0,11325438359168,0,-931828590656,0,55680353852,0,-2434639908,0,77313535,0,-1738900,0,26294,0,-240,0,1 # liftE_full r=24
104121507625,0,-166142298900,0,119041800060,0,-50699082228,0,14308544131,0,-2821675296,0,399004552,0,-40795296,0,2995147,0,-154092,0,5276,0,-108,0,1 # liftE_full r=24
5281966075033,0,-5765011085472,0,2861711176540,0,-854163936192,0,170718744148,0,-24068088720,0,2454091874,0,-182349888,0,9799894,0,-371520,0,9432,0,-144,0,1 # liftE_full r=24
228628058062,0,-317562226200,0,201035924960,0,-76736649204,0,19679231501,0,-3573710280,0,471418284,0,-45531072,0,3196512,0,-159120,0,5332,0,-108,0,1 # liftE_full r=16
98062,0,192184,0,-227408,0,-369820,0,218765,0,89132,0,-50320,0,-6108,0,3976,0,100,0,-112,0,0,0,1 # liftE_full r=12
1767758505457,0,-2122830069976,0,1158515656964,0,-379875548272,0,83341268552,0,-12886902820,0,1440033762,0,-117168304,0,6889714,0,-285560,0,7920,0,-132,0,1 # liftE_full r=24
3040928838814,0,-3343057049816,0,1681821872344,0,-512103011068,0,105138752141,0,-15336257200,0,1630025304,0,-127213504,0,7236184,0,-292600,0,7984,0,-132,0,1 # liftE_full r=12
24574509841,0,-43818316864,0,35274041156,0,-16943380480,0,5406267584,0,-1206844768,0,193233906,0,-22360192,0,1856194,0,-107840,0,4164,0,-96,0,1 # liftE_full r=24
138616740553,0,-208273265784,0,141915837196,0,-57974777280,0,15811168804,0,-3032375724,0,419332754,0,-42128496,0,3052054,0,-155520,0,5292,0,-108,0,1 # liftE_full r=24
-2151692381,0,23297297960,0,-7000777298,0,-8338007456,0,6696035823,0,-2232290736,0,430888348,0,-52749792,0,4213053,0,-218200,0,7038,0,-128,0,1 # liftE_full r=14
3820164042202,0,-4410726504000,0,2303530854616,0,-719425777776,0,149629007021,0,-21831771456,0,2291400552,0,-174331008,0,9543564,0,-366720,0,9392,0,-144,0,1 # liftE_full r=24
247809745132,0,-339405575112,0,212166179736,0,-80081507556,0,20336349085,0,-3661966692,0,479631374,0,-46054296,0,3218359,0,-159660,0,5338,0,-108,0,1 # liftE_full r=16
97484327233,0,-158890016076,0,115583259468,0,-49751159268,0,14143577155,0,-2802735744,0,397568152,0,-40725840,0,2993203,0,-154068,0,5276,0,-108,0,1 # liftE_full r=24
3040857084075916,0,-1918019291283424,0,551905713536080,0,-95803881427768,0,11174025681064,0,-922551064744,0,55287232260,0,-2423264996,0,77098447,0,-1736500,0,26282,0,-240,0,1 # liftE_full r=24
15714408976,0,-8234318624,0,-12613043392,0,-80351072,0,3421471588,0,1580828256,0,355270592,0,47431500,0,3989341,0,212996,0,6986,0,128,0,1 # liftE_full r=4
250919283153066139,0,-112296458704324516,0,22833605406676474,0,-2789049764906628,0,227909358149167,0,-13124693929768,0,546122272452,0,-16542712648,0,362011525,0,-5580964,0,57530,0,-356,0,1 # liftE_full r=24
529737604897,0,-707073098960,0,428508480548,0,-155880618560,0,37903497464,0,-6489406520,0,802108242,0,-72117920,0,4681474,0,-214000,0,6540,0,-120,0,1 # liftE_full r=24
138615243529,0,-208272145032,0,141915494996,0,-57974722848,0,15811164052,0,-3032375508,0,419332750,0,-42128496,0,3052054,0,-155520,0,5292,0,-108,0,1 # liftE_full r=24
30586024201,0,-52578549184,0,40925502428,0,-19067533696,0,5921128652,0,-1290910816,0,202597698,0,-23062912,0,1890214,0,-108800,0,4176,0,-96,0,1 # liftE_full r=24
10089051454,0,-21248705728,0,19817497932,0,-10823423392,0,3856123565,0,-944511872,0,163194344,0,-20060672,0,1743464,0,-104640,0,4124,0,-96,0,1 # liftE_full r=24
278593706062,0,-416532186000,0,279543331300,0,-111335896200,0,29305145405,0,-5370325680,0,702663828,0,-66159360,0,4450992,0,-208800,0,6488,0,-120,0,1 # liftE_full r=24
402904750642618,0,-302535945075504,0,103521830149296,0,-21346326593280,0,2954311444645,0,-289121086596,0,20516093320,0,-1063627116,0,39984388,0,-1062948,0,18968,0,-204,0,1 # liftE_full r=24
32010743089,0,-54826330052,0,42470699152,0,-19678585358,0,6075360561,0,-1316913826,0,205567545,0,-23290110,0,1901371,0,-109118,0,4180,0,-96,0,1 # liftE_full r=24
35884172392,0,-60206440512,0,45790699276,0,-20877418832,0,6355949774,0,-1361404816,0,210409193,0,-23647288,0,1918472,0,-109598,0,4186,0,-96,0,1 # liftE_full r=24
3039351654778,0,-3341745186560,0,1681356599860,0,-512010807484,0,105127558373,0,-15335403160,0,1629985260,0,-127212448,0,7236172,0,-292600,0,7984,0,-132,0,1 # liftE_full r=16
152749781049996,0,-129670084765728,0,49784523308010,0,-11430137974464,0,1747800195633,0,-187525240554,0,14476720063,0,-810288588,0,32638786,0,-922814,0,17386,0,-196,0,1 # liftE_full r=24
1969735903273,0,-2323078814056,0,1247022809996,0,-402835671040,0,87212040404,0,-13329980356,0,1474908114,0,-119032144,0,6954454,0,-286880,0,7932,0,-132,0,1 # liftE_full r=24
1262888393764,0,-1609240482784,0,926279441088,0,-318423277744,0,72805556540,0,-11664152456,0,1342745276,0,-111927464,0,6706739,0,-281820,0,7886,0,-132,0,1 # liftE_full r=24
1681317636499084,0,-1111569646289904,0,335428156797456,0,-61091031736392,0,7479304090984,0,-648463894200,0,40826346076,0,-1880630004,0,62905951,0,-1490088,0,23726,0,-228,0,1 # liftE_full r=24
1673434064986,0,-2028022757728,0,1116094415012,0,-368751560716,0,81448547333,0,-12668591452,0,1422747126,0,-116240344,0,6857389,0,-284900,0,7914,0,-132,0,1 # liftE_full r=24
30585318601,0,-52577946176,0,40925292708,0,-19067495808,0,5921124908,0,-1290910624,0,202597694,0,-23062912,0,1890214,0,-108800,0,4176,0,-96,0,1 # liftE_full r=24
212405678776,0,-298564158960,0,191089417820,0,-73670054004,0,19062530513,0,-3489167988,0,463416102,0,-45014616,0,3174759,0,-158580,0,5326,0,-108,0,1 # liftE_full r=16
24573876961,0,-43817756096,0,35273840220,0,-16943343360,0,5406263864,0,-1206844576,0,193233902,0,-22360192,0,1856194,0,-107840,0,4164,0,-96,0,1 # liftE_full r=24
1125769235176,0,-1461941467360,0,856387193460,0,-299141329564,0,69381357785,0,-11255184644,0,1309471898,0,-110105864,0,6642479,0,-280500,0,7874,0,-132,0,1 # liftE_full r=24
266255675578,0,-360457763040,0,222937846020,0,-83336422356,0,20979762373,0,-3748920840,0,487768940,0,-46575072,0,3240172,0,-160200,0,5344,0,-108,0,1 # liftE_full r=16
402232984443646,0,-302163443374384,0,103430158370356,0,-21333190841576,0,2953104045293,0,-289047272444,0,20513092100,0,-1063548852,0,39983200,0,-1062940,0,18968,0,-204,0,1 # liftE_full r=24
6044806559722,0,-6450865232448,0,3136929430616,0,-919062311664,0,180676348837,0,-25106760720,0,2528683378,0,-185991648,0,9915589,0,-373680,0,9450,0,-144,0,1 # liftE_full r=24
-82946,0,251512,0,-9128,0,-313764,0,116717,0,73684,0,-34036,0,-5348,0,3088,0,108,0,-100,0,0,0,1 # liftE_full r=14
