121393,0,843888,0,2530894,0,4295824,0,4554889,0,3148688,0,1443750,0,441248,0,89725,0,11960,0,1003,0,48,0,1 # liftE_mix r=0
15383457025,0,-26396210810,0,20743375274,0,-9868611890,0,3164614780,0,-720403598,0,119339725,0,-14491326,0,1279826,0,-80152,0,3378,0,-86,0,1 # liftE_mix r=12
6071,0,-118196,0,-247455,0,382746,0,1372904,0,1506778,0,881349,0,312878,0,70631,0,10198,0,912,0,46,0,1 # liftE_mix r=4
1666492621,0,3571035484,0,3479399907,0,2037999718,0,799124368,0,220952910,0,44165031,0,6429218,0,676373,0,50142,0,2486,0,74,0,1 # liftE_mix r=0
10009,0,-80892,0,281358,0,-554556,0,687193,0,-562356,0,311250,0,-117576,0,30225,0,-5190,0,569,0,-36,0,1 # liftE_mix r=24
-1,0,6,0,27,0,-216,0,190,0,524,0,-110,0,-496,0,-206,0,40,0,48,0,12,0,1 # liftE_mix r=10
1873,0,-7218,0,7487,0,2416,0,-6614,0,-14,0,2507,0,88,0,-493,0,-80,0,36,0,12,0,1 # liftE_mix r=12
1,0,-84,0,1141,0,-5936,0,15622,0,-23792,0,22580,0,-13904,0,5645,0,-1500,0,251,0,-24,0,1 # liftE_mix r=24
232488049,0,-563359220,0,624804022,0,-419447620,0,189860881,0,-61052620,0,14302754,0,-2459800,0,308245,0,-27450,0,1649,0,-60,0,1 # liftE_mix r=12
13,0,182,0,637,0,520,0,-650,0,-728,0,428,0,328,0,-215,0,-30,0,47,0,-12,0,1 # liftE_mix r=12
33461,0,0,0,36357,0,0,0,16278,0,0,0,3844,0,0,0,505,0,0,0,35,0,0,0,1 # liftE_mix r=0
12249063919,0,-22158229494,0,18186519271,0,-8962535038,0,2955868582,0,-687757004,0,115832871,0,-14236154,0,1267809,0,-79822,0,3374,0,-86,0,1 # liftE_mix r=16
9414881423,0,-17228908074,0,14361660995,0,-7211061032,0,2429076676,0,-578336206,0,99798883,0,-12577096,0,1148927,0,-74200,0,3216,0,-84,0,1 # liftE_mix r=24
67562921791,0,-101653950416,0,70075533565,0,-29267108032,0,8248241926,0,-1652543680,0,241351940,0,-25890496,0,2024635,0,-112560,0,4223,0,-96,0,1 # liftE_mix r=12
1,0,42,0,301,0,952,0,1798,0,2296,0,2108,0,1432,0,725,0,270,0,71,0,12,0,1 # liftE_mix r=0
73458153653,0,108537107742,0,73724918749,0,30425518536,0,8492419770,0,1688320382,0,245048884,0,26156990,0,2037478,0,112934,0,4228,0,96,0,1 # liftE_mix r=0
118649231,0,-317119716,0,384806004,0,-280399561,0,136689541,0,-46974510,0,11672262,0,-2113465,0,276821,0,-25584,0,1584,0,-59,0,1 # liftE_mix r=24
-1,0,-423,0,-1353,0,535,0,8359,0,16785,0,17619,0,11431,0,4823,0,1329,0,231,0,23,0,1 # liftE_mix r=2
1,0,84,0,1141,0,5936,0,15622,0,23792,0,22580,0,13904,0,5645,0,1500,0,251,0,24,0,1 # liftE_mix r=0
30241796311,0,-52027906512,0,40542720925,0,-18914813120,0,5882323750,0,-1284339392,0,201845540,0,-23005376,0,1887395,0,-108720,0,4175,0,-96,0,1 # liftE_mix r=24
211303,0,-666996,0,1038781,0,-1040432,0,742054,0,-395696,0,161540,0,-50864,0,12275,0,-2220,0,287,0,-24,0,1 # liftE_mix r=0
17483311,0,-52274712,0,71566915,0,-59346016,0,33209926,0,-13216160,0,3836220,0,-818528,0,127435,0,-14120,0,1057,0,-48,0,1 # liftE_mix r=12
-53,0,-1422,0,-4701,0,7800,0,65432,0,134694,0,134611,0,73704,0,23807,0,4680,0,552,0,36,0,1 # liftE_mix r=2
211303,0,666996,0,1038781,0,1040432,0,742054,0,395696,0,161540,0,50864,0,12275,0,2220,0,287,0,24,0,1 # liftE_mix r=0
4487977,0,16965936,0,28729766,0,28810080,0,19055062,0,8759608,0,2871309,0,676672,0,113882,0,13360,0,1038,0,48,0,1 # liftE_mix r=0
1325,0,-1250,0,-5899,0,10590,0,-3230,0,-4380,0,3309,0,-86,0,-553,0,142,0,16,0,-10,0,1 # liftE_mix r=16
2131,0,-7642,0,7275,0,2744,0,-6314,0,-120,0,2340,0,72,0,-465,0,-70,0,37,0,12,0,1 # liftE_mix r=12
181,0,-480,0,495,0,-460,0,538,0,-366,0,154,0,-166,0,86,0,-14,0,14,0,-8,0,1 # liftE_mix r=8
5797360321,0,-11200758610,0,9836120031,0,-5191230410,0,1833788528,0,-456737716,0,82239915,0,-10785590,0,1022437,0,-68318,0,3054,0,-82,0,1 # liftE_mix r=24
33331,0,74202,0,104669,0,99736,0,73576,0,42142,0,19613,0,7288,0,2207,0,520,0,96,0,12,0,1 # liftE_mix r=0
216917,0,-345714,0,54287,0,148448,0,-46106,0,-30254,0,9115,0,3928,0,-733,0,-320,0,12,0,12,0,1 # liftE_mix r=12
48845161,0,-122935344,0,144157510,0,-104085520,0,51518785,0,-18412304,0,4871670,0,-961568,0,140545,0,-14840,0,1075,0,-48,0,1 # liftE_mix r=0
-25,0,160,0,-333,0,478,0,259,0,-748,0,392,0,150,0,-235,0,94,0,-8,0,-4,0,1 # liftE_mix r=2
2131,0,0,0,3821,0,0,0,2774,0,0,0,1044,0,0,0,215,0,0,0,23,0,0,0,1 # liftE_mix r=0
2131,0,0,0,-3821,0,0,0,2774,0,0,0,-1044,0,0,0,215,0,0,0,-23,0,0,0,1 # liftE_mix r=12
15879293,0,48554808,0,67667687,0,56909984,0,32204266,0,12929224,0,3778867,0,810592,0,126707,0,14080,0,1056,0,48,0,1 # liftE_mix r=0
56690972183,0,-89569356742,0,64447638512,0,-27923960346,0,8114125168,0,-1665781356,0,247729263,0,-26889358,0,2114114,0,-117412,0,4372,0,-98,0,1 # liftE_mix r=24
442961,0,1847916,0,3505110,0,4002012,0,3066801,0,1663380,0,655330,0,189096,0,39685,0,5910,0,593,0,36,0,1 # liftE_mix r=0
181,0,-19329,0,33897,0,1495,0,-40187,0,30983,0,-3527,0,-7249,0,4885,0,-1521,0,265,0,-25,0,1 # liftE_mix r=20
13421773,0,40936407,0,57243861,0,48529775,0,27780637,0,11312839,0,3360421,0,733663,0,116845,0,13239,0,1013,0,47,0,1 # liftE_mix r=0
27411567481,0,46968517510,0,36504998158,0,17018136174,0,5300115694,0,1161774080,0,183793021,0,21145026,0,1755914,0,102648,0,4010,0,94,0,1 # liftE_mix r=0
16171,0,-44038,0,80984,0,-104350,0,102322,0,-76948,0,44395,0,-19362,0,6254,0,-1448,0,228,0,-22,0,1 # liftE_mix r=0
102727177591,0,159504133954,0,112090292460,0,47141945326,0,13215755104,0,2601855198,0,368902779,0,37958818,0,2813666,0,146548,0,5092,0,106,0,1 # liftE_mix r=0
1298728339,0,-2796850273,0,2744100331,0,-1622170407,0,643570955,0,-180543625,0,36727383,0,-5459399,0,588587,0,-44889,0,2299,0,-71,0,1 # liftE_mix r=24
50607478921,0,-79901669792,0,57552424090,0,-25006711840,0,7299799585,0,-1508181472,0,226137290,0,-24794176,0,1972945,0,-111120,0,4205,0,-96,0,1 # liftE_mix r=24
233,0,3924,0,26466,0,93708,0,192309,0,238644,0,182050,0,86136,0,25675,0,4830,0,557,0,36,0,1 # liftE_mix r=0
60034339,0,-145960296,0,165972781,0,-116601184,0,56330134,0,-19706848,0,5118548,0,-994528,0,143495,0,-15000,0,1079,0,-48,0,1 # liftE_mix r=0
-157,0,0,0,-127,0,0,0,110,0,0,0,165,0,0,0,73,0,0,0,14,0,0,0,1 # liftE_mix r=2
4539829475,0,-9000062100,0,8086390223,0,-4356637772,0,1568410948,0,-397681962,0,72858008,0,-9722086,0,938184,0,-63878,0,2914,0,-80,0,1 # liftE_mix r=16
282062899,0,-662387910,0,713758891,0,-466782020,0,206388601,0,-65010340,0,14961078,0,-2534920,0,313873,0,-27700,0,1654,0,-60,0,1 # liftE_mix r=4
630424679,0,-1552900992,0,1722050144,0,-1135953120,0,496141148,0,-151081092,0,32881305,0,-5153376,0,577378,0,-45120,0,2336,0,-72,0,1 # liftE_mix r=24
6235475,0,-22215160,0,35667647,0,-34123232,0,21666750,0,-9621128,0,3064603,0,-705824,0,116713,0,-13520,0,1042,0,-48,0,1 # liftE_mix r=20
-1,0,1,0,54,0,-86,0,-575,0,71,0,2496,0,3916,0,2804,0,1078,0,226,0,24,0,1 # liftE_mix r=6
1,0,-126,0,2541,0,-18984,0,67462,0,-125928,0,127740,0,-71496,0,23445,0,-4650,0,551,0,-36,0,1 # liftE_mix r=24
-1,0,2,0,23,0,-24,0,-182,0,6,0,459,0,374,0,-13,0,-88,0,-14,0,4,0,1 # liftE_mix r=10
103,0,334,0,432,0,346,0,292,0,228,0,63,0,14,0,50,0,12,0,-4,0,2,0,1 # liftE_mix r=0
863564748983,0,-1079337589584,0,615140759727,0,-211384983046,0,48779442102,0,-7963228458,0,943003783,0,-81617314,0,5124005,0,-227562,0,6786,0,-122,0,1 # liftE_mix r=24
3691,0,36018,0,148491,0,340392,0,480886,0,439128,0,265092,0,106776,0,28695,0,5070,0,565,0,36,0,1 # liftE_mix r=0
1964975,0,-6410280,0,9727028,0,-9088224,0,5827250,0,-2702754,0,930297,0,-239568,0,45838,0,-6360,0,608,0,-36,0,1 # liftE_mix r=4
2114931727,0,4911043222,0,5079675291,0,3095413490,0,1238188394,0,342702376,0,67344195,0,9474710,0,948037,0,65858,0,3018,0,82,0,1 # liftE_mix r=0
