12921173974685083303314650901850308800136610666696933376,-253714857363598082971511932353505836858495319544954880,870729563375281180396514871097870194823840529383424,-1974374175406710189212723281550650037570470150144,406253807741349474652562585883528734479052963840,-3069101946322681864745945329317198394220871680,-23983356432362933608746239862746597369577472,35782153032532042840634034159216735813632,2798942994115547601672583410272335560704,10091147814924022889367323826834112512,-291844859437544113959578495457689600,-567026055594275581114794859560960,7810274929026868700222647697408,119410136675160478445134151680,-177836057603525816868667392,-4888368732788957468688384,-6636108094125954301952,50834380793944473600,667122083083321344,-1980495319531520,539555266560,2701131776,-1441792,0,1 # liftF r=8
1662120479530045459549369633026619636675553372667904,0,0,5593343171237414950152024176309086522664026112,0,0,-28546419875745907582047236508098572058624,0,0,-77319656352438891816717743401467904,0,0,147165568239195949596976087040,0,0,222894026255265574158336,0,0,-184088895376326656,0,0,-195035136,0,0,1 # liftF r=8
-155831247037878256590142293046739919962473448753820860416,3796729510128655533465512610684467905315977012271120384,18925661217204204512803136526392667882219315920896000,-620534670798325905982486672760807600746334982766592,-10110926851231493504198187818237286390191544598528,47158001874889967916486985193966143589027151872,1297981705682112260127533468948856729138888704,-4849089525409164457688796894352180890304512,-47515482204684129317999222952646152290304,8608665932173914994740171335836631040,4271837059862756893720068055424303104,10698495696951170562606613789671424,-125939827915540880440949089501184,-759979731705450291701877833728,-618338403125606322402230272,20458250834483135962415104,37112182945324214517760,-9367487224930631680,-864902234687668224,238181706366976,22548578304,-1526726656,-262144,0,1 # liftF r=8
-174408240452526447778400500594263258160704606175232,0,0,2434491580498152105198382062594455546787528704,0,0,-7077455073573203474279395398890465263616,0,0,-22338531449581622800893254490390528,0,0,81535554459684412789174042624,0,0,67279454977272934563840,0,0,-173959369627533312,0,0,-197132288,0,0,1 # liftF r=8
-88745467068408887750754804370406144482400534528,15182538978188698107300139572597910085128159232,1260188106360326668051722986178513123577692160,31245428763062344150787949664512785197826048,404815306118549553848707705865142462840832,2233694954760531636828048337852509978624,51370232358829560962911552800154451968,-1763357761543877139575580013619052544,-33887048770987785446217152735477760,-690607133836056523197424632594432,-6750844876265784569260637421568,-202056536944385180030159814656,633334277891958880778321920,24049389183776616632811520,-193709259518024001519616,11666520791507741442048,15641705193299509248,-125256364636241920,10213775827271680,-27320286969856,7348420608,201326592,-294912,0,1 # liftF r=8
9138006092205688372525250498541912064,610031022978855749296232922259390464,8671722933472595981217919022399488,4587758240956985494639971529654272,248548714911787224166779293007872,2708042570758872566080439582720,955971623801424682867268517888,41320648876119980466686132224,364185602344639349477343232,104730462529596275394871296,3606668418133317012946944,26362108649189350047744,6327948022985732915200,175091650000351920128,1019401210576240640,198561904371695616,4490459174928384,17076789968896,2444306153472,47093645312,28704768,-3735552,-18432,0,1 # liftF r=8
599246941059348544682940882617368576,-210914747246709292714976631559553024,-50871931495254163438929833944416256,-740028562940669751213283375841280,389797267799636632824681253044224,34729064458892160581538861285376,248848712063992108379476590592,-155352631708780240730471792640,-9963251350056138139167096832,-419244917170720013811712,25685544622557308615917568,1234812204027980124520448,-8153190805339467939840,-2189729338849107116032,-51615544223060721664,935314409574629376,82878594488991744,-122519310827520,-32289429913600,35852910592,246808576,4554752,-34816,0,1 # liftF r=12
75352701226712331785834581027940675429994770464768,773939260672413622424058966629607650527471992832,-6429685004196702724156128860115945393619992576,-591476704684829913885295063007516021087010816,7447513759158861521042940489625311375261696,108277832538892671762597388787200391380992,-3215198075114906687716435890525190488064,-70381703076596009958294618432679706624,579979166918935800498385351931330560,18906777207616695157211922171953152,-268360042089078207136561495015424,-2469392378159798642332187754496,61819350911599567451296104448,667091229251037001529950208,-8541500824306652907831296,-68309121967277905805312,1838677020042181214208,-53128401854136320,-156667350257500160,5579162517504,1409286144,-144703488,-65536,0,1 # liftF r=8
-4246672075156580215429425602261228156987783225312119095296,-753915408430159676039899140524236268186616462011917139968,-12667124023826448636964384461942037702461509996751355904,-10777437170408048364380087895043527385580612985290752,1243412850599202918928941271712351853584721419173888,10760355489885505701804806024356114373611479891968,-2169885449228854482691459009315500365055000576,-586840142432903809110464141790466178860187648,-3484471097421022216653001392231404827312128,4056360753615361869710337596324017340416,127206480205640138992158776218160726016,474849389368177244323043591394951168,-1046120495171212275608966704136192,-13865397654329997006818624143360,-20392091070353942591676874752,104446553303243830113337344,603867750109358321565696,-296703898850609332224,-3914718791719714816,1565017363185664,1010927927296,822083584,-2228224,0,1 # liftF r=12
109939159841749475210622006392697653297152,-53232798160069706042188580418195338297344,3484038331485049824131952266339137093632,-37606001011913031514778653607176699904,-10966423317145233586862128424489582592,573430800830806824467603757348159488,-4283484842644153193868115014844416,-811827460422920245095821775732736,26771708290104972155691229773824,48204519236654408926425513984,-22019492937622927529228632064,150513404364333882558906368,8151182707686518684647424,60109147909746801508352,-9790242373751713824768,-11017212063431786496,7769246468644274176,-23492577755922432,-1639204333289472,5153155448832,1885339648,-37486592,-106496,0,1 # liftF r=10
142662929652609606414898104984675057741949227237376,-2360840514510946255599751895286077980378734264320,-3949596182025286976495965661031195912091729920,-1567219845600529427233735843227824997707808768,18552661452786334743166299002921985092091904,77268137625508047458106132085015673044992,7607413505069910653933259561430736175104,-51306434039421274633593026721234288640,-329656396010513469104154254229110784,-19744002245885594264027574380265472,52072719483906792800390159007744,546589515202177963158847619072,27908306373002168741522309120,6804487379957389723697152,-373719505718309447270400,-20291742740253677453312,-44355249042530238464,74115879805124608,6109024042876928,20980915240960,7348420608,-153092096,-294912,0,1 # liftF r=8
-5597325664815609954560241479290476883537609431915150966784,4531858987699550377710293266801427399070832457657876480,139912453336246607576076940531305664295274688462979072,-8966492935753000317390198331139503778185368026742784,-5488239875493309610246920840564210536551068729344,140250407400659851752508522340507840815745204224,-5571116958511063978813313920305922200639111168,-8048878935174386332399978055440281492258816,43430122351419392814073519990639932997632,-1792103533897302164427350278132692156416,-3168407584223919069142434195634651136,4538939340480868197804786344525824,-316374552339043600469997383581696,-524641315831346918663410155520,46289816856708979795951616,-28290553900739474483052544,-34311484409055050465280,-6124895493223874560,-983051356161966080,-575182020280320,117574729728,-738197504,-1179648,0,1 # liftF r=8
-101678139179758070907766066719013522258181000882978553856,-1886715673576277138660349059922464729314443438810202112,185645378641975883789298641637737810632156442638942208,-551101412126426803484430921597508290439272487452672,41436908811962343770587842474370024937077719695360,-14540592209603944644714921815182590172997877760,1599237885477685762165817384938511612629745664,2391816843299364976450729135689632871088128,-126234208354007288150450985738113092943872,28512037865152543001804696389819564032,-7569737212832214967098167915630821376,-33488139924488621647954758542032896,-169956464001370201220281943457792,-1674492521923324883261628350464,-1737343281356673147771813888,-31287024561328780338003968,-86395506013203779813376,64619899253325561856,-1617874185667739648,825458354552832,178778013696,-1962934272,-917504,0,1 # liftF r=8
-725091191570390076135014636978176,-80830056925099619669263417081856,-247355894099710046178281259008,1290639533614021189882915848192,51776026118182790122962944000,-4028783072797614681870041088,-247533464524198910577606656,55000664556219809421852672,1168943654756368328425472,-357464465424857511755776,-13871843457038525923328,1175038682376863481856,28865540336654483456,-10843330896568778752,75700276060749824,33488237964034048,-1064011575590912,-19581829644288,3347155255296,48440016896,131727360,-4227072,-22528,0,1 # liftF r=8
-34729041908774757339064872207490988556907245499056128,210569817303886717682441309775758931047041378287616,3571716730295659822333419139384218022801664114688,284048273640303462900943003050122808914090131456,-746895640494167024337750371217855927189241856,-23302244783508353491355722273643711535513600,-1012961934991725130470397445631633881300992,-445198604311118514225797427473126785024,47035254830798914305234082259615612928,1829153352366565833578163666277105664,4400243846100376657430510462566400,-29885227149729958028055117037568,-1611347319397994834220134957056,-4598035280238890246127747072,4489572031423944492843008,686690532523770577420288,1427735938943598723072,117375065288343552,-116492844646006784,-6867652706304,872415232,-207618048,-65536,0,1 # liftF r=8
2486977616366092880552166840863664361791751227666688114688,-37749481300893172216417828590564432350537612958118182912,166440233781585998212586671552807542612330657274134528,-3104779770879356739921267120073481004717722294026240,60118694132188001430809449889919181484762037485568,-388697124133671259620693897088873096490887675904,-492946456607516902683697293161740021474000896,6230888156120374807136981297914848024199168,80129978805693671327963826795196098543616,198915777117941045607129997273601146880,-12564114673959133939472257663780257792,57993967663168259686761606986858496,234081603293847988787522215870464,-1716544704327164855446489006080,-2691300270419825155511418880,9055488219039945178742784,220472494778823986905088,-311971101587395313664,-3021035740663382016,4276687915188224,482646949888,-2248146944,-1703936,0,1 # liftF r=8
31698547011112523996395593632589113036676031978852581376,175850434631519568198374215520880426420286201452822528,-1543180168289079590276888422175938727320844366774272,102254804131995319188450633709716716672357786189824,1523336464141558362320611228676266276684950405120,52517819381109958697083383412589378683273216,-136492234001604636420187706894515919225094144,159517993318156184075440077690123591876608,3726053559691233748884846182336229801984,-45396819341638900203013999929407307776,-891149181493593614589021502281089024,-1129338035518952434142773854076928,61210559376781991924007947993088,174808255664636149404163637248,-256959308024006722424143872,-8047484335876160440238080,25978888349697139802112,58301348976124755968,-1315904312215339008,-2038219679989760,539555266560,2768240640,-1441792,0,1 # liftF r=8
-7865605669826179874615191325952375690309293002213969362944,232337469625980281992415068347073891518351200012996706304,-1852361628934406169018692173769209505699867315899727872,-11578071611294683251914329376395484339376255026593792,301760760918898415718671313009986427178499597926400,-1700724905229459551156925668985320117064460926976,-6099367455474853056377488731457752600225513472,135779527870210682334996207173031273930162176,-593301519198588450885899371243174052757504,-1730450992013034163581325698662332891136,27931342653907843908789224986051084288,-86600932295675334047634066897895424,-286641930917838146119238363906048,2813334645038982227280384753664,-4024438495633374608273440768,-24111259563399838468931584,111632813633859584262144,52268777275261976576,-769121577768845312,-388127604604928,1010927927296,1459617792,-2228224,0,1 # liftF r=10
-2015268244618674770528654413721637326741196360384512,-38077686409882951911085171300983551465503072452608,-78789800678507838975760557191053951968984694784,-22730823509537691765396474649885085984054312960,-336698901748639156917513928373374019386212352,-234437603151580343648885580980469723299840,-110273396509145395598772092499255091003392,-1170270266773274124315709956615896563712,165448591655944602876842823219412992,-287645087195206536393349746470682624,-1994936253289197066343711288328192,852980581619674292168261894144,-416133781032459695320048074752,-1701393233488159845847662592,355723553952901172822016,-313230578259185746575360,-635564164225685258240,-234415879041843200,-95907375633924096,-56581899157504,7348420608,-121634816,-294912,0,1 # liftF r=8
20824427853931331121930305536,0,0,-158250319316985068988137472,0,0,-261182801624838094979072,0,0,3747366436941510737920,0,0,-6577769283139403776,0,0,3856932171415552,0,0,-635363655680,0,0,-675840,0,0,1 # liftF r=8
-1515268385555416523556940862976040209116202795008,-831998553898500645691074036161251639446994944000,-1742365498028361103271617097912469225065152512,1848545995546438585567452422143439202093629440,-19395327700709675311281960957473182491607040,-1244242028108881657658653198451576152260608,17011183968155105264098475379061354921984,170420507734928321623848299273782296576,-8274288597354224999400957175817830400,40485588568908997939540408823447552,1516470812980502584950622368301056,-18887264175329607711399566376960,-16587341785870146748389785600,3501719306922675810540191744,-15840214524408373545271296,-155151637265095971569664,2652024157258037329920,-2457065440451493888,-133037745864966144,134797548584960,30165434368,-146800640,-425984,0,1 # liftF r=12
-22523108848631485944232923440004779165266545206666299703296,247356539318703180584281639299671212541798193005284294656,-637546220697858485638379995146423430805314209295892480,28706087754746709447491146872154613827826224939925504,-251514173738038840304193891878588147745104290906112,460721349805853672882521336051812064118869852160,-15095100935693554859750711391291500398389493760,102341413909897511454677247708529454282178560,-133292257136942079291862066711184092954624,4172102384865828937939603857629421502464,-21085722165861174823605839913581281280,20759256679144163193556744542355456,-624344396087852540616052393902080,2336371550144506861323624120320,-1738477829904182580034404352,47165096416262424310579200,-133842765556199922335744,56767873303005102080,-1362462032581885952,3176076775784448,117574729728,-2600468480,-1179648,0,1 # liftF r=8
390479144244922999897938645943836554848894976,-4332884435552527968486608332029883263746048,-778136920941750249678224679427488182435840,-33182421026006217434631601298460469362688,1146987424698784177272383197779287080960,47233718387034011557427165698923167744,549670133148644451447258450692669440,-50766534054021930715687594319937536,-838691223427369865352821535145984,3398651569967468754650680786944,799839862423439417623219011584,5569339513641982421368832000,-143000627728471808643432448,-5132581862931472477847552,-10347240820265455714304,1084811034167332569088,10915010808362565632,-10076474312753152,-2521665493794816,1916360720384,1885339648,30932992,-106496,0,1 # liftF r=10
-5972398216501981130720410599424,-473828480109292911421990895616,29709920545681863696785080320,24764409887178098361342361600,1568174556159849032000208896,-68854249483620252861333504,-39480070569423514015629312,-2122189828296426276257792,56224445116962301804544,31546160521958974816256,1404778109767356776448,-19909672881767841792,-13563113988958453760,-450768912343105536,2775854543273984,3059773356376064,55601992302592,33185333248,-293463916544,-39059456,212992,-606208,-1024,0,1 # liftF r=8
60702756256610250252239926464610304,6920797873067904115724446307713024,170515098951207564444880269737984,89652313986319337534599207059456,13121796298512958259347018743808,538627076407013659928292229120,19765167404962479254276145152,4503904791857707377112383488,335500749289324333328498688,-7293849524273784350048256,-1495357782334342313279488,-23122372199646345822208,1226569010050725052416,-111766465271151198208,-8780376603000569856,245111653278941184,27611865857130496,172634062979072,-21995332829184,-152194514944,117833728,4521984,-26624,0,1 # liftF r=8
159060035767534777662943022975696235673944064,9671363932152924217433500379339752199946240,189603184848025214033042047495713725612032,-1442238985948033713092226879197861117952,54091586479425191966633955153271586816,5570609650941986412422494829265551360,-103264380174921145195828365804699648,-8722600992461559597467864538284032,-54774671033039264509202488360960,2472338228150744589973653028864,-76368695231614662219738906624,-2425212185262573639859961856,56221730639277948695216128,1340998094056520188690432,-12913999873890859352064,-46966070189009928192,11057692233275801600,7882398859526144,-2368975111454720,-1542967001088,1885339648,-36700160,-106496,0,1 # liftF r=8
-95688440394616776172931487505920257949494047416516608,1098066118252524095957779801868401440210018661040128,-5196008154805156998840559661911855424917724987392,-637967412093820243835377481770176513456379789312,6254746368561544081959239874263459230222647296,-23889860300520354528087579774495229866934272,-1771918276711133431846307007397180152479744,14074114800871586453238470488239156232192,-40572222346229795593297496513909358592,-2606514710137482320891902574523842560,15575874749088183661905600279740416,-30010946972489142159820336398336,-2124053156175343628263222149120,8430647117267427354881294336,-8033747276148769858519040,-900179169259641569804288,1764024226718981029888,82049955711156224,-152976839478870016,-8164732829696,1409286144,207618048,-65536,0,1 # liftF r=8
449052469396685468921854549928443904,9671342184034990557875113245540352,-15276245076633655074719625128181760,-1016532683720383539999270689046528,-178969692051999893019773131292672,-26113598919262939769138938118144,-1053112610190112364249661571072,-160747995035335656616390295552,-7304381525629050650550599680,-385122200311383866250100736,-30000523985931115236950016,-634399669595935975931904,-47319447244833879490560,-1931148270106700677120,-16281713319641874432,-2303265753958187008,-38549352263712768,-3263101403136,-37045300887552,-6375342080,43646976,884736,-14336,0,1 # liftF r=8
2345327214487118487152344791083462580396621877150220288,157341612520951680916513199878153239188608557745438720,3217649997334795018092566454109597613247264829997056,-11965687843723591152822404996372204849648852008960,-1347750501473496319892769991369775371975668006912,-13833880178687862806255646895483996680717598720,129974486813248913649664196124680795388379136,3296119891847750512936392962553677453721600,6858776542468065917696250102856047132672,-302475083276118792771308701302829088768,-2137745214446307325427590777031098368,12101807194324527646908412422258688,167732388663915332552024894996480,-68965591231555750529463222272,-6540420910376664185226395648,-9952959211714062283964416,130537051372115940343808,291898558048205012992,-1079597273173721088,-2606529752596480,1080721145856,2499805184,-1966080,0,1 # liftF r=14
336265077587968,0,0,142290672680960,0,0,23863467442176,0,0,2022372802560,0,0,91013505024,0,0,2061160448,0,0,18555904,0,0,9216,0,0,1 # liftF r=8
26485246225659453729542896267964561744912476798976,3195855331309834099830965283967604813252075192320,35140302606392423868751284469737145020876587008,-602661530873745970475488588822842668371410944,-32381836038092459347664858495550918626377728,-139427034084272409815812002864758595256320,4577121883088377955590417790401628864512,108782746656658981932645171362797715456,-72020672583378410830716165647499264,-12793932042648748046322863381151744,-146911363921999117162612451704832,748535133202613500962228142080,16013893017939078555977646080,59317202669467844499996672,-846979948301364848754688,-8994336974205221863424,27288013829679611904,239658350483079168,1691186322472960,-18541373816832,30165434368,98566144,-425984,0,1 # liftF r=12
211508630242313878858002827992149303658283008,-215951356824833651436980646866778469427052544,-109238125993693507417939443226961094778028032,15792972537055270379722477670993581374963712,-601459883510224486612981962068015091548160,5174279588435711776659495506957702266880,180188926918841440046347380424966144,1785528970541868871807757352681078784,33194956109104586466689849153814528,-1013190787213080200610913322008576,-5111531793461790491325665116160,-74495822393382871689156624384,1624821093986096676442472448,39442090308642814883266560,-66589287341577660792832,-2159494035722662313984,-40601920965581996032,-52723781575114752,3150100813578240,6446745911296,872415232,-130023424,-65536,0,1 # liftF r=14
-9057670547760441848002119385219072,-24903392182296137914090702189363200,-2418318961594088580466126419394560,10169483994598260617628352512000,-27229106205092668088998869073920,609668922175893810150989889536,-61004887906073901893523865600,-776171106603506680851333120,126742654402712153310101504,-5932542069395268210524160,564575068339649388740608,6843417792173072973824,782916877483667095552,59780640716227608576,291678444616417280,119094151718371328,2227045769674752,11725260718080,3938015248384,34661728256,28704768,-3997696,-18432,0,1 # liftF r=8
-15640660243806309169188961901809054654423310109357495025664,-539717760615978565627831291922404148584069420943870525440,-4330663888170312331612852705355134283877299628825116672,23664134305947177009677000165181199151520280595136512,656057812420903474645364712917588850563418375061504,3587152572064960797823536780380842066825718005760,-14029274312091676993003262289722955311012118528,-288236438764454101427704613919359548321169408,-1139416003043243234436110385657907284803584,4325547575518402602218387958820688101376,59651804029781710497253402001589403648,155148734934564031899598675614105600,-718509427059255593602128405331968,-6035365703980348777479693926400,-5757502132364947140070342656,59246625426641831755513856,243832125614039465197568,-276903823088874946560,-1791324343972659200,1528458601562112,1010927927296,117440512,-2228224,0,1 # liftF r=10
-62076216952927870357905425643043321945174632187569985552384,1095294285729146220137411195390406513228406503503101427712,-5701975709971163538939633939604397240334637067216617472,-52446869298227077436823765611860258217523691611226112,913055783133628532923706054524618780674239640895488,-3839303039136673920730888955757359644242612322304,-21229049586706748287477665567229506443104223232,305347603381859283416296114792515496711290880,-991837736591588540137390305388171855134720,-4968936356279192723998357473646065221632,51411664884872720526784771796070563840,-121754755205343534846113294258798592,-666616426487692711574850066448384,4458786350923524488507221344256,-6986734127855915789195411456,-46840249253124399106621440,177794078866851953115136,-142018762449314906112,-1332177084306423808,2121782563700736,482646949888,-905969664,-1703936,0,1 # liftF r=8
-214858977305073343982555015988636237668941350543743254528,-9748309091726502309479613319125693404147573127349534720,-91429036184472894897271384784568312396215651785506816,-149131550358681850828160393447498661415327776112640,-8645788711524369254498239670836270144554880991232,-35902920307934680529249884130439918576153395200,273613309817279167120855730063565746104958976,-2925758424610195188185078105154825324855296,20448963234501445748214350799924413595648,77954143237420561567534127693720190976,426887044054557277986321539574792192,8984196330548775957926306564276224,8714474070846155986635686150144,315346788889201501935637626880,1096494537798847944047198208,825325776601839048851456,45675471391994551468032,43230052823129391104,27329461020000256,2075603075334144,117574729728,-2013265920,-1179648,0,1 # liftF r=10
-6048996174921364061691570033074436258353819011249170546688,477639584131346417664543837997662404958975656750248624128,-10902035435656363341795109455334386371517701094656442368,50622584356380854797519392833642607452605062060179456,847964026742221069461545238557974492187613766615040,-9185008575538693306138658426927930063008974241792,11120831634244332241101232246837837212520808448,362750489505619320050313277767302369161248768,-2561249141616333114013470050947893771108352,-983074723144923604222857529385828745216,72031230092560167867890024549829312512,-287705660839268809335580835518087168,-444478483199979907055104697565184,6989206815614744129865045245952,-11283720463273249818743406592,-44521087694689486858354688,259035845610478032125952,-5023765384331788288,-1589084573206052864,-59511066853376,1010927927296,1560281088,-2228224,0,1 # liftF r=14
-490920969299328717951947937387335381527976296315048951808,9272281931929816589088572928576840145532419682844278784,-42229872869027148515593552381869641529697440651804672,-1254838892117994148162468291697625387007814561431552,19137248684065286634684354549013866977936829054976,-54673570787509617315801138811597397748197883904,-1374482658185281860567496444384606578093850624,14847010486197988741093103853005055583059968,-15353219083162395189996739748882288738304,-773241229173480919201573085953734475776,5171991948133021907034672511452184576,5557395086681029120724845641859072,-218951074591813566718235623030784,710272328780355583925483995136,3047471775882440254230102016,-27103782620757370479837184,3657535386974165139456,320451379685733957632,-1092061336986189824,-4344720197156864,482646949888,2734686208,-1703936,0,1 # liftF r=10
-431549659053607621586655084423227908308792510513152,7320433297855067654094123691422304376958283153408,44726725197123893107656789228819051530359406592,7568036986972245103319609448968419606238593024,-117046397797050627456223694737438556595159040,-508147984744779938708237392887400976351232,-55832302841348693720268901678159191080960,634834339850691569526107766465853652992,2376276755033341123949040704394625024,218114839247920450045281619081691136,-1544458722330246763393478832422912,-4585901425194271354168698470400,-453772942653440122705403707392,1730919829922302302546296832,3190027734468721752670208,471099111078684772007936,-678838127145181511680,-423303180600737792,-188554286974631936,-85637352914944,7348420608,-113246208,-294912,0,1 # liftF r=8
-67310659293191077888,361691404423519010816,-449084529248829440000,125293677662842126336,-43881620115214565376,-496259075638558720,2448585182144364544,-1678404431080587264,330990478918942720,-63772958606229504,-3793710252818432,2333269169274880,-777508534353920,44093577101312,2771126321152,-2945724710912,167849033728,936247296,-3970891776,-25583616,13312,86016,-256,0,1 # liftF r=8
