39267170383,0,-64695103984,0,48445831455,0,-21799925056,0,6564553898,0,-1393502432,0,213814490,0,-23893376,0,1930070,0,-109920,0,4190,0,-96,0,1 # liftE_full r=24
5285570753107,0,-5767639968072,0,2862539616611,0,-854311212480,0,170734894516,0,-24069207312,0,2454139666,0,-182351040,0,9799906,0,-371520,0,9432,0,-144,0,1 # liftE_full r=24
2446639106437,0,-2761598891523,0,1425175751118,0,-444662413903,0,93419431360,0,-13922777960,0,1509348891,0,-119925722,0,6931370,0,-284201,0,7847,0,-131,0,1 # liftE_full r=24
6889,0,94454,0,90271,0,-170798,0,-55410,0,60186,0,18838,0,-6972,0,-2922,0,68,0,150,0,22,0,1 # liftE_full r=8
28128047641,0,-48982605008,0,38597603021,0,-18189936480,0,5707872059,0,-1256018304,0,198704904,0,-22770432,0,1876044,0,-108400,0,4171,0,-96,0,1 # liftE_full r=24
431971,0,115604,0,-523147,0,-34008,0,206081,0,-7786,0,-31914,0,1856,0,2305,0,-110,0,-78,0,2,0,1 # liftE_full r=12
629797,0,2026738,0,-747152,0,-1583498,0,768838,0,192976,0,-180249,0,24170,0,8464,0,-3452,0,512,0,-36,0,1 # liftE_full r=16
458771100481,0,-626957055840,0,388328303992,0,-144097197120,0,35666563928,0,-6202241640,0,776863494,0,-70617120,0,4623714,0,-212700,0,6527,0,-120,0,1 # liftE_full r=24
19347400801,0,-35861456256,0,29933311576,0,-14864260608,0,4886897648,0,-1119910176,0,183361158,0,-21608832,0,1819494,0,-106800,0,4151,0,-96,0,1 # liftE_full r=24
50351042112035743,0,-24855088934715650,0,5609344077536002,0,-765296229937458,0,70299482863556,0,-4580473796144,0,217065598805,0,-7538259062,0,190400764,0,-3411084,0,41144,0,-300,0,1 # liftE_full r=24
5530487806711,0,-5989495013544,0,2952165455687,0,-875570853360,0,174013399861,0,-24412623984,0,2478883870,0,-183562080,0,9838441,0,-372240,0,9438,0,-144,0,1 # liftE_full r=24
11946673189854943,0,-6646622552299856,0,1690668577756765,0,-259987078136240,0,26919497993021,0,-1977136987630,0,105620977734,0,-4135111120,0,117752245,0,-2378530,0,32350,0,-266,0,1 # liftE_full r=24
6278955641281,0,-6657232779072,0,3218274972408,0,-937945538688,0,183534966040,0,-25401632688,0,2549672902,0,-187009728,0,9947794,0,-374280,0,9455,0,-144,0,1 # liftE_full r=24
5582103139712191,0,-3313325148152044,0,898947533196941,0,-147414112934546,0,16272808799792,0,-1273901577678,0,72518164746,0,-3024643044,0,91735682,0,-1973108,0,28568,0,-250,0,1 # liftE_full r=24
6755776099453417,0,-3946848623140772,0,1053953651639327,0,-170106367207446,0,18481348500266,0,-1423945993706,0,79779137766,0,-3274925228,0,97757830,0,-2069440,0,29490,0,-254,0,1 # liftE_full r=24
-3989,0,30502,0,-64240,0,18370,0,57402,0,-36652,0,-7839,0,6678,0,760,0,-408,0,-46,0,8,0,1 # liftE_full r=14
20336334599486011,0,-10821498113445274,0,2632821172973509,0,-387263791780860,0,38355710110063,0,-2694780901666,0,137713413342,0,-5157846568,0,140514631,0,-2715490,0,35336,0,-278,0,1 # liftE_full r=24
1660874786677,0,-2014777190514,0,1109915028823,0,-367072336356,0,81154194683,0,-12633811344,0,1419941160,0,-116087664,0,6852024,0,-284790,0,7913,0,-132,0,1 # liftE_full r=24
168342369343,0,-244756843182,0,161851337991,0,-64359387576,0,17138059426,0,-3219334524,0,437419018,0,-43314768,0,3102550,0,-156780,0,5306,0,-108,0,1 # liftE_full r=24
5328092209441,0,-5805847745472,0,2877862975016,0,-857922690048,0,171288759680,0,-24126957648,0,2458285626,0,-182553408,0,9806334,0,-371640,0,9433,0,-144,0,1 # liftE_full r=24
916092938944,0,-1125260488608,0,631612751952,0,-214228150688,0,48902029564,0,-7914892132,0,931386345,0,-80291764,0,5032676,0,-223684,0,6692,0,-121,0,1 # liftE_full r=24
-484301,0,-411470,0,583195,0,473112,0,-138538,0,-131318,0,10625,0,14542,0,31,0,-696,0,-34,0,12,0,1 # liftE_full r=10
502184731231,0,-676020149940,0,412959629497,0,-151327446200,0,37040274155,0,-6378714880,0,792386048,0,-71540320,0,4659254,0,-213500,0,6535,0,-120,0,1 # liftE_full r=24
561222067771,0,-741622374060,0,445398012703,0,-160723145400,0,38805150635,0,-6603313920,0,811996032,0,-72700320,0,4703754,0,-214500,0,6545,0,-120,0,1 # liftE_full r=24
177541608007,0,-255868139970,0,167836273837,0,-66252129156,0,17527201597,0,-3273677964,0,442639322,0,-43655400,0,3117001,0,-157140,0,5310,0,-108,0,1 # liftE_full r=24
1556135182477,0,-1908478519574,0,1061932229273,0,-354391385304,0,78981982046,0,-12381855948,0,1399901910,0,-115008432,0,6814350,0,-284020,0,7906,0,-132,0,1 # liftE_full r=24
109344259291,0,-170811988146,0,120660199997,0,-50937552396,0,14306443595,0,-2815318944,0,397943328,0,-40706496,0,2990994,0,-153990,0,5275,0,-108,0,1 # liftE_full r=24
170521,0,-144274,0,-241859,0,215414,0,64760,0,-85802,0,6426,0,10684,0,-2738,0,-200,0,160,0,-22,0,1 # liftE_full r=16
6371977206337,0,-6739321282752,0,3250670559752,0,-945473749632,0,184675686648,0,-25519393872,0,2558060730,0,-187416768,0,9960674,0,-374520,0,9457,0,-144,0,1 # liftE_full r=24
1971888496795981,0,-1280877038431376,0,380064354906763,0,-68118215966678,0,8213188296206,0,-701836144402,0,43583788254,0,-1981804684,0,65488750,0,-1533760,0,24166,0,-230,0,1 # liftE_full r=24
6006626809471,0,-6415740823848,0,3122555665015,0,-915616443408,0,180140370155,0,-25050235392,0,2524589376,0,-185790528,0,9909174,0,-373560,0,9449,0,-144,0,1 # liftE_full r=24
149093141401,0,-221169582486,0,148980506079,0,-60242118156,0,16283198875,0,-3098976624,0,425782504,0,-42551856,0,3070084,0,-155970,0,5297,0,-108,0,1 # liftE_full r=24
119183621761,0,-183526756704,0,127938291680,0,-53365939776,0,14829159300,0,-2891135916,0,405446754,0,-41206896,0,3012524,0,-154530,0,5281,0,-108,0,1 # liftE_full r=24
17499792493,0,-33001867184,0,27984515451,0,-14095251744,0,4692542153,0,-1087063840,0,179602982,0,-21321280,0,1805401,0,-106400,0,4146,0,-96,0,1 # liftE_full r=24
115826336641,0,-179208131616,0,125476544544,0,-52547604480,0,14653574284,0,-2865735828,0,402938206,0,-41039856,0,3005344,0,-154350,0,5279,0,-108,0,1 # liftE_full r=24
87558561133,0,-141971287518,0,103785931875,0,-45197208828,0,13050126163,0,-2630586564,0,379464350,0,-39464568,0,2937295,0,-152640,0,5260,0,-108,0,1 # liftE_full r=24
17290039104751771,0,-9316103804164824,0,2295502486512825,0,-342024800151874,0,34320908689588,0,-2443502807318,0,126563235938,0,-4805312132,0,132731786,0,-2601228,0,34332,0,-274,0,1 # liftE_full r=24
485190218611,0,-656977669180,0,403473126259,0,-148561672280,0,36517847807,0,-6311924360,0,786533406,0,-71193200,0,4645915,0,-213200,0,6532,0,-120,0,1 # liftE_full r=24
-32780096,0,165106464,0,-171469984,0,61238752,0,8135440,0,-15510824,0,6579903,0,-1580145,0,243596,0,-24674,0,1596,0,-60,0,1 # liftE_full r=22
21250043767,0,-38789869232,0,31918669291,0,-15644019424,0,5083162967,0,-1152966304,0,187133262,0,-21896896,0,1833595,0,-107200,0,4156,0,-96,0,1 # liftE_full r=24
2062557875281,0,-2413322473474,0,1286215196719,0,-412847135844,0,88877680475,0,-13518565456,0,1489623464,0,-119813584,0,6981484,0,-287430,0,7937,0,-132,0,1 # liftE_full r=24
5574625272091,0,-6028859985816,0,2967847744529,0,-879245299728,0,174574097835,0,-24470843904,0,2483049792,0,-183764928,0,9844874,0,-372360,0,9439,0,-144,0,1 # liftE_full r=24
95747828197,0,-152951358546,0,110283781433,0,-47429786376,0,13542887246,0,-2703544452,0,386801430,0,-39959568,0,2958750,0,-153180,0,5266,0,-108,0,1 # liftE_full r=24
542590567471,0,-721123991660,0,435353163583,0,-157836848400,0,38266715210,0,-6535183640,0,806074394,0,-72351200,0,4690390,0,-214200,0,6542,0,-120,0,1 # liftE_full r=24
709171,0,380918,0,-637269,0,-255542,0,214982,0,55050,0,-33090,0,-4780,0,2446,0,168,0,-82,0,-2,0,1 # liftE_full r=12
746446283584,0,-932901211872,0,532783304272,0,-183857686432,0,42699366364,0,-7030859668,0,841662585,0,-73806796,0,4705556,0,-212716,0,6472,0,-119,0,1 # liftE_full r=24
30232319041,0,-52016971648,0,40537307128,0,-18913312512,0,5882069240,0,-1284312352,0,201843782,0,-23005312,0,1887394,0,-108720,0,4175,0,-96,0,1 # liftE_full r=24
618815819077,0,-804599799660,0,476091483583,0,-169500981360,0,40436078534,0,-6809001240,0,829827354,0,-73749600,0,4743870,0,-215400,0,6554,0,-120,0,1 # liftE_full r=24
20106122401,0,-37029757568,0,30725764136,0,-15175652352,0,4965310880,0,-1133122272,0,184869306,0,-21724032,0,1825134,0,-106960,0,4153,0,-96,0,1 # liftE_full r=24
21699738061,0,-39459182512,0,32358879355,0,-15812346720,0,5124572699,0,-1159811200,0,187903064,0,-21955072,0,1836424,0,-107280,0,4157,0,-96,0,1 # liftE_full r=24
2117161706353,0,-2466610198998,0,1309437947533,0,-418797647796,0,89870358779,0,-13631211924,0,1498429218,0,-120281832,0,6997695,0,-287760,0,7940,0,-132,0,1 # liftE_full r=24
138943203631,0,-208598861322,0,142055666893,0,-58008529440,0,15816175156,0,-3032842932,0,419359550,0,-42129360,0,3052066,0,-155520,0,5292,0,-108,0,1 # liftE_full r=24
27123474511,0,-47520247152,0,37654872535,0,-17835760992,0,5622046955,0,-1242006528,0,197144256,0,-22653312,0,1870374,0,-108240,0,4169,0,-96,0,1 # liftE_full r=24
5247970522081,0,-5732999813184,0,2848334750296,0,-850897727232,0,170202668048,0,-24012951984,0,2450057478,0,-182150208,0,9793494,0,-371400,0,9431,0,-144,0,1 # liftE_full r=24
356703839806021,0,-267956034735330,0,91895141842211,0,-19025587389340,0,2648472498804,0,-261159125790,0,18705215633,0,-980512662,0,37333813,0,-1006992,0,18264,0,-200,0,1 # liftE_full r=24
63673,0,72500,0,-93963,0,-81296,0,54671,0,25986,0,-13266,0,-3088,0,1423,0,138,0,-64,0,-2,0,1 # liftE_full r=12
-15539,0,7472,0,314987,0,421974,0,-13714,0,-239662,0,-90210,0,14732,0,16750,0,4480,0,582,0,38,0,1 # liftE_full r=6
6606960915241,0,-6946251525816,0,3332181477085,0,-964384674096,0,187537197553,0,-25814459088,0,2579058314,0,-188435040,0,9992881,0,-375120,0,9462,0,-144,0,1 # liftE_full r=24
696735459841,0,-888090485440,0,516048324272,0,-180746604000,0,42497083100,0,-7065994680,0,851907378,0,-75040320,0,4793004,0,-216500,0,6565,0,-120,0,1 # liftE_full r=24
23792583871,0,-42619468304,0,34464702881,0,-16626872640,0,5326925450,0,-1193529120,0,191718822,0,-22244736,0,1850550,0,-107680,0,4162,0,-96,0,1 # liftE_full r=24
