2079672333326,0,-2430238612384,0,1293670437572,0,-414776080972,0,89202125429,0,-13555631452,0,1492536342,0,-119969080,0,6986881,0,-287540,0,7938,0,-132,0,1 # liftE_full r=24
63932467574392,0,-59129797687680,0,24718214097248,0,-6162581113920,0,1019690433836,0,-117960250592,0,9785988160,0,-586947600,0,25277018,0,-762768,0,15320,0,-184,0,1 # liftE_full r=20
-602798,0,363344,0,1804460,0,-2133176,0,360285,0,462988,0,-251212,0,34196,0,7708,0,-3428,0,512,0,-36,0,1 # liftE_full r=18
-92095048,0,-272897664,0,-49521152,0,168237344,0,-24310740,0,-32145248,0,17583360,0,-4273360,0,601994,0,-52112,0,2736,0,-80,0,1 # liftE_full r=14
30671159969786638,0,-15789115288061744,0,3715436023920740,0,-528472218125812,0,50603889448245,0,-3436607152228,0,169726889120,0,-6142242788,0,161651776,0,-3017332,0,37916,0,-288,0,1 # liftE_full r=24
496104531662,0,-669298618880,0,409652456144,0,-150373936520,0,36861906413,0,-6356095880,0,790416798,0,-71424080,0,4654801,0,-213400,0,6534,0,-120,0,1 # liftE_full r=24
33287821777694408,0,-17355078664538624,0,4122076794627408,0,-589757189197248,0,56607033517804,0,-3839943967296,0,188759160240,0,-6774528016,0,176171158,0,-3237120,0,39892,0,-296,0,1 # liftE_full r=24
57170412536493704,0,-28332999722458976,0,6403715136206400,0,-872774795226864,0,79885461553612,0,-5172944683328,0,242982754880,0,-8341259904,0,207680470,0,-3657160,0,43232,0,-308,0,1 # liftE_full r=24
107601613982,0,-168584832432,0,119398599916,0,-50520630564,0,14217459805,0,-2802504852,0,396682406,0,-40622760,0,2987401,0,-153900,0,5274,0,-108,0,1 # liftE_full r=24
2364872,0,6008384,0,1182160,0,-5641568,0,-3247956,0,379392,0,436048,0,10736,0,-18506,0,-1520,0,228,0,32,0,1 # liftE_full r=8
144047112434613911,0,-65992783225012964,0,13791231947550174,0,-1738378641346860,0,147194937180919,0,-8819947735080,0,383473635804,0,-12188817304,0,281088433,0,-4586340,0,50254,0,-332,0,1 # liftE_full r=24
3993593476,0,2504052552,0,-3013367920,0,333303492,0,467833453,0,-247901292,0,62618014,0,-9791272,0,1015135,0,-70468,0,3170,0,-84,0,1 # liftE_full r=12
669137355236,0,-859858369280,0,503115896064,0,-177250857760,0,41879131444,0,-6991297200,0,845650420,0,-74681520,0,4779519,0,-216200,0,6562,0,-120,0,1 # liftE_full r=20
10581724798608356,0,-5962191764874256,0,1535161951371976,0,-238856110083368,0,25011546568356,0,-1856952576240,0,100232091432,0,-3963130380,0,113924239,0,-2321940,0,31850,0,-264,0,1 # liftE_full r=24
2378394677116,0,-2720323847472,0,1419523157736,0,-446895684576,0,94541920696,0,-14159830784,0,1539659064,0,-122470568,0,7073387,0,-289300,0,7954,0,-132,0,1 # liftE_full r=20
1868292334274,0,-2222593606552,0,1202645513096,0,-391331670268,0,85273795913,0,-13108225900,0,1457460894,0,-118099960,0,6922081,0,-286220,0,7926,0,-132,0,1 # liftE_full r=24
22053675074,0,-40013151296,0,32739790020,0,-15963709728,0,5163032585,0,-1166336992,0,188651882,0,-22012480,0,1839241,0,-107360,0,4158,0,-96,0,1 # liftE_full r=24
5784818297729,0,-6218140283616,0,3043910915444,0,-897204349056,0,177332646808,0,-24758849520,0,2503747726,0,-184776000,0,9877006,0,-372960,0,9444,0,-144,0,1 # liftE_full r=24
130945515625,0,-200727262500,0,138798828750,0,-57287181500,0,15729373375,0,-3028872040,0,419707036,0,-42195544,0,3056535,0,-155668,0,5294,0,-108,0,1 # liftE_full r=24
225351224721404,0,-178624647506392,0,64487375278050,0,-14019870903644,0,2044026103877,0,-210515762114,0,15702761223,0,-854647596,0,33680846,0,-937166,0,17474,0,-196,0,1 # liftE_full r=24
7795685653768,0,-7897010974048,0,4020071205072,0,-1261643059008,0,262147978780,0,-37538441312,0,3792507664,0,-272943520,0,13929742,0,-493112,0,11524,0,-160,0,1 # liftE_full r=20
-2832056,0,16972192,0,5075184,0,-12244896,0,695644,0,2775200,0,-860432,0,-42176,0,63838,0,-13048,0,1228,0,-56,0,1 # liftE_full r=14
5993864,0,-20146912,0,-33302400,0,-9717552,0,4677772,0,2480064,0,-29472,0,-164000,0,-18890,0,2520,0,640,0,44,0,1 # liftE_full r=8
-199280008,0,169349760,0,21108448,0,-54424960,0,10334636,0,4327392,0,-1770240,0,83920,0,58778,0,-13232,0,1240,0,-56,0,1 # liftE_full r=14
520308196,0,335307808,0,-256185268,0,-101070744,0,38525917,0,6464180,0,-2441182,0,-49636,0,49251,0,-852,0,-382,0,8,0,1 # liftE_full r=12
-21879304,0,9030688,0,55849360,0,-3943568,0,-22610548,0,7894944,0,660208,0,-897712,0,222394,0,-27608,0,1892,0,-68,0,1 # liftE_full r=14
1769508936353,0,-2124231946232,0,1159000354068,0,-379969997616,0,83352610160,0,-12887762140,0,1440073886,0,-117169360,0,6889726,0,-285560,0,7920,0,-132,0,1 # liftE_full r=24
7046282977774,0,-7345019455228,0,3493772577914,0,-1002890174168,0,193513769795,0,-26445971500,0,2625074300,0,-190718752,0,10066775,0,-376528,0,9474,0,-144,0,1 # liftE_full r=20
200310488338,0,-283446140184,0,182722781088,0,-70967660436,0,18497862765,0,-3409347024,0,455679768,0,-44506656,0,3153124,0,-158040,0,5320,0,-108,0,1 # liftE_full r=20
29425995758,0,-50941163688,0,39877682240,0,-18667281200,0,5820233377,0,-1273424732,0,200495418,0,-22890448,0,1881007,0,-108512,0,4172,0,-96,0,1 # liftE_full r=24
254,0,246304,0,-567124,0,81068,0,325981,0,-167452,0,-7256,0,22692,0,-4808,0,-188,0,188,0,-24,0,1 # liftE_full r=16
24676265297,0,-43939082944,0,35335312172,0,-16960712704,0,5409254528,0,-1207165792,0,193254930,0,-22360960,0,1856206,0,-107840,0,4164,0,-96,0,1 # liftE_full r=24
4877254183396,0,-5397702741504,0,2713082716224,0,-818860639680,0,165268459764,0,-23496674400,0,2412891564,0,-180332448,0,9735679,0,-370320,0,9422,0,-144,0,1 # liftE_full r=24
1675126819742,0,-2029389847408,0,1116570538076,0,-368844905836,0,81459810605,0,-12669447868,0,1422787206,0,-116241400,0,6857401,0,-284900,0,7914,0,-132,0,1 # liftE_full r=24
49390337273,0,-77972266160,0,56215562288,0,-24470439008,0,7161355630,0,-1484085492,0,223268608,0,-24563200,0,1960896,0,-110752,0,4200,0,-96,0,1 # liftE_full r=16
150937578446,0,-223500252096,0,150287248852,0,-60670065348,0,16373832229,0,-3111945588,0,427052342,0,-42635880,0,3073681,0,-156060,0,5298,0,-108,0,1 # liftE_full r=24
76622311,0,-40745168,0,-47637534,0,10965144,0,11787063,0,13024,0,-1184556,0,-188208,0,26113,0,10352,0,1154,0,56,0,1 # liftE_full r=8
7391737740676,0,-7631581522176,0,3600104284512,0,-1026129567168,0,196826339700,0,-26767702368,0,2646633036,0,-191702688,0,10096039,0,-377040,0,9478,0,-144,0,1 # liftE_full r=20
2079666560834,0,-2430235241192,0,1293669628032,0,-414775978716,0,89202118265,0,-13555631188,0,1492536338,0,-119969080,0,6986881,0,-287540,0,7938,0,-132,0,1 # liftE_full r=24
80292257011204,0,-69139658724904,0,27146810407816,0,-6425185148316,0,1020723418669,0,-114630842220,0,9328782974,0,-554134440,0,23836119,0,-723812,0,14722,0,-180,0,1 # liftE_full r=20
181136006401,0,-261761418880,0,171803125184,0,-67743508496,0,17879783216,0,-3328976140,0,448502336,0,-44072128,0,3136064,0,-157648,0,5316,0,-108,0,1 # liftE_full r=20
1763890762006702,0,-1156969094324848,0,346624422041360,0,-62722009402328,0,7634715929341,0,-658585504420,0,41282626384,0,-1894688140,0,63189256,0,-1493460,0,23744,0,-228,0,1 # liftE_full r=24
355448715652,0,-507840259200,0,327453268960,0,-125947469600,0,32172194740,0,-5748428080,0,736605268,0,-68207920,0,4530599,0,-210600,0,6506,0,-120,0,1 # liftE_full r=24
2143262702116,0,-2494104980928,0,1322207894320,0,-422246551056,0,90470901988,0,-13701723112,0,1504087180,0,-120588424,0,7008439,0,-287980,0,7942,0,-132,0,1 # liftE_full r=20
795086806190656,0,-581336922335360,0,192867837270976,0,-38381970305792,0,5101411266240,0,-476919190144,0,32146384464,0,-1573530352,0,55491952,0,-1374480,0,22688,0,-224,0,1 # liftE_full r=24
6422023066418591,0,-3858543087249492,0,1055650776525502,0,-173876289860788,0,19200419361623,0,-1497268178648,0,84532748332,0,-3480870616,0,103734025,0,-2181412,0,30718,0,-260,0,1 # liftE_full r=24
330091679006,0,-477696510880,0,311617102744,0,-121110027720,0,31221370693,0,-5622830000,0,725314900,0,-67525760,0,4504072,0,-210000,0,6500,0,-120,0,1 # liftE_full r=24
107600299394,0,-168583803912,0,119398274504,0,-50520577428,0,14217455089,0,-2802504636,0,396682402,0,-40622760,0,2987401,0,-153900,0,5274,0,-108,0,1 # liftE_full r=24
216388272242,0,-300881872944,0,191142048100,0,-73350236404,0,18935168205,0,-3463695500,0,460306170,0,-44772584,0,3162980,0,-158252,0,5322,0,-108,0,1 # liftE_full r=16
-171214,0,-126272,0,348692,0,64592,0,-209051,0,28940,0,34444,0,-9324,0,-1436,0,652,0,-16,0,-12,0,1 # liftE_full r=14
-338698688,0,691888384,0,-544973928,0,180467904,0,7497292,0,-29147616,0,11967378,0,-2682744,0,380033,0,-34956,0,2032,0,-68,0,1 # liftE_full r=22
127743945422,0,-194495522688,0,134168751668,0,-55430588772,0,15270965173,0,-2954905164,0,411733690,0,-41625000,0,3030481,0,-154980,0,5286,0,-108,0,1 # liftE_full r=24
127745377634,0,-194496611688,0,134169088216,0,-55430642772,0,15270969913,0,-2954905380,0,411733694,0,-41625000,0,3030481,0,-154980,0,5286,0,-108,0,1 # liftE_full r=24
6322724946137,0,-6696342627744,0,3233880330044,0,-941606801472,0,184094259820,0,-25459757424,0,2553834814,0,-187212480,0,9954226,0,-374400,0,9456,0,-144,0,1 # liftE_full r=24
6584231,0,49030004,0,-268655826,0,27353340,0,254976919,0,163608200,0,50782844,0,9324024,0,1079233,0,79540,0,3614,0,92,0,1 # liftE_full r=4
-91678,0,343144,0,-200872,0,-207916,0,147709,0,39836,0,-31280,0,-2652,0,2596,0,52,0,-88,0,0,0,1 # liftE_full r=14
22054271006,0,-40013690752,0,32739986552,0,-15963746464,0,5163036293,0,-1166337184,0,188651886,0,-22012480,0,1839241,0,-107360,0,4158,0,-96,0,1 # liftE_full r=24
1971622919609,0,-2324561944408,0,1247527311860,0,-402932649856,0,87223560500,0,-13330846276,0,1474948338,0,-119033200,0,6954466,0,-286880,0,7932,0,-132,0,1 # liftE_full r=24
438169908687518,0,-324372621731056,0,109579927941112,0,-22337945785808,0,3060365740341,0,-296864988756,0,20907052200,0,-1077102540,0,40287856,0,-1066980,0,18992,0,-204,0,1 # liftE_full r=24
38392425118,0,-64105211052,0,48445925754,0,-21923617320,0,6620655123,0,-1406430348,0,215632188,0,-24055872,0,1939127,0,-110208,0,4194,0,-96,0,1 # liftE_full r=20
