117241727398,0,-181096405740,0,126587726242,0,-52927195212,0,14736897295,0,-2878013052,0,404168018,0,-41122584,0,3008923,0,-154440,0,5280,0,-108,0,1 # liftE_full r=24
1673913371729974,0,-1107812261878956,0,334584700570914,0,-60981102908616,0,7470137022565,0,-647956654320,0,40807722640,0,-1880192508,0,62899984,0,-1490052,0,23726,0,-228,0,1 # liftE_full r=24
51162307951222081,0,-25818670911164252,0,5932905644372308,0,-820831855643876,0,76146485366579,0,-4989473223880,0,236767824168,0,-8197768216,0,205519603,0,-3637996,0,43156,0,-308,0,1 # liftE_full r=24
232710761344,0,-279371481472,0,172150716896,0,-68825207200,0,19028564436,0,-3725870048,0,522229260,0,-52477416,0,3745414,0,-185184,0,6026,0,-116,0,1 # liftE_full r=16
8836,0,194488,0,-129152,0,-177776,0,115948,0,40372,0,-27600,0,-3100,0,2509,0,64,0,-88,0,0,0,1 # liftE_full r=12
1430112162502,0,-1781740800268,0,1005220176118,0,-339524021100,0,76453523249,0,-12090375616,0,1376833472,0,-113770624,0,6771244,0,-283140,0,7898,0,-132,0,1 # liftE_full r=24
7066756192372,0,-7353154303104,0,3493131102512,0,-1001855365440,0,193223169884,0,-26402096448,0,2620948968,0,-190469088,0,10057269,0,-376320,0,9472,0,-144,0,1 # liftE_full r=20
566705341837,0,-747814868000,0,448502880200,0,-161633085680,0,38977741142,0,-6625450040,0,813940434,0,-72815840,0,4708198,0,-214600,0,6546,0,-120,0,1 # liftE_full r=24
135838,0,173896,0,-566942,0,5516,0,442877,0,-224320,0,-88,0,25332,0,-5840,0,-56,0,182,0,-24,0,1 # liftE_full r=16
757027812214,0,-953514807720,0,547694390386,0,-189732425000,0,44155870625,0,-7274027200,0,869859920,0,-76093120,0,4833164,0,-217400,0,6574,0,-120,0,1 # liftE_full r=16
10590026654962246,0,-5965881117761168,0,1535886493589242,0,-238938660542868,0,25017561179897,0,-1857243248960,0,100241410724,0,-3963321548,0,113926516,0,-2321952,0,31850,0,-264,0,1 # liftE_full r=24
1971145430686,0,-2324187805412,0,1247400378978,0,-402908303028,0,87220673315,0,-13330629532,0,1474938278,0,-119032936,0,6954463,0,-286880,0,7932,0,-132,0,1 # liftE_full r=24
665852368294,0,-856982493160,0,502028320258,0,-177018879560,0,41848611989,0,-6988761200,0,845520420,0,-74677760,0,4779472,0,-216200,0,6562,0,-120,0,1 # liftE_full r=20
880225103941684,0,-614273463516472,0,195647874018496,0,-37607871737296,0,4859245838260,0,-444617118340,0,29541034776,0,-1436056628,0,50692957,0,-1267264,0,21296,0,-216,0,1 # liftE_full r=24
37894877974,0,-62979705884,0,47490994984,0,-21487819286,0,6498088797,0,-1383845800,0,212842794,0,-23826348,0,1927030,0,-109838,0,4189,0,-96,0,1 # liftE_full r=24
4430755793086,0,-4985528046576,0,2543749850986,0,-778101863280,0,158904261437,0,-22823182944,0,2363972844,0,-177924096,0,9658752,0,-368880,0,9410,0,-144,0,1 # liftE_full r=24
150850906573,0,-223415112528,0,150251161184,0,-60661449000,0,16372565158,0,-3111828084,0,427045630,0,-42635664,0,3073678,0,-156060,0,5298,0,-108,0,1 # liftE_full r=24
605135938966,0,-789837954520,0,468982138926,0,-167489040120,0,40065608003,0,-6762626120,0,825830702,0,-73515440,0,4734943,0,-215200,0,6552,0,-120,0,1 # liftE_full r=24
2253278876404,0,-2601404213408,0,1368925635040,0,-434204088208,0,92463366476,0,-13927572208,0,1521725184,0,-121525624,0,7040869,0,-288640,0,7948,0,-132,0,1 # liftE_full r=20
108610359793,0,-159979406776,0,107663664992,0,-43768128822,0,11968925363,0,-2319164586,0,326448231,0,-33629598,0,2516019,0,-133304,0,4747,0,-102,0,1 # liftE_full r=16
463386301486,0,-632352579080,0,391119118154,0,-144937812920,0,35829783323,0,-6223583480,0,778766658,0,-70731440,0,4628143,0,-212800,0,6528,0,-120,0,1 # liftE_full r=24
82834444342,0,-136162492452,0,100633427718,0,-44201294820,0,12846873649,0,-2602511424,0,376798912,0,-39292416,0,2930044,0,-152460,0,5258,0,-108,0,1 # liftE_full r=24
24502,0,78784,0,-22706,0,-145620,0,71849,0,35848,0,-20980,0,-2900,0,2116,0,72,0,-82,0,0,0,1 # liftE_full r=12
75769179841,0,-126365261184,0,94667635696,0,-42102169632,0,12374511732,0,-2531499156,0,369574974,0,-38801088,0,2908640,0,-151920,0,5252,0,-108,0,1 # liftE_full r=24
10582452563927278,0,-5962686587392624,0,1535288091291646,0,-238873325099644,0,25012979373973,0,-1857029245096,0,100234753704,0,-3963188564,0,113924968,0,-2321944,0,31850,0,-264,0,1 # liftE_full r=24
80523133990782121,0,-39103521284017876,0,8649056020914632,0,-1152048644507872,0,102911577343411,0,-6494317096296,0,296834496560,0,-9899825952,0,239071627,0,-4076180,0,46568,0,-320,0,1 # liftE_full r=24
1764328073106532,0,-1157226030226408,0,346688998656520,0,-62731215090320,0,7635541329116,0,-658633971956,0,41284495388,0,-1894733868,0,63189901,0,-1493464,0,23744,0,-228,0,1 # liftE_full r=24
117240353998,0,-181095346980,0,126587395262,0,-52927141644,0,14736892567,0,-2878012836,0,404168014,0,-41122584,0,3008923,0,-154440,0,5280,0,-108,0,1 # liftE_full r=24
194525022352,0,-276236079696,0,178731475432,0,-69675018008,0,18226574144,0,-3370785052,0,451918910,0,-44258074,0,3142463,0,-157772,0,5317,0,-108,0,1 # liftE_full r=24
10315344864814006,0,-5837260329128200,0,1508873390610646,0,-235587748179204,0,24745673582729,0,-1842165847768,0,99662691812,0,-3948139948,0,113666020,0,-2319312,0,31838,0,-264,0,1 # liftE_full r=24
169514578996,0,-246945116880,0,163416645624,0,-64965099312,0,17282551444,0,-3241863432,0,439764020,0,-43476552,0,3109657,0,-156960,0,5308,0,-108,0,1 # liftE_full r=20
406474053454,0,-568590067640,0,359369498982,0,-135687759560,0,34083933989,0,-6000557200,0,759237020,0,-69573760,0,4583672,0,-211800,0,6518,0,-120,0,1 # liftE_full r=24
242644,0,11832,0,-795264,0,276496,0,420260,0,-275580,0,17256,0,25108,0,-6563,0,64,0,176,0,-24,0,1 # liftE_full r=16
30674279662,0,-52679558560,0,40975146842,0,-19081207648,0,5923436027,0,-1291155040,0,202613538,0,-23063488,0,1890223,0,-108800,0,4176,0,-96,0,1 # liftE_full r=24
48337981204,0,-77267826176,0,56194435936,0,-24596076160,0,7218850484,0,-1497253120,0,225106800,0,-24726592,0,1969969,0,-111040,0,4204,0,-96,0,1 # liftE_full r=16
88516,0,286888,0,20032,0,-379472,0,-93404,0,133132,0,42240,0,-12076,0,-5615,0,-176,0,164,0,24,0,1 # liftE_full r=8
-156362,0,847988,0,1624750,0,-2361408,0,377405,0,585320,0,-323944,0,53468,0,4984,0,-3228,0,506,0,-36,0,1 # liftE_full r=18
-589449011,0,7686937820,0,-2271375151,0,-2129466062,0,1713699325,0,-581199686,0,118613919,0,-16033112,0,1479925,0,-92832,0,3802,0,-92,0,1 # liftE_full r=14
177974043021,0,-256797026838,0,168532543701,0,-66527069346,0,17593525440,0,-3284109912,0,443735428,0,-43731908,0,3120412,0,-157228,0,5311,0,-108,0,1 # liftE_full r=24
63697134218644,0,-55970630421392,0,22442682436488,0,-5427715991176,0,881394314429,0,-101189690358,0,8416713471,0,-510707876,0,22418821,0,-693744,0,14351,0,-178,0,1 # liftE_full r=16
150852464101,0,-223416263952,0,150251508976,0,-60661503864,0,16372569922,0,-3111828300,0,427045634,0,-42635664,0,3073678,0,-156060,0,5298,0,-108,0,1 # liftE_full r=24
53372358454,0,-83905023968,0,60102705662,0,-25950326304,0,7524799601,0,-1544361984,0,230115456,0,-25089792,0,1987164,0,-111520,0,4210,0,-96,0,1 # liftE_full r=16
-365507759,0,492285612,0,-157596312,0,-54258344,0,38041795,0,-2465944,0,-2138944,0,424160,0,9779,0,-10308,0,1176,0,-56,0,1 # liftE_full r=10
4059928,0,-21218600,0,24850160,0,10261676,0,-10948843,0,-528468,0,1014456,0,-30540,0,-28966,0,2300,0,224,0,-32,0,1 # liftE_full r=8
19646146726,0,-36346417376,0,30277580814,0,-15004856928,0,4923445907,0,-1126226080,0,184096046,0,-21665728,0,1822303,0,-106880,0,4152,0,-96,0,1 # liftE_full r=24
29487661,0,112659092,0,-86420876,0,-18213080,0,23655387,0,-2539608,0,-1502360,0,368112,0,2607,0,-9196,0,1140,0,-56,0,1 # liftE_full r=12
5284697023318,0,-5766997744176,0,2862335863426,0,-854274786960,0,170730882403,0,-24068928528,0,2454127730,0,-182350752,0,9799903,0,-371520,0,9432,0,-144,0,1 # liftE_full r=24
495913602637,0,-669127578400,0,409586451720,0,-150359615280,0,36859996382,0,-6355935560,0,790408526,0,-71423840,0,4654798,0,-213400,0,6534,0,-120,0,1 # liftE_full r=24
466835838004,0,-602855418660,0,356330901286,0,-127455794650,0,30722750747,0,-5256912956,0,654642671,0,-59772986,0,3970994,0,-187174,0,5941,0,-114,0,1 # liftE_full r=16
39361226164,0,-65143134848,0,48901900712,0,-22022786688,0,6628585076,0,-1405235520,0,215228508,0,-24005184,0,1935657,0,-110080,0,4192,0,-96,0,1 # liftE_full r=20
5853927965993614,0,-3475372177865340,0,942340254761142,0,-154314674240680,0,16997797638137,0,-1326790023168,0,75253911252,0,-3125044996,0,94299004,0,-2016484,0,29006,0,-252,0,1 # liftE_full r=24
82504141414,0,-135832748796,0,100492010658,0,-44167251924,0,12841839781,0,-2602042920,0,376772092,0,-39291552,0,2930032,0,-152460,0,5258,0,-108,0,1 # liftE_full r=24
666538963702,0,-857616124120,0,502278790606,0,-177074262440,0,41856104561,0,-6989396480,0,845553408,0,-74678720,0,4779484,0,-216200,0,6562,0,-120,0,1 # liftE_full r=20
50091485138608696,0,-25328673530834560,0,5832866540412824,0,-808828983865808,0,75209050964164,0,-4939666262432,0,234944361600,0,-8152339808,0,204782446,0,-3630960,0,43126,0,-308,0,1 # liftE_full r=24
138856689646,0,-208513800108,0,142019593298,0,-57999914172,0,15814908115,0,-3032725428,0,419352838,0,-42129144,0,3052063,0,-155520,0,5292,0,-108,0,1 # liftE_full r=24
27525543373,0,-48134650240,0,38067922328,0,-17996567488,0,5662182302,0,-1248716128,0,197905266,0,-22711168,0,1873198,0,-108320,0,4170,0,-96,0,1 # liftE_full r=24
24650800198,0,-43908875872,0,35319991142,0,-16956379360,0,5408507783,0,-1207085536,0,193249674,0,-22360768,0,1856203,0,-107840,0,4164,0,-96,0,1 # liftE_full r=24
1674698341837,0,-2029044894800,0,1116450725328,0,-368821469016,0,81456987662,0,-12669233500,0,1422777182,0,-116241136,0,6857398,0,-284900,0,7914,0,-132,0,1 # liftE_full r=24
232656884212,0,-321355687968,0,202584569600,0,-77094766512,0,19730553356,0,-3578379120,0,471681648,0,-45539496,0,3196629,0,-159120,0,5332,0,-108,0,1 # liftE_full r=16
1769075213398,0,-2123883829540,0,1158879761522,0,-379946460388,0,83349780095,0,-12887547508,0,1440063858,0,-117169096,0,6889723,0,-285560,0,7920,0,-132,0,1 # liftE_full r=24
