127790379217,0,-194543747028,0,134190195906,0,-55435916376,0,15271773474,0,-2954981844,0,411738134,0,-41625144,0,3030483,0,-154980,0,5286,0,-108,0,1 # liftE_full r=24
867021,0,283392,0,-813960,0,-144240,0,265653,0,22716,0,-38526,0,-1296,0,2640,0,24,0,-84,0,0,0,1 # liftE_full r=12
84561,0,-236520,0,62730,0,176400,0,-55734,0,-51456,0,10702,0,7176,0,-621,0,-476,0,-6,0,12,0,1 # liftE_full r=12
-160047,0,312660,0,-75834,0,-172092,0,88857,0,26400,0,-19940,0,-1404,0,1812,0,20,0,-72,0,0,0,1 # liftE_full r=14
496604908801,0,-669748780800,0,409826826240,0,-150411890720,0,36866981268,0,-6356522640,0,790438844,0,-71424720,0,4654809,0,-213400,0,6534,0,-120,0,1 # liftE_full r=24
-107963,0,-48840,0,1136394,0,374944,0,-1150176,0,-589476,0,140876,0,180348,0,59511,0,10076,0,954,0,48,0,1 # liftE_full r=6
28477,0,106572,0,-309546,0,31396,0,274173,0,-148944,0,-15472,0,27996,0,-6324,0,-4,0,180,0,-24,0,1 # liftE_full r=16
1841708760706621,0,-1199354066884608,0,356987667405444,0,-64219868569612,0,7776440766093,0,-667758048576,0,41693863170,0,-1907299248,0,63442416,0,-1496464,0,23760,0,-228,0,1 # liftE_full r=24
222286110447421,0,-173406412489344,0,61780628773824,0,-13292421389744,0,1923555920445,0,-197235810876,0,14693827010,0,-801367152,0,31753872,0,-891544,0,16836,0,-192,0,1 # liftE_full r=24
1869503820801,0,-2223554699520,0,1202975109072,0,-391395462480,0,85281415284,0,-13108800936,0,1457487676,0,-118100664,0,6922089,0,-286220,0,7926,0,-132,0,1 # liftE_full r=24
1778789513435617,0,-1165185989759976,0,348666816200280,0,-63023231404652,0,7663899119193,0,-660525500640,0,41372208194,0,-1897524240,0,63248148,0,-1494184,0,23748,0,-228,0,1 # liftE_full r=24
6049493940781,0,-6454192226832,0,3137953520022,0,-919240831008,0,180695622294,0,-25108080336,0,2528739338,0,-185992992,0,9915603,0,-373680,0,9450,0,-144,0,1 # liftE_full r=24
5050347827977,0,-5552839467504,0,2775132763626,0,-833445451872,0,167499530562,0,-23728776048,0,2429522942,0,-181143072,0,9761403,0,-370800,0,9426,0,-144,0,1 # liftE_full r=24
-330807,0,658656,0,225882,0,-483360,0,-114624,0,119556,0,33900,0,-10548,0,-4281,0,36,0,174,0,24,0,1 # liftE_full r=10
940632389926309,0,-649260066436728,0,204734635139370,0,-39001573231760,0,4999046805048,0,-454200445092,0,29995701696,0,-1450798644,0,51005595,0,-1271180,0,21318,0,-216,0,1 # liftE_full r=24
150998940721,0,-223559673516,0,150312114510,0,-60675937272,0,16374688050,0,-3112024428,0,427056826,0,-42636024,0,3073683,0,-156060,0,5298,0,-108,0,1 # liftE_full r=24
84561,0,71604,0,-144846,0,-57624,0,77922,0,13212,0,-16890,0,-1008,0,1587,0,24,0,-66,0,0,0,1 # liftE_full r=12
-23319,0,136944,0,270522,0,-89472,0,-145422,0,43320,0,22126,0,-7656,0,-1053,0,524,0,-6,0,-12,0,1 # liftE_full r=14
6154681496685697,0,-3623080731001080,0,974906795741976,0,-158559359196276,0,17359984810641,0,-1347929827128,0,76108654946,0,-3148684368,0,94726980,0,-2021064,0,29028,0,-252,0,1 # liftE_full r=24
5533023608641,0,-5991319547136,0,2952733749984,0,-875670904512,0,174024287268,0,-24413373792,0,2478915788,0,-183562848,0,9838449,0,-372240,0,9438,0,-144,0,1 # liftE_full r=24
605506306497,0,-790157430000,0,469101433500,0,-167514220200,0,40068893505,0,-6762897480,0,825844558,0,-73515840,0,4734948,0,-215200,0,6552,0,-120,0,1 # liftE_full r=24
1972878686461,0,-2325549264192,0,1247863277796,0,-402997253516,0,87231237033,0,-13331423424,0,1474975152,0,-119033904,0,6954474,0,-286880,0,7932,0,-132,0,1 # liftE_full r=24
151163884801,0,-223723700352,0,150382391184,0,-60692869296,0,16377196020,0,-3112258248,0,427070228,0,-42636456,0,3073689,0,-156060,0,5298,0,-108,0,1 # liftE_full r=24
22117043521,0,-40089613824,0,32779162464,0,-15974988928,0,5164996068,0,-1166549568,0,188665868,0,-22012992,0,1839249,0,-107360,0,4158,0,-96,0,1 # liftE_full r=24
19726764301,0,-36445608576,0,30329538216,0,-15019956512,0,4926104265,0,-1126516224,0,184115232,0,-21666432,0,1822314,0,-106880,0,4152,0,-96,0,1 # liftE_full r=24
3470758228506241,0,-2140697596232964,0,603650790770514,0,-102907526224136,0,11812029019122,0,-961721935212,0,56952144390,0,-2471638512,0,78017907,0,-1746824,0,26334,0,-240,0,1 # liftE_full r=24
30782000701,0,-52802830080,0,41035742448,0,-19097903392,0,5926254345,0,-1291453440,0,202632896,0,-23064192,0,1890234,0,-108800,0,4176,0,-96,0,1 # liftE_full r=24
117504984097,0,-181367446680,0,126707418576,0,-52956772164,0,14741366793,0,-2878435872,0,404192480,0,-41123376,0,3008934,0,-154440,0,5280,0,-108,0,1 # liftE_full r=24
567457876801,0,-748476892800,0,448754367840,0,-161686940320,0,38984849508,0,-6626042160,0,813970836,0,-72816720,0,4708209,0,-214600,0,6546,0,-120,0,1 # liftE_full r=24
1676253268801,0,-2030299888320,0,1116887597232,0,-368907087824,0,81467315940,0,-12670018680,0,1422813924,0,-116242104,0,6857409,0,-284900,0,7914,0,-132,0,1 # liftE_full r=24
2080015498401,0,-2430502580484,0,1293758558190,0,-414792754728,0,89204081250,0,-13555777092,0,1492543066,0,-119969256,0,6986883,0,-287540,0,7938,0,-132,0,1 # liftE_full r=24
206497,0,119760,0,-277596,0,-80832,0,122697,0,16092,0,-22814,0,-1104,0,1908,0,24,0,-72,0,0,0,1 # liftE_full r=12
3417049954827297,0,-2113111591121520,0,597293690305284,0,-102041979062928,0,11734922127897,0,-957025828812,0,56754120226,0,-2465929776,0,77910228,0,-1745624,0,26328,0,-240,0,1 # liftE_full r=24
6325466442301,0,-6698277037440,0,3234472766928,0,-941709644208,0,184105326345,0,-25460513280,0,2553866816,0,-187213248,0,9954234,0,-374400,0,9456,0,-144,0,1 # liftE_full r=24
27625764097,0,-48251427840,0,38126238144,0,-18012848768,0,5664959508,0,-1249012416,0,197924580,0,-22711872,0,1873209,0,-108320,0,4170,0,-96,0,1 # liftE_full r=24
50670073833126697,0,-24986254703786760,0,5633560350452538,0,-767940081757600,0,70488508229385,0,-4589721307536,0,217379099204,0,-7545531084,0,190511220,0,-3412076,0,41148,0,-300,0,1 # liftE_full r=24
3412371216143553,0,-2111134794192900,0,596924814055446,0,-102002090136468,0,11732168368857,0,-956900016000,0,56750317900,0,-2465856516,0,77909412,0,-1745620,0,26328,0,-240,0,1 # liftE_full r=24
1873854019960957,0,-1216734733018752,0,361204021887882,0,-64824189776384,0,7833112676262,0,-671391407928,0,41855143766,0,-1912193592,0,63539595,0,-1497604,0,23766,0,-228,0,1 # liftE_full r=24
127947859201,0,-194702175360,0,134258761872,0,-55452576240,0,15274257684,0,-2955214584,0,411751516,0,-41625576,0,3030489,0,-154980,0,5286,0,-108,0,1 # liftE_full r=24
50166554202593209,0,-24779627572919868,0,5595511690849482,0,-763799961207392,0,70193713794096,0,-4575368688060,0,216895213248,0,-7534376292,0,190342947,0,-3410576,0,41142,0,-300,0,1 # liftE_full r=24
18515832448237809,0,-9934046252097840,0,2436733363306374,0,-361342110358632,0,36077893761897,0,-2555085211416,0,131612370252,0,-4968108972,0,136397208,0,-2656116,0,34824,0,-276,0,1 # liftE_full r=24
5787402112801,0,-6219990635040,0,3044484913068,0,-897305062320,0,177343576809,0,-24759600768,0,2503779664,0,-184776768,0,9877014,0,-372960,0,9444,0,-144,0,1 # liftE_full r=24
107782203201,0,-168773492160,0,119482983792,0,-50541707376,0,14220671940,0,-2802810600,0,396700164,0,-40623336,0,2987409,0,-153900,0,5274,0,-108,0,1 # liftE_full r=24
139749,0,92340,0,-912726,0,226560,0,531048,0,-12732,0,-118400,0,-23532,0,6315,0,3136,0,498,0,36,0,1 # liftE_full r=8
646103858761,0,-834061158840,0,490286738742,0,-173519888080,0,41176367202,0,-6901697400,0,837817890,0,-74217840,0,4761723,0,-215800,0,6558,0,-120,0,1 # liftE_full r=24
472901892688261,0,-345619371699864,0,115409744662074,0,-23282782729552,0,3160528935294,0,-304122366672,0,21271020374,0,-1089578184,0,40567563,0,-1070684,0,19014,0,-204,0,1 # liftE_full r=24
28477,0,39552,0,-67392,0,-39312,0,46461,0,10620,0,-12094,0,-912,0,1296,0,24,0,-60,0,0,0,1 # liftE_full r=12
22067616997,0,-40030557600,0,32749013850,0,-15966414272,0,5163511854,0,-1166389536,0,188655366,0,-22012608,0,1839243,0,-107360,0,4158,0,-96,0,1 # liftE_full r=24
6068136893676621,0,-3580653065555304,0,965576963568042,0,-157347500650608,0,17257019141862,0,-1341950297472,0,75868290822,0,-3142080360,0,94608291,0,-2019804,0,29022,0,-252,0,1 # liftE_full r=24
81380487133436613,0,-38567058202624716,0,8357244648468894,0,-1094941061379732,0,96601451081517,0,-6046061314464,0,275260717536,0,-9184937436,0,222939516,0,-3838716,0,44508,0,-312,0,1 # liftE_full r=24
1806988774873753,0,-1180823414358828,0,352544145273690,0,-63589496026128,0,7717857240192,0,-664031591916,0,41529572668,0,-1902342588,0,63344487,0,-1495320,0,23754,0,-228,0,1 # liftE_full r=24
-106523,0,-427212,0,1137006,0,1114460,0,-949875,0,-785328,0,14280,0,149340,0,55668,0,9836,0,948,0,48,0,1 # liftE_full r=6
3364033309919101,0,-2085809575946148,0,590987417087778,0,-101181610695448,0,11658143794062,0,-952343012940,0,56556430814,0,-2460225840,0,77802579,0,-1744424,0,26322,0,-240,0,1 # liftE_full r=24
17513272297,0,-33018815136,0,27993560106,0,-14097921088,0,4693017762,0,-1087116192,0,179606462,0,-21321408,0,1805403,0,-106400,0,4146,0,-96,0,1 # liftE_full r=24
6051452400897,0,-6455591032320,0,3138386451264,0,-919316647872,0,180703837908,0,-25108644384,0,2528763300,0,-185993568,0,9915609,0,-373680,0,9450,0,-144,0,1 # liftE_full r=24
496218586861,0,-669403742280,0,409694016714,0,-150383134960,0,36863152374,0,-6356201640,0,790422294,0,-71424240,0,4654803,0,-213400,0,6534,0,-120,0,1 # liftE_full r=24
1770682648897,0,-2125170475560,0,1159324431936,0,-380033083276,0,83360179593,0,-12888335328,0,1440100640,0,-117170064,0,6889734,0,-285560,0,7920,0,-132,0,1 # liftE_full r=24
127800399021,0,-194551368588,0,134192551662,0,-55436294376,0,15271806654,0,-2954983356,0,411738162,0,-41625144,0,3030483,0,-154980,0,5286,0,-108,0,1 # liftE_full r=24
605925241741,0,-790524090720,0,469240102536,0,-167543805800,0,40072787145,0,-6763221120,0,825861152,0,-73516320,0,4734954,0,-215200,0,6552,0,-120,0,1 # liftE_full r=24
10790392499918461,0,-6060065302343040,0,1555787814460656,0,-241427890074088,0,25221651058101,0,-1868703720324,0,100687760994,0,-3975226224,0,114134592,0,-2324104,0,31860,0,-264,0,1 # liftE_full r=24
