1110251,0,15388,0,-964389,0,40646,0,289646,0,-18050,0,-39093,0,2354,0,2585,0,-118,0,-82,0,2,0,1 # liftE_full r=12
469378879111,0,-639000827580,0,394399797379,0,-145885903600,0,36007463590,0,-6246146960,0,780733116,0,-70847600,0,4632595,0,-212900,0,6529,0,-120,0,1 # liftE_full r=24
917118077413513,0,-635735708593624,0,201246139182167,0,-38470139342066,0,4946096659065,0,-450594935536,0,29825783496,0,-1445326114,0,50890321,0,-1269746,0,21310,0,-216,0,1 # liftE_full r=24
438321373073,0,-603568884120,0,376459779006,0,-140580181480,0,34992910537,0,-6115120360,0,769160006,0,-70157200,0,4605965,0,-212300,0,6523,0,-120,0,1 # liftE_full r=24
1691775451081,0,-2045938097676,0,1123900233190,0,-370749668300,0,81781379365,0,-12706297516,0,1425690030,0,-116396632,0,6862795,0,-285010,0,7915,0,-132,0,1 # liftE_full r=24
753642501184,0,-940436356992,0,536323140768,0,-184840200848,0,42877804624,0,-7053017134,0,843567805,0,-73918813,0,4709866,0,-212814,0,6473,0,-119,0,1 # liftE_full r=24
522596217231479,0,-379337842738678,0,125771935618709,0,-25186575460374,0,3392865921316,0,-323897838708,0,22468892097,0,-1141215226,0,42119951,0,-1101682,0,19384,0,-206,0,1 # liftE_full r=24
5744530097461,0,-6181536620664,0,3029086483845,0,-893680608288,0,176788320406,0,-24701755680,0,2499629700,0,-184574304,0,9870585,0,-372840,0,9443,0,-144,0,1 # liftE_full r=24
525211014329,0,-701737365540,0,425734102677,0,-155042355440,0,37740462886,0,-6468072240,0,800205204,0,-72003600,0,4677045,0,-213900,0,6539,0,-120,0,1 # liftE_full r=24
1600882390691,0,-1953921115938,0,1082456601579,0,-359818299368,0,79911991702,0,-12489765464,0,1408486820,0,-115470872,0,6830495,0,-284350,0,7909,0,-132,0,1 # liftE_full r=24
149120751313,0,-221197011012,0,148992246902,0,-60244944660,0,16283617265,0,-3099015612,0,425784738,0,-42551928,0,3070085,0,-155970,0,5297,0,-108,0,1 # liftE_full r=24
5768799683040575,0,-3405353739859170,0,919306079543759,0,-150075757110434,0,16500551657886,0,-1287227746268,0,73058206559,0,-3039609510,0,92007145,0,-1976018,0,28582,0,-250,0,1 # liftE_full r=24
926955924544,0,-1136161024128,0,636521867488,0,-215534833072,0,49129681224,0,-7942018266,0,933625185,0,-80418147,0,5037346,0,-223786,0,6693,0,-121,0,1 # liftE_full r=24
6096614990129,0,-6495680035152,0,3154290637134,0,-923029632432,0,181268684169,0,-25167147696,0,2532941222,0,-186196704,0,9922045,0,-373800,0,9451,0,-144,0,1 # liftE_full r=24
271231,0,942154,0,245185,0,-1023698,0,145941,0,286064,0,-120722,0,-3790,0,13459,0,-3874,0,526,0,-36,0,1 # liftE_full r=16
272791,0,1167292,0,-3337487,0,1307418,0,2340760,0,-3007894,0,1636789,0,-519570,0,104375,0,-13482,0,1088,0,-50,0,1 # liftE_full r=20
185832881181,0,-263401212258,0,170289151524,0,-66400045461,0,17392262355,0,-3223985580,0,433691594,0,-42659385,0,3045315,0,-153874,0,5224,0,-107,0,1 # liftE_full r=24
25741,0,-412650,0,802546,0,-182050,0,-299342,0,64996,0,51465,0,-4190,0,-4398,0,-232,0,134,0,22,0,1 # liftE_full r=12
23581,0,96382,0,-251670,0,12350,0,189182,0,-69212,0,-25359,0,17186,0,-1526,0,-832,0,246,0,-26,0,1 # liftE_full r=16
1990653798223,0,-2342978284482,0,1255491133339,0,-404959087016,0,87559561414,0,-13368779512,0,1477901460,0,-119189752,0,6959875,0,-286990,0,7933,0,-132,0,1 # liftE_full r=24
44990117619121,0,-39810961885620,0,16111444437124,0,-3943023894302,0,649916333307,0,-76003684437,0,6465957114,0,-403194195,0,18288679,0,-588479,0,12750,0,-167,0,1 # liftE_full r=24
50505832301992393,0,-24918871778537322,0,5621147938150187,0,-766588187929786,0,70392099790585,0,-4585017647952,0,217220104440,0,-7541854542,0,190455565,0,-3411578,0,41146,0,-300,0,1 # liftE_full r=24
589159,0,-818582,0,-174756,0,477950,0,10940,0,-105002,0,-981,0,10850,0,370,0,-532,0,-36,0,10,0,1 # liftE_full r=12
29058259526123075,0,-14988403460347980,0,3535694037425609,0,-504381275450858,0,48461117876004,0,-3303771148106,0,163868975549,0,-5958445038,0,157630111,0,-2958878,0,37408,0,-286,0,1 # liftE_full r=24
135263167129,0,-203950991142,0,139449686971,0,-57154791384,0,15635268532,0,-3006941346,0,416822059,0,-41961384,0,3044873,0,-155340,0,5290,0,-108,0,1 # liftE_full r=24
5491730070553,0,-5954002388976,0,2937689730026,0,-872108891952,0,173475829649,0,-24355997136,0,2474785770,0,-183360864,0,9832025,0,-372120,0,9437,0,-144,0,1 # liftE_full r=24
2087231052075625,0,-1342844187121850,0,394998042806866,0,-70244113375250,0,8411155799260,0,-714436729990,0,44138955109,0,-1998523134,0,65818082,0,-1537592,0,24186,0,-230,0,1 # liftE_full r=24
2017457748339461,0,-1305404871134046,0,385985762932998,0,-68962528784434,0,8291928891414,0,-706854681378,0,43805162245,0,-1988478094,0,65620322,0,-1535292,0,24174,0,-230,0,1 # liftE_full r=24
88777015779425,0,-74719824942820,0,28729713173168,0,-6672643200440,0,1042553879237,0,-115435788849,0,9287209800,0,-546994388,0,23405733,0,-709546,0,14464,0,-178,0,1 # liftE_full r=24
39965320381193,0,-35831359496870,0,14684800735699,0,-3637539279535,0,606518556911,0,-71710665441,0,6164350186,0,-388153943,0,17767327,0,-576525,0,12587,0,-166,0,1 # liftE_full r=24
646028393737,0,-833996354040,0,490262636102,0,-173514817840,0,41175707446,0,-6901643020,0,837815117,0,-74217760,0,4761722,0,-215800,0,6558,0,-120,0,1 # liftE_full r=24
16943491953763363,0,-9160650351348846,0,2264214559149259,0,-338304091248626,0,34031406315766,0,-2428102705120,0,125996044371,0,-4791030646,0,132496509,0,-2598938,0,34322,0,-274,0,1 # liftE_full r=24
5128967773775,0,-5624592247200,0,2804315871548,0,-840409058976,0,168578893550,0,-23842315656,0,2437731177,0,-181545792,0,9774238,0,-371040,0,9428,0,-144,0,1 # liftE_full r=24
860003,0,470556,0,-708103,0,-276118,0,224052,0,53882,0,-33139,0,-4434,0,2383,0,158,0,-80,0,-2,0,1 # liftE_full r=12
-28211,0,-84362,0,135069,0,316798,0,-3830,0,-206196,0,-72603,0,19658,0,17519,0,4542,0,584,0,38,0,1 # liftE_full r=6
6372324301591,0,-6739565416776,0,3250745123043,0,-945486663456,0,184677073702,0,-25519488480,0,2558064732,0,-187416864,0,9960675,0,-374520,0,9457,0,-144,0,1 # liftE_full r=24
-90481,0,327118,0,114669,0,-532906,0,152516,0,157468,0,-92343,0,3866,0,9191,0,-3118,0,464,0,-34,0,1 # liftE_full r=18
1955418203311,0,-2308367481662,0,1240319512981,0,-401051583592,0,86904832678,0,-13294211656,0,1472055548,0,-118878232,0,6949075,0,-286770,0,7931,0,-132,0,1 # liftE_full r=24
502248867121,0,-676077490760,0,412981719738,0,-151332232520,0,37040911813,0,-6378768360,0,792388806,0,-71540400,0,4659255,0,-213500,0,6535,0,-120,0,1 # liftE_full r=24
6978285081371423,0,-4054625440292542,0,1077382480698909,0,-173116326024662,0,18734431411364,0,-1438498127020,0,80358623577,0,-3290705498,0,98039063,0,-2072402,0,29504,0,-254,0,1 # liftE_full r=24
-82624,0,-151232,0,101344,0,202472,0,-58788,0,-66984,0,10194,0,9256,0,-433,0,-564,0,-18,0,12,0,1 # liftE_full r=10
22070315596,0,-40032996192,0,32749900726,0,-15966579808,0,5163528547,0,-1166390400,0,188655384,0,-22012608,0,1839243,0,-107360,0,4158,0,-96,0,1 # liftE_full r=24
7162406315001,0,-7436173547376,0,3525384750930,0,-1009249158204,0,194331666447,0,-26515745952,0,2629023323,0,-190861768,0,10069783,0,-376556,0,9474,0,-144,0,1 # liftE_full r=24
772968273664,0,-970048153920,0,555357703376,0,-191826711552,0,44530208388,0,-7319819964,0,873747047,0,-76319388,0,4841812,0,-217596,0,6576,0,-120,0,1 # liftE_full r=24
127793993044,0,-194546486916,0,134191040510,0,-55436051628,0,15271785331,0,-2954982384,0,411738144,0,-41625144,0,3030483,0,-154980,0,5286,0,-108,0,1 # liftE_full r=24
2553414963344,0,-2885146775280,0,1489066127656,0,-464209684048,0,97359152808,0,-14472914060,0,1563727902,0,-123734600,0,7116791,0,-290180,0,7962,0,-132,0,1 # liftE_full r=16
463681850719,0,-632622284880,0,391224887044,0,-144961073280,0,35832918832,0,-6223848720,0,778780412,0,-70731840,0,4628148,0,-212800,0,6528,0,-120,0,1 # liftE_full r=24
39228181,0,1418956,0,-30726738,0,-7004216,0,5820287,0,1932960,0,-312452,0,-175448,0,-8149,0,4596,0,790,0,48,0,1 # liftE_full r=8
3313808072055196,0,-2060035633770076,0,585042285681838,0,-100369927370752,0,11585509087543,0,-947891794492,0,56367260606,0,-2454721104,0,77697620,0,-1743240,0,26316,0,-240,0,1 # liftE_full r=24
-8896,0,-72544,0,-42208,0,202984,0,-34172,0,-68184,0,9778,0,9416,0,-505,0,-580,0,-18,0,12,0,1 # liftE_full r=10
1784208601934164,0,-1168008568776616,0,349316059252014,0,-63109815384612,0,7671278910035,0,-660942481400,0,41387830206,0,-1897898512,0,63253352,0,-1494216,0,23748,0,-228,0,1 # liftE_full r=24
2180703222716,0,-2530418196284,0,1337949401430,0,-426262098020,0,91138321407,0,-13777236836,0,1509976786,0,-120901088,0,7019252,0,-288200,0,7944,0,-132,0,1 # liftE_full r=20
107644920044,0,-168630565356,0,119419245106,0,-50525826444,0,14218256347,0,-2802580992,0,396686840,0,-40622904,0,2987403,0,-153900,0,5274,0,-108,0,1 # liftE_full r=24
5286219129839,0,-5768104066464,0,2862683487548,0,-854336437248,0,170737630144,0,-24069395232,0,2454147652,0,-182351232,0,9799908,0,-371520,0,9432,0,-144,0,1 # liftE_full r=24
1868598534884,0,-2222835877196,0,1202728402302,0,-391347681252,0,85275705211,0,-13108369824,0,1457467592,0,-118100136,0,6922083,0,-286220,0,7926,0,-132,0,1 # liftE_full r=24
138993158879,0,-208649779128,0,142077947324,0,-58013991648,0,15816995296,0,-3032920152,0,419364004,0,-42129504,0,3052068,0,-155520,0,5292,0,-108,0,1 # liftE_full r=24
1769798950039,0,-2124464547128,0,1159080878388,0,-379985705792,0,83354498056,0,-12887905272,0,1440080572,0,-117169536,0,6889728,0,-285560,0,7920,0,-132,0,1 # liftE_full r=24
150995088436,0,-223556814396,0,150311248378,0,-60675800364,0,16374676147,0,-3112023888,0,427056816,0,-42636024,0,3073683,0,-156060,0,5298,0,-108,0,1 # liftE_full r=24
123356,0,-217676,0,-498938,0,354968,0,220239,0,-190860,0,6078,0,23536,0,-5860,0,-24,0,180,0,-24,0,1 # liftE_full r=16
22069125004,0,-40031917664,0,32749507686,0,-15966506336,0,5163521131,0,-1166390016,0,188655376,0,-22012608,0,1839243,0,-107360,0,4158,0,-96,0,1 # liftE_full r=24
567049498924,0,-748117191560,0,448617575978,0,-161657619640,0,38980976491,0,-6625719360,0,813954256,0,-72816240,0,4708203,0,-214600,0,6546,0,-120,0,1 # liftE_full r=24
25649660221663936,0,-13588296500704960,0,3282907492907200,0,-478276181675936,0,46794446102848,0,-3239063099168,0,162638156176,0,-5968431944,0,158864960,0,-2990948,0,37804,0,-288,0,1 # liftE_full r=24
6306004921124,0,-6684470109456,0,3230224723702,0,-940969424784,0,184025437459,0,-25455044880,0,2553634962,0,-187207680,0,9954176,0,-374400,0,9456,0,-144,0,1 # liftE_full r=20
1923805636,0,-5878004936,0,7489858144,0,-5270753652,0,2296750089,0,-658199220,0,128262536,0,-17255564,0,1601202,0,-100516,0,4072,0,-96,0,1 # liftE_full r=16
1675411582684,0,-2029619283076,0,1116650282546,0,-368860513604,0,81461691379,0,-12669590736,0,1422793888,0,-116241576,0,6857403,0,-284900,0,7914,0,-132,0,1 # liftE_full r=24
925230552637564,0,-640279839818404,0,202387053209562,0,-38639191413176,0,4962463532179,0,-451676473716,0,29875169182,0,-1446864208,0,50921576,0,-1270120,0,21312,0,-216,0,1 # liftE_full r=24
-23284,0,-130328,0,-78406,0,309228,0,-36169,0,-93632,0,9886,0,11600,0,-388,0,-640,0,-24,0,12,0,1 # liftE_full r=10
5531136918124,0,-5989959378576,0,2952309361926,0,-875596080144,0,174016135531,0,-24412811904,0,2478891856,0,-183562272,0,9838443,0,-372240,0,9438,0,-144,0,1 # liftE_full r=24
2302100185744,0,-2646557647536,0,1387643464044,0,-438786834684,0,93197698937,0,-14008089788,0,1527846454,0,-121844360,0,7051751,0,-288860,0,7950,0,-132,0,1 # liftE_full r=20
6071848221209024,0,-3582667506715936,0,966043337804032,0,-157408642813224,0,17262056295428,0,-1342221959576,0,75877912018,0,-3142296616,0,94611095,0,-2019820,0,29022,0,-252,0,1 # liftE_full r=24
43069238160499664,0,-21800252870175136,0,5034514692247984,0,-701406681966800,0,65654682068376,0,-4349683671432,0,209128431476,0,-7351704164,0,187532937,0,-3385048,0,41038,0,-300,0,1 # liftE_full r=24
117362330119,0,-181220346648,0,126642367180,0,-52940677824,0,14738932312,0,-2878205400,0,404179140,0,-41122944,0,3008928,0,-154440,0,5280,0,-108,0,1 # liftE_full r=24
107647547564,0,-168632621964,0,119419895906,0,-50525932716,0,14218265779,0,-2802581424,0,396686848,0,-40622904,0,2987403,0,-153900,0,5274,0,-108,0,1 # liftE_full r=24
81400990436,0,-133894598076,0,99104722890,0,-43619270508,0,12707690959,0,-2580602868,0,374494126,0,-39132000,0,2922956,0,-152280,0,5256,0,-108,0,1 # liftE_full r=24
847996,0,2486732,0,-10996030,0,13049712,0,-6785925,0,1211756,0,395166,0,-280912,0,74528,0,-11144,0,984,0,-48,0,1 # liftE_full r=20
30722313439,0,-52734804032,0,41002419204,0,-19088748032,0,5924712304,0,-1291290432,0,202622332,0,-23063808,0,1890228,0,-108800,0,4176,0,-96,0,1 # liftE_full r=24
6323403898399,0,-6696822853728,0,3234027706884,0,-941632428288,0,184097021104,0,-25459946208,0,2553842812,0,-187212672,0,9954228,0,-374400,0,9456,0,-144,0,1 # liftE_full r=24
88563626416,0,-143810101872,0,105129727832,0,-45734474160,0,13182655072,0,-2651873148,0,381733426,0,-39623832,0,2944367,0,-152820,0,5262,0,-108,0,1 # liftE_full r=24
496231330324,0,-669412321560,0,409696370878,0,-150383471480,0,36863178787,0,-6356202720,0,790422312,0,-71424240,0,4654803,0,-213400,0,6534,0,-120,0,1 # liftE_full r=24
-90964,0,409232,0,692126,0,-1225124,0,128963,0,418576,0,-207170,0,21808,0,9488,0,-3560,0,516,0,-36,0,1 # liftE_full r=18
6893795039624,0,-7198019380224,0,3431058678912,0,-987263512128,0,190991082060,0,-26169912576,0,2604313760,0,-189658368,0,10031544,0,-375840,0,9468,0,-144,0,1 # liftE_full r=24
5531146681913,0,-5989964600592,0,2952310510326,0,-875596213008,0,174016144059,0,-24412812192,0,2478891860,0,-183562272,0,9838443,0,-372240,0,9438,0,-144,0,1 # liftE_full r=24
379285072022249,0,-287980770433020,0,99510784272738,0,-20695409810700,0,2885427339531,0,-284154095256,0,20268967020,0,-1055250456,0,39799275,0,-1060540,0,18954,0,-204,0,1 # liftE_full r=24
5785468089992,0,-6218604892800,0,3044054853744,0,-897229577664,0,177335382516,0,-24759037440,0,2503755712,0,-184776192,0,9877008,0,-372960,0,9444,0,-144,0,1 # liftE_full r=24
3265403147557489,0,-2034802347716928,0,579147769099518,0,-99557273944304,0,11512277240499,0,-943384244352,0,56175327652,0,-2449138272,0,77591451,0,-1742048,0,26310,0,-240,0,1 # liftE_full r=24
113976,0,341280,0,-22896,0,-476832,0,-99972,0,144192,0,45536,0,-11136,0,-5268,0,-112,0,168,0,24,0,1 # liftE_full r=8
530653971592,0,-707888289600,0,428821148880,0,-155948113440,0,37912462836,0,-6490156800,0,802146880,0,-72119040,0,4681488,0,-214000,0,6540,0,-120,0,1 # liftE_full r=24
5286210278968,0,-5768099175168,0,2862682382880,0,-854336306880,0,170737621668,0,-24069394944,0,2454147648,0,-182351232,0,9799908,0,-371520,0,9432,0,-144,0,1 # liftE_full r=24
-7170056,0,-21389856,0,731136,0,13591136,0,4581924,0,-1112544,0,-802544,0,-94560,0,22020,0,7568,0,888,0,48,0,1 # liftE_full r=6
117361056392,0,-181219338720,0,126642045504,0,-52940624976,0,14738927604,0,-2878205184,0,404179136,0,-41122944,0,3008928,0,-154440,0,5280,0,-108,0,1 # liftE_full r=24
496228669217,0,-669410491800,0,409695860190,0,-150383397560,0,36863172939,0,-6356202480,0,790422308,0,-71424240,0,4654803,0,-213400,0,6534,0,-120,0,1 # liftE_full r=24
3317655794099464,0,-2061789571599840,0,585397393112352,0,-100411826816320,0,11588683091532,0,-948051818688,0,56372628000,0,-2454836544,0,77699064,0,-1743248,0,26316,0,-240,0,1 # liftE_full r=24
150993639233,0,-223555715964,0,150310910010,0,-60675746220,0,16374671403,0,-3112023672,0,427056812,0,-42636024,0,3073683,0,-156060,0,5298,0,-108,0,1 # liftE_full r=24
6049459989217,0,-6454174031280,0,3137949511506,0,-919240366608,0,180695592459,0,-25108079328,0,2528739324,0,-185992992,0,9915603,0,-373680,0,9450,0,-144,0,1 # liftE_full r=24
567046650617,0,-748115277000,0,448617051450,0,-161657544760,0,38980970619,0,-6625719120,0,813954252,0,-72816240,0,4708203,0,-214600,0,6546,0,-120,0,1 # liftE_full r=24
2188943024264,0,-2536882423680,0,1340144678640,0,-426683502608,0,91188323916,0,-13780992192,0,1510151136,0,-120905664,0,7019304,0,-288200,0,7944,0,-132,0,1 # liftE_full r=24
30894508950265592,0,-15884148223022304,0,3733600465492464,0,-530525983675904,0,50755998777084,0,-3444317889984,0,169997816864,0,-6148757952,0,161754396,0,-3018288,0,37920,0,-288,0,1 # liftE_full r=24
10805818590157832,0,-6067010099367648,0,1557167554175424,0,-241586716128672,0,25233328869708,0,-1869272602944,0,100706126496,0,-3975605184,0,114139128,0,-2324128,0,31860,0,-264,0,1 # liftE_full r=24
1220984,0,1343328,0,-5130624,0,3099584,0,192516,0,-659040,0,148464,0,19488,0,-10380,0,720,0,144,0,-24,0,1 # liftE_full r=16
158264,0,451872,0,-753552,0,35744,0,370812,0,-171456,0,-5984,0,20736,0,-4164,0,-272,0,192,0,-24,0,1 # liftE_full r=16
242386803343,0,-331683317316,0,207505882878,0,-78483677868,0,19988165355,0,-3611261016,0,474613004,0,-45720072,0,3203997,0,-159300,0,5334,0,-108,0,1 # liftE_full r=20
30723078392,0,-52735441920,0,41002636224,0,-19088786560,0,5924716068,0,-1291290624,0,202622336,0,-23063808,0,1890228,0,-108800,0,4176,0,-96,0,1 # liftE_full r=24
463684731128,0,-632624213760,0,391225413888,0,-144961148320,0,35832924708,0,-6223848960,0,778780416,0,-70731840,0,4628148,0,-212800,0,6528,0,-120,0,1 # liftE_full r=24
884182809592,0,-1083349921920,0,607173528096,0,-205834875200,0,47009375880,0,-7619951040,0,898917584,0,-77763360,0,4896042,0,-218800,0,6588,0,-120,0,1 # liftE_full r=20
1720813990056776,0,-1133525930298912,0,340909077294864,0,-61900018805264,0,7557483443916,0,-653632038912,0,41063003488,0,-1888041600,0,63057864,0,-1491928,0,23736,0,-228,0,1 # liftE_full r=24
1675406640617,0,-2029616242500,0,1116649520946,0,-368860414340,0,81461684283,0,-12669590472,0,1422793884,0,-116241576,0,6857403,0,-284900,0,7914,0,-132,0,1 # liftE_full r=24
1868593311217,0,-2222832722220,0,1202727623886,0,-391347580932,0,85275698091,0,-13108369560,0,1457467588,0,-118100136,0,6922083,0,-286220,0,7926,0,-132,0,1 # liftE_full r=24
22069776473,0,-40032490848,0,32749711446,0,-15966543712,0,5163524859,0,-1166390208,0,188655380,0,-22012608,0,1839243,0,-107360,0,4158,0,-96,0,1 # liftE_full r=24
2079995643953,0,-2430490916436,0,1293755744010,0,-414792398020,0,89204056203,0,-13555776168,0,1492543052,0,-119969256,0,6986883,0,-287540,0,7938,0,-132,0,1 # liftE_full r=24
138991769848,0,-208648711296,0,142077614544,0,-58013937936,0,15816990564,0,-3032919936,0,419364000,0,-42129504,0,3052068,0,-155520,0,5292,0,-108,0,1 # liftE_full r=24
605495634488,0,-790150419840,0,469099548192,0,-167513954720,0,40068872868,0,-6762896640,0,825844544,0,-73515840,0,4734948,0,-215200,0,6552,0,-120,0,1 # liftE_full r=24
10528417026005176,0,-5937367824923040,0,1529986997994384,0,-238220154853408,0,24960529455228,0,-1854161282112,0,100126620896,0,-3960413184,0,113878572,0,-2321488,0,31848,0,-264,0,1 # liftE_full r=24
150325663409,0,-222893266428,0,150027818010,0,-60607696716,0,16364611155,0,-3111087096,0,427003180,0,-42634296,0,3073659,0,-156060,0,5298,0,-108,0,1 # liftE_full r=24
388733576426056,0,-293815717863360,0,101123960276064,0,-20958326626096,0,2913400074132,0,-286184014464,0,20370712784,0,-1058728416,0,39876864,0,-1061560,0,18960,0,-204,0,1 # liftE_full r=24
127795525217,0,-194547626820,0,134191386366,0,-55436106348,0,15271790091,0,-2954982600,0,411738148,0,-41625144,0,3030483,0,-154980,0,5286,0,-108,0,1 # liftE_full r=24
10666371336056729,0,-6001910804305368,0,1543532086795302,0,-239899255001096,0,25096688292675,0,-1861708091376,0,100416171124,0,-3968006544,0,114008835,0,-2322808,0,31854,0,-264,0,1 # liftE_full r=24
19682967608,0,-36391660032,0,30301253280,0,-15011730560,0,4924655268,0,-1126358016,0,184104768,0,-21666048,0,1822308,0,-106880,0,4152,0,-96,0,1 # liftE_full r=24
3539512,0,29149536,0,17095248,0,-12625552,0,-12935100,0,-2410560,0,1110544,0,670848,0,156804,0,20208,0,1500,0,60,0,1 # liftE_full r=4
2458801,0,-3429636,0,-7232226,0,-1388060,0,2022939,0,856152,0,-61708,0,-81720,0,-10029,0,1468,0,438,0,36,0,1 # liftE_full r=8
335809,0,347976,0,-1003038,0,265960,0,358803,0,-215472,0,7772,0,21072,0,-4917,0,-152,0,186,0,-24,0,1 # liftE_full r=16
