-2,0,0,0,0,0,0,0,0,0,0,0,0,2,0,0,2,0,0,0,0,0,0,0,1 # sparseF2 r=2
-2,0,0,0,0,0,0,0,0,0,0,-2,0,-2,0,0,0,0,0,0,0,0,0,0,1 # sparseF4 r=2
2,0,0,0,0,0,0,0,0,0,0,0,0,0,0,0,0,1,0,0,0,0,0,0,1 # sparseF1 r=0
1,0,0,0,0,0,0,0,0,0,0,0,3,0,0,0,0,0,0,0,0,0,0,0,1 # sparseF3 r=0
-2,0,0,0,0,0,0,0,0,0,0,0,0,0,3,0,0,0,0,0,0,0,0,0,1 # sparseF1 r=2
1,0,0,0,0,0,0,0,0,0,0,3,0,0,0,0,0,0,0,0,0,0,0,0,1 # sparseF1 r=2
-1,0,0,0,0,0,0,0,0,0,0,0,-3,0,0,0,0,0,0,0,0,0,0,0,1 # sparseF3 r=2
-3,0,0,0,0,0,-3,0,0,0,0,0,0,0,0,0,0,0,-3,0,0,0,0,0,1 # sparseF4 r=2
-1,1,0,0,0,0,0,0,0,0,0,0,0,-2,0,0,0,0,0,0,0,0,0,0,1 # sparseF2 r=2
2,0,0,0,0,0,0,0,0,-1,0,0,0,0,0,-1,0,0,0,0,0,0,0,0,1 # sparseF4 r=0
1,0,0,0,0,0,0,0,1,0,0,0,0,0,0,0,0,0,0,0,0,0,0,0,1 # sparseF1 r=0
2,0,0,0,0,0,0,0,0,0,0,0,-2,0,0,0,0,0,0,0,0,0,0,0,1 # sparseF1 r=0
3,0,0,3,0,0,0,0,0,0,0,0,0,0,0,0,0,0,0,0,0,3,0,0,1 # sparseF4 r=2
1,-2,0,0,0,0,0,-2,0,0,0,0,0,0,0,0,0,0,0,0,0,0,0,0,1 # sparseF2 r=2
2,0,0,0,0,0,0,0,0,0,0,0,1,0,0,0,0,0,0,0,0,0,0,0,1 # sparseF3 r=0
-1,0,0,0,0,0,0,0,0,0,0,0,0,0,-1,0,0,0,0,0,0,0,0,0,1 # sparseF1 r=2
3,0,0,0,0,0,0,0,0,0,0,0,0,0,0,0,2,0,0,0,0,0,0,0,1 # sparseF1 r=0
-2,0,0,0,0,0,0,0,0,0,0,2,0,2,0,0,0,0,0,0,0,0,0,0,1 # sparseF4 r=2
-3,0,0,0,0,0,0,0,0,0,0,0,-3,0,0,0,0,0,0,0,0,0,0,0,1 # sparseF3 r=2
-2,0,0,0,0,0,0,0,0,0,2,0,0,0,2,0,0,0,0,0,0,0,0,0,1 # sparseF4 r=2
-3,0,0,0,0,0,0,0,0,0,0,0,0,0,0,3,0,0,0,0,0,0,0,0,1 # sparseF1 r=2
2,0,0,0,0,0,0,0,0,2,0,0,0,0,0,-1,0,0,0,0,0,0,0,0,1 # sparseF2 r=0
-2,0,0,0,0,0,0,0,0,0,0,0,0,0,0,0,0,0,1,0,0,0,1,0,1 # sparseF2 r=2
-3,0,0,-3,0,0,0,0,0,0,0,0,0,0,0,0,0,0,0,0,0,-3,0,0,1 # sparseF4 r=2
-2,0,0,0,0,0,0,2,0,0,0,0,0,0,0,0,0,2,0,0,0,0,0,0,1 # sparseF4 r=2
2,0,0,0,0,0,2,0,0,0,0,0,0,0,0,0,0,0,0,-1,0,0,0,0,1 # sparseF2 r=0
2,0,0,0,0,0,0,0,0,0,0,0,2,0,0,0,0,0,0,0,0,0,0,0,1 # sparseF3 r=0
-3,0,0,0,0,0,0,0,0,-1,0,0,0,0,0,0,0,0,0,0,0,0,0,0,1 # sparseF1 r=2
-3,0,0,0,0,0,0,0,0,-3,0,0,0,0,0,-3,0,0,0,0,0,0,0,0,1 # sparseF4 r=2
-2,0,-2,0,0,0,0,0,0,0,0,0,0,0,0,0,0,0,0,0,0,0,-2,0,1 # sparseF4 r=2
-2,0,0,0,0,0,0,0,0,0,-2,0,0,0,-2,0,0,0,0,0,0,0,0,0,1 # sparseF4 r=2
1,0,0,0,0,0,-3,0,0,0,0,0,0,0,0,0,0,0,0,0,0,0,0,0,1 # sparseF1 r=4
2,0,2,0,0,0,0,0,0,0,0,0,0,0,0,-2,0,0,0,0,0,0,0,0,1 # sparseF2 r=0
1,0,0,0,0,0,0,0,0,0,-3,0,0,0,-3,0,0,0,0,0,0,0,0,0,1 # sparseF4 r=4
-1,1,0,0,0,0,0,0,0,0,0,0,0,2,0,0,0,0,0,0,0,0,0,0,1 # sparseF2 r=2
-3,0,0,0,0,0,0,0,0,0,0,0,-1,0,0,0,0,0,0,0,0,0,0,0,1 # sparseF1 r=2
3,0,0,0,0,0,0,0,0,0,0,0,0,0,0,0,0,0,0,0,0,0,0,3,1 # sparseF1 r=2
-2,0,0,0,0,0,0,0,0,1,0,0,0,0,0,1,0,0,0,0,0,0,0,0,1 # sparseF4 r=2
-2,0,0,0,0,0,0,0,0,0,3,0,0,0,3,0,0,0,0,0,0,0,0,0,1 # sparseF4 r=2
-1,0,0,0,0,0,0,0,0,0,0,0,0,0,1,0,0,0,0,0,0,0,0,0,1 # sparseF1 r=2
2,1,0,0,0,0,0,0,0,0,0,0,0,0,0,0,0,0,0,1,0,0,0,0,1 # sparseF2 r=0
-2,0,0,0,0,0,1,0,0,0,0,0,0,0,0,0,0,0,1,0,0,0,0,0,1 # sparseF4 r=2
-2,0,0,0,0,0,0,0,0,0,0,0,0,0,0,0,0,0,0,0,-3,0,0,0,1 # sparseF1 r=2
2,0,0,0,0,0,0,0,0,0,0,0,0,0,0,0,0,2,0,0,0,0,0,0,1 # sparseF1 r=0
2,0,0,0,1,0,0,0,0,0,0,0,0,0,0,0,0,0,0,0,1,0,0,0,1 # sparseF2 r=0
2,0,0,-1,0,0,0,0,0,0,0,2,0,0,0,0,0,0,0,0,0,0,0,0,1 # sparseF2 r=0
-1,0,0,0,0,0,0,0,0,0,0,0,-1,0,0,0,0,0,0,0,0,0,0,0,1 # sparseF3 r=2
-2,0,0,0,0,0,0,0,0,0,0,0,3,0,0,0,0,0,0,0,0,0,0,0,1 # sparseF3 r=2
3,0,0,0,0,0,0,0,0,0,0,0,-3,0,0,0,0,0,0,0,0,0,0,0,1 # sparseF3 r=0
2,-1,0,0,0,0,0,0,0,0,0,0,0,0,0,0,0,0,0,0,0,0,0,-1,1 # sparseF4 r=0
-1,1,0,0,0,0,0,0,0,0,0,0,0,0,0,0,0,0,0,0,0,0,0,0,1 # sparseF1 r=2
1,0,0,0,0,0,0,0,0,1,0,0,0,0,0,-2,0,0,0,0,0,0,0,0,1 # sparseF2 r=0
3,0,0,0,-1,0,0,0,0,0,0,0,0,0,0,0,0,0,0,0,0,0,0,0,1 # sparseF1 r=0
3,0,0,0,-2,0,0,0,0,0,0,0,0,0,0,0,0,0,0,0,0,0,0,0,1 # sparseF1 r=0
3,0,0,0,0,0,0,0,-2,0,0,0,0,0,0,0,0,0,0,0,0,0,0,0,1 # sparseF1 r=0
-1,0,0,0,0,0,0,0,0,0,0,0,3,0,0,0,0,0,0,0,0,0,0,0,1 # sparseF3 r=2
-1,0,0,0,0,0,0,0,0,0,0,0,0,0,0,2,0,0,0,0,0,0,0,0,1 # sparseF1 r=2
3,0,0,0,0,0,0,0,0,0,0,0,-2,0,0,0,0,0,0,0,0,0,0,0,1 # sparseF3 r=0
-2,1,0,0,0,0,0,0,0,0,0,2,0,0,0,0,0,0,0,0,0,0,0,0,1 # sparseF2 r=2
1,0,0,0,0,0,3,0,0,0,0,0,0,0,0,0,0,0,3,0,0,0,0,0,1 # sparseF4 r=0
1,0,0,0,0,0,0,0,0,0,0,0,-1,0,0,0,0,0,0,0,0,0,0,0,1 # sparseF3 r=0
-3,0,0,0,0,0,0,0,0,0,0,0,0,0,0,0,0,0,0,0,3,0,0,0,1 # sparseF1 r=2
-2,0,0,0,0,0,0,0,0,0,0,0,0,0,0,-2,0,0,0,2,0,0,0,0,1 # sparseF2 r=2
2,0,0,0,0,0,0,0,0,-2,0,0,0,0,0,0,0,0,0,0,0,0,0,0,1 # sparseF1 r=0
1,0,0,-1,0,0,0,0,0,0,0,-2,0,0,0,0,0,0,0,0,0,0,0,0,1 # sparseF2 r=2
3,0,0,0,0,0,0,0,0,0,0,0,0,0,0,0,0,0,1,0,0,0,0,0,1 # sparseF1 r=0
3,0,0,-1,0,0,0,0,0,0,0,0,0,0,0,0,0,0,0,0,0,-1,0,0,1 # sparseF4 r=0
-1,0,0,0,0,0,0,0,0,0,0,0,0,0,0,0,0,0,0,1,0,0,0,-2,1 # sparseF2 r=2
3,0,0,0,3,0,0,0,0,0,0,0,0,0,0,0,0,0,0,0,3,0,0,0,1 # sparseF4 r=0
-1,0,0,0,0,0,0,0,0,0,0,0,-2,0,0,0,0,0,0,0,0,0,0,0,1 # sparseF3 r=2
2,0,0,0,0,0,3,0,0,0,0,0,0,0,0,0,0,0,3,0,0,0,0,0,1 # sparseF4 r=0
2,0,0,0,0,0,0,0,-2,0,0,0,0,0,0,0,-2,0,0,0,0,0,0,0,1 # sparseF4 r=4
-2,0,0,0,0,0,0,0,0,0,0,0,-3,0,0,0,0,0,0,0,0,0,0,0,1 # sparseF3 r=2
-1,0,2,0,0,0,0,0,0,0,0,1,0,0,0,0,0,0,0,0,0,0,0,0,1 # sparseF2 r=2
-1,0,-1,0,-2,0,0,0,0,0,0,0,0,0,0,0,0,0,0,0,0,0,0,0,1 # sparseF2 r=2
-1,0,0,0,0,0,0,-1,0,0,0,0,0,0,0,0,2,0,0,0,0,0,0,0,1 # sparseF2 r=2
1,0,0,0,0,0,0,0,0,0,0,0,-2,0,0,0,0,0,0,0,0,0,0,-1,1 # sparseF2 r=2
2,0,0,0,0,0,0,0,0,0,0,0,0,0,0,0,-2,0,-2,0,0,0,0,0,1 # sparseF2 r=4
1,2,0,0,0,0,-2,0,0,0,0,0,0,0,0,0,0,0,0,0,0,0,0,0,1 # sparseF2 r=2
1,0,0,-2,0,0,0,0,0,0,0,0,0,0,0,0,0,0,0,0,0,0,-2,0,1 # sparseF2 r=4
