1727161,0,0,-1734178,0,0,734621,0,0,-181114,0,0,32119,0,0,-4202,0,0,389,0,0,-26,0,0,1 # sphere_gen r=0
3339631,0,0,-2559690,0,0,879188,0,0,-173015,0,0,25464,0,0,-3860,0,0,492,0,0,-35,0,0,1 # sphere_gen r=0
30190291,0,0,22969118,0,0,7888405,0,0,1632933,0,0,228244,0,0,22237,0,0,1455,0,0,57,0,0,1 # sphere_gen r=0
4861296,0,0,2038608,0,0,685800,0,0,120528,0,0,19359,0,0,1827,0,0,210,0,0,12,0,0,1 # sphere_gen r=0
349831,0,0,262363,0,0,28711,0,0,-9346,0,0,939,0,0,442,0,0,-26,0,0,-4,0,0,1 # sphere_gen r=0
1023031,0,0,-215726,0,0,188722,0,0,-34098,0,0,4765,0,0,188,0,0,117,0,0,-9,0,0,1 # sphere_gen r=0
1722541,0,0,-791419,0,0,349654,0,0,-96803,0,0,19899,0,0,-2491,0,0,196,0,0,-17,0,0,1 # sphere_gen r=0
751,0,0,-14949,0,0,108967,0,0,-11727,0,0,-6760,0,0,-273,0,0,167,0,0,24,0,0,1 # sphere_gen r=0
1520581,0,0,-1191575,0,0,627453,0,0,-119790,0,0,5529,0,0,2800,0,0,92,0,0,10,0,0,1 # sphere_gen r=0
104656,0,0,-108952,0,0,60760,0,0,-23792,0,0,6999,0,0,-1513,0,0,235,0,0,-23,0,0,1 # sphere_gen r=0
4704781,0,0,-5347423,0,0,2769796,0,0,-830144,0,0,155364,0,0,-18457,0,0,1354,0,0,-56,0,0,1 # sphere_gen r=0
4242691,0,0,2897496,0,0,795980,0,0,91834,0,0,1224,0,0,-356,0,0,75,0,0,16,0,0,1 # sphere_gen r=0
17761,0,0,19222,0,0,18021,0,0,9256,0,0,4074,0,0,1078,0,0,224,0,0,24,0,0,1 # sphere_gen r=0
40921,0,0,-113543,0,0,76018,0,0,48189,0,0,-2735,0,0,-1681,0,0,108,0,0,-3,0,0,1 # sphere_gen r=0
257641,0,0,370225,0,0,248247,0,0,103535,0,0,24074,0,0,2495,0,0,243,0,0,-20,0,0,1 # sphere_gen r=0
2817811,0,0,1122047,0,0,226303,0,0,45199,0,0,9150,0,0,1739,0,0,253,0,0,22,0,0,1 # sphere_gen r=0
4861,0,0,2147,0,0,16536,0,0,-20799,0,0,10329,0,0,-2737,0,0,404,0,0,-31,0,0,1 # sphere_gen r=0
9413071,0,0,1985726,0,0,283572,0,0,-8082,0,0,-9525,0,0,-28,0,0,257,0,0,29,0,0,1 # sphere_gen r=0
3035551,0,0,599669,0,0,45469,0,0,32283,0,0,22774,0,0,5851,0,0,711,0,0,42,0,0,1 # sphere_gen r=0
2079856,0,0,-353096,0,0,-14800,0,0,-1424,0,0,309,0,0,276,0,0,0,0,0,-11,0,0,1 # sphere_gen r=0
438751,0,0,-388716,0,0,205602,0,0,-65498,0,0,14515,0,0,-2202,0,0,247,0,0,-19,0,0,1 # sphere_gen r=0
4989631,0,0,1461804,0,0,303670,0,0,45996,0,0,5849,0,0,546,0,0,65,0,0,9,0,0,1 # sphere_gen r=0
128221,0,0,-142190,0,0,206158,0,0,-74680,0,0,23124,0,0,-5120,0,0,637,0,0,-40,0,0,1 # sphere_gen r=0
629311,0,0,148807,0,0,333136,0,0,68941,0,0,9259,0,0,1123,0,0,184,0,0,19,0,0,1 # sphere_gen r=0
1160461,0,0,-629920,0,0,154342,0,0,-5210,0,0,3639,0,0,-790,0,0,133,0,0,-5,0,0,1 # sphere_gen r=0
9211,0,0,34177,0,0,74130,0,0,4362,0,0,-1971,0,0,-332,0,0,50,0,0,13,0,0,1 # sphere_gen r=0
1152871,0,0,-186117,0,0,129683,0,0,2416,0,0,-165,0,0,586,0,0,18,0,0,-2,0,0,1 # sphere_gen r=0
3298096,0,0,1046064,0,0,63424,0,0,-15342,0,0,-3061,0,0,-9,0,0,71,0,0,-3,0,0,1 # sphere_gen r=0
2566891,0,0,-2410522,0,0,1199513,0,0,-405964,0,0,92565,0,0,-13374,0,0,1143,0,0,-52,0,0,1 # sphere_gen r=0
1917691,0,0,-2477972,0,0,1544033,0,0,-363764,0,0,40665,0,0,-3474,0,0,393,0,0,-32,0,0,1 # sphere_gen r=0
1891,0,0,1007,0,0,2995,0,0,3522,0,0,2089,0,0,718,0,0,150,0,0,18,0,0,1 # sphere_gen r=0
4750861,0,0,-3554594,0,0,1981920,0,0,-579396,0,0,97764,0,0,-11006,0,0,875,0,0,-44,0,0,1 # sphere_gen r=0
4800151,0,0,4003503,0,0,1615203,0,0,408286,0,0,70615,0,0,8586,0,0,718,0,0,38,0,0,1 # sphere_gen r=0
968431,0,0,-1074991,0,0,542350,0,0,-166429,0,0,34489,0,0,-4939,0,0,490,0,0,-31,0,0,1 # sphere_gen r=0
903421,0,0,267143,0,0,-180204,0,0,-2506,0,0,17589,0,0,-4828,0,0,614,0,0,-39,0,0,1 # sphere_gen r=0
470416,0,0,-589536,0,0,276352,0,0,-73188,0,0,14835,0,0,-1917,0,0,217,0,0,-9,0,0,1 # sphere_gen r=0
7412131,0,0,5536403,0,0,1945446,0,0,452149,0,0,77669,0,0,9637,0,0,804,0,0,41,0,0,1 # sphere_gen r=0
31615711,0,0,1930766,0,0,-133600,0,0,42314,0,0,33039,0,0,6864,0,0,735,0,0,41,0,0,1 # sphere_gen r=0
580711,0,0,884693,0,0,649650,0,0,266918,0,0,63894,0,0,8987,0,0,800,0,0,42,0,0,1 # sphere_gen r=0
910081,0,0,-189316,0,0,222325,0,0,-25709,0,0,14844,0,0,-1429,0,0,145,0,0,-11,0,0,1 # sphere_gen r=0
19033891,0,0,-11095328,0,0,2897603,0,0,-531836,0,0,75465,0,0,-7926,0,0,693,0,0,-38,0,0,1 # sphere_gen r=0
1128121,0,0,93431,0,0,180317,0,0,-10522,0,0,8905,0,0,562,0,0,62,0,0,4,0,0,1 # sphere_gen r=0
76351,0,0,-49698,0,0,15386,0,0,-6014,0,0,1059,0,0,58,0,0,84,0,0,4,0,0,1 # sphere_gen r=0
3970531,0,0,412787,0,0,195155,0,0,35657,0,0,14154,0,0,633,0,0,-75,0,0,8,0,0,1 # sphere_gen r=0
1109821,0,0,337171,0,0,-65556,0,0,-21828,0,0,4809,0,0,604,0,0,236,0,0,13,0,0,1 # sphere_gen r=0
231571,0,0,296450,0,0,72973,0,0,-18780,0,0,8794,0,0,-710,0,0,117,0,0,0,0,0,1 # sphere_gen r=0
14701,0,0,277,0,0,-5230,0,0,-1928,0,0,1279,0,0,158,0,0,-40,0,0,-7,0,0,1 # sphere_gen r=0
300511,0,0,-302485,0,0,178087,0,0,-70560,0,0,18769,0,0,-3380,0,0,408,0,0,-30,0,0,1 # sphere_gen r=0
645136,0,0,151352,0,0,134340,0,0,30782,0,0,5259,0,0,983,0,0,170,0,0,18,0,0,1 # sphere_gen r=0
9007525,0,0,7479300,0,0,2980625,0,0,728625,0,0,118970,0,0,13245,0,0,985,0,0,45,0,0,1 # sphere_gen r=0
