291797497632380707002409825,0,-11192983275769549492069920,0,193191902839471989028884,0,-1818688577728252588644,0,12260085592398858192,0,-134288177129452236,0,933410686708382,0,-1547522686560,0,31374988368,0,-131169276,0,501744,0,-804,0,1 # sphere2 r=0
52663440333394919201763900660289314877,0,208391095131950704349435666806933980,0,553158611726941475786039838761820,0,908390115109511325067072584970,0,1085596309785473294942211801,0,1042211869006559458837380,0,787713194190604980140,0,452423872622092986,0,199239932924340,0,71727916490,0,25865322,0,7074,0,1 # sphere2 r=0
105400784816155055053333,0,456050999282116391532,0,22781888019116536338,0,-1801508738589261820,0,5640420410207943,0,-288636433411464,0,13820905766708,0,-12504402840,0,-425990025,0,-305108,0,48522,0,324,0,1 # sphere2 r=0
380399195454853389019772437000836,0,893604338116065012919352800572,0,-119096535479325641744927994,0,-8849975203204395416397558,0,-1731767438305907015031,0,15925325861047560984,0,28143601846684158,0,9746659951524,0,-112306473027,0,-311722710,0,229242,0,120,0,1 # sphere2 r=0
75750644993501697673,0,-18176952960228620250,0,2051689113426575241,0,-143637249487272668,0,6895788125219232,0,-238071282017796,0,6066412580522,0,-115350352170,0,1629327636,0,-16679284,0,117120,0,-504,0,1 # sphere2 r=0
35396308799760439586740973193790096,0,668879202900446910820469660137344,0,7176969138089751590575662404064,0,74522490942793916774296318496,0,966521903429037594443136048,0,7361587681533231303900672,0,25705920246968662789848,0,-6655131131649363360,0,952384502668104,0,-149889537880,0,-34749576,0,8616,0,1 # sphere2 r=0
691951849377338150662697899753,0,-10679868671242646556204846756,0,-101882359384028249236521702,0,2251716381135633789000524,0,-1174960896797837008305,0,-123259169494782297000,0,511754740020087996,0,-336482728507656,0,1559448165159,0,534399884,0,2708682,0,636,0,1 # sphere2 r=0
14123121642241216329445826631146293,0,60789908321286418065984242003538,0,-244447054985152961384947655961,0,-179169284108559316166724262,0,3885168725703885534656364,0,-10470697194680833591782,0,20231095349829281766,0,-22702941842004630,0,24584511765672,0,-19136794012,0,12015462,0,-4092,0,1 # sphere2 r=0
97287980491963548222681734401,0,-9652214988244299984635426178,0,160173797092756611065045745,0,647428125755338823744462,0,204115829659512134193198,0,993445977454487171238,0,36979717456161479714,0,-8207565502909746,0,12415991436648,0,8958893374,0,3502842,0,-474,0,1 # sphere2 r=0
20048708781543097,0,2017643600282514,0,-18912310448991,0,21057043075636,0,1167628839579,0,-219026183592,0,29726502332,0,-1488691416,0,45604437,0,-900922,0,14232,0,-126,0,1 # sphere2 r=0
179041891556481458473897410383251033,0,188255336066451127025939829580464,0,109623175380097595659265241402,0,25232680772401376128573435270,0,39133500312324875069204757,0,-58623329631509050593384,0,392725711209604897383,0,-125377783655159466,0,87718100986224,0,24726692662,0,-1782087,0,4194,0,1 # sphere2 r=0
2106822316614770639849406848720824077,0,5117618713164945638210684361665874,0,-7684425870845096394082723655457,0,62348180411894999697823282974,0,245882249113868519216244687,0,-926229896959609131070122,0,1646459776652282127270,0,-782733785136126732,0,204630186805794,0,35069761050,0,-16494165,0,3450,0,1 # sphere2 r=0
3015459201135811135370019229648,0,61378884354011513160843431040,0,31228724014903050263854790016,0,964698863590033438424501600,0,38071505302351734044040768,0,2886387221550393783246720,0,52036612986627426936440,0,-20369276609547745824,0,7464141133861920,0,-887995831976,0,-110025456,0,13536,0,1 # sphere2 r=0
75413874460368236620203009913,0,-1246333462638993766530102348,0,10912539247445303131110363,0,101228327361686071616558,0,-2062623211991893759545,0,-991595789687650338,0,161996312407261110,0,-445682599078860,0,663109384536,0,-1252743586,0,1287513,0,-864,0,1 # sphere2 r=0
2486519994497450109841,0,-57722112307402430322,0,96615268531426003296,0,-23432373438012316798,0,1592994145914043740,0,-120127596905247120,0,48035654697783908,0,-179504862698820,0,541581022470,0,-1142508116,0,1635999,0,-1626,0,1 # sphere2 r=0
21921611994049,0,-28809043501644,0,14079490277310,0,-3305040173212,0,568461635571,0,-74323521336,0,3334298816,0,-518490240,0,129104763,0,-401132,0,-10974,0,12,0,1 # sphere2 r=0
45735896467902181249348247017397355625,0,90994643292626516339708254418737500,0,230461997665079929154988027999000,0,715071204621092797659280756850,0,300391180098664066868261250,0,-650287589870851469991810,0,469612623668884633194,0,-13718201090286402,0,-78399769633767,0,30205312664,0,-2900022,0,-2982,0,1 # sphere2 r=0
31708442710707130862414963408896,0,-176231387413302748000446971904,0,295523107588475275814731776,0,10324963173771096406704128,0,-23634227386280662548480,0,-25420947750928459776,0,1149921436884652544,0,550286462625024,0,66263954688,0,-142815776,0,188760,0,-84,0,1 # sphere2 r=0
124643923273348227281630437,0,-77607181161215751713450634,0,25073964318481549945154562,0,-4764041511923654916441886,0,579158554689841397516643,0,-37338256442116546352724,0,949467434859878617928,0,-58916978294018820,0,129826771587063,0,-69093303842,0,7905318,0,-4350,0,1 # sphere2 r=0
16941607284769220944296440266381201,0,-79486979334195414957198092350872,0,520067745192577989765753733266,0,-1133678095725892247241154512,0,3367924571648392475240799,0,594900509994811733808,0,21071286677627015276,0,38191549631543904,0,17776581292143,0,11295136104,0,7607970,0,624,0,1 # sphere2 r=0
2745236437778305917186456728560825,0,4812286470538885950163909255530,0,-158458872400573993859787516078,0,-150986272766086381675148434,0,1357322148339755079816843,0,-1387276679826965256852,0,34602034013520709256,0,12257130849981762,0,23680917455490,0,8113365760,0,5048118,0,3300,0,1 # sphere2 r=0
38033036160390130689427261,0,8508965028421171276304820,0,787483360625395090026015,0,46287024130394018346624,0,2061196227728075599425,0,45104538666169469106,0,348067733115184238,0,-119495633347548,0,-1381000700277,0,-1087343724,0,1309716,0,2232,0,1 # sphere2 r=0
11028141260690993161,0,23323564543587617688,0,31474402964256076080,0,19316225683234408036,0,2056774389939644568,0,-1504945752897043674,0,111842769188272370,0,41321956705524,0,261588830388,0,-25720120,0,-1177095,0,-6,0,1 # sphere2 r=0
778870498177547830224,0,-41661478745816426640,0,13393455207200949672,0,141659687229665976,0,7467459917323320,0,-3724202125320588,0,582948304105338,0,-731166738642,0,32458537053,0,-76520850,0,-103500,0,-96,0,1 # sphere2 r=0
371033020086108108114316850477113,0,-3011476444327204935165505236876,0,-46966500923887944428700458706,0,641098935836448058512720070,0,32953654207982664097586805,0,-420772817592641973972720,0,1583356310082216557174,0,402587901905711472,0,-36756824930319,0,62663116688,0,36891840,0,1206,0,1 # sphere2 r=0
2651410883667580603202504763283603456,0,-2290809228225161890965778411683840,0,10322137962904429960068942987264,0,3385930745277867997368107008,0,2972199876221580438832128,0,-14173649472720828289536,0,-30945862422502344832,0,11382469080541632,0,28168421799312,0,-2788163536,0,-8780832,0,0,0,1 # sphere2 r=0
33958469460519902581,0,15054970022298455388,0,2608610718239620686,0,243360872734546768,0,15067692841272363,0,562336371953694,0,12362508860244,0,-7730792874,0,-392140161,0,2483002,0,13479,0,90,0,1 # sphere2 r=0
3291809369699656802411389,0,1903500673002237379440882,0,576096413998980677940882,0,108224107955148013539254,0,11982137921110093306167,0,695556832738215511476,0,15631876998829504206,0,-48631716156572946,0,52984688879259,0,-17219953162,0,-6636603,0,3564,0,1 # sphere2 r=0
2952389754230106058237640322892342913101,0,36450346156926199304338654228527800076,0,110992657083612493592074230952677294,0,-68940778284545775818220613860772,0,-326251591485218682366151484889,0,-16317369542620904721441192,0,268140339579410345420084,0,74962168807919105784,0,5032209818231979,0,-974921994980,0,-143865282,0,3372,0,1 # sphere2 r=0
10023157548052954517267240799289,0,-1113312569258133498991561525452,0,53501777193296935488359583138,0,-1416737180613798933458139856,0,21659992934712713908481151,0,-178183084966201305100458,0,557970758649281798136,0,730706388986212650,0,539163280109007,0,241569236030,0,58407699,0,8826,0,1 # sphere2 r=0
162556909046226157398373,0,143158976178257664930744,0,53810984715626604140397,0,10897530505866485602988,0,1244833752971796119082,0,75600195728596377984,0,1846443805976511833,0,-6173045433519624,0,34017406852266,0,-9287477276,0,-1142883,0,-2304,0,1 # sphere2 r=0
63298231544150942477720888422273,0,1033211090787650914464407873730,0,15816648985320595251280117950,0,25040489901356336112677258,0,-2243277905832497275617780,0,-4297247198166329628708,0,160604783934386682890,0,155328937869686178,0,61913942742354,0,-9498819782,0,-4852995,0,192,0,1 # sphere2 r=0
471522121194609714096043041908617,0,968939812850311665394832104440,0,8772540346347084187986208350,0,36587715551081658299474076,0,80971796884224488535927,0,284546536277594339712,0,570636502534611260,0,-239156293594440,0,3164554165215,0,945610920,0,-37818,0,12,0,1 # sphere2 r=0
95781475718252356699180602817,0,-394016988838966997796161310,0,44748197352085432659636057,0,-1560750483600362958786104,0,102374864079815020293468,0,-2956187625450219406836,0,60970033727079370746,0,-46777739745946770,0,4403363718924,0,3944435428,0,-300648,0,-1740,0,1 # sphere2 r=0
1279223205271795229172139159223497,0,-8204466114799637032254538779462,0,6877339728130989209756089338,0,-33842976214944396402944314,0,88179089798676128940207,0,269557923461039378460,0,1988001013364695164,0,2312820392445540,0,1723382496999,0,1713964298,0,-201366,0,246,0,1 # sphere2 r=0
4742515302531499033812432,0,-337953239399682250136352,0,-31327681457298577883040,0,6154839319504680124992,0,241031474088097084416,0,-39786133623764080320,0,1393885742386568076,0,-4648278610398168,0,2634100946496,0,1036588128,0,4268292,0,1476,0,1 # sphere2 r=0
35771340895636529769768712020019981,0,20188634921193317921993676282366,0,120004293179333376982433698062,0,1158606959845223559793967402,0,3678289062823398310534572,0,-2448348970517110167624,0,19256058379597766681,0,1679309454508740,0,1944567490938,0,-803365940,0,-1570350,0,-372,0,1 # sphere2 r=0
98972707833323561000333449,0,-21322206540834254788011840,0,338267697583598918203254,0,189840260297193492136020,0,-9389420450606744592612,0,-423452505901168857690,0,27220697911372132982,0,-29555547616799730,0,-24552397482600,0,7973270994,0,15923307,0,6390,0,1 # sphere2 r=0
147486223290499001908,0,-77172865120032658032,0,17368241298389987016,0,-1903401025543738384,0,99939888371059884,0,-2666446758190080,0,186583127984472,0,879843349872,0,49552889580,0,158843120,0,848568,0,-408,0,1 # sphere2 r=0
9272179698145735162050666340938734400,0,-174179237997802299143319988740891360,0,1210075931656871488190287498846104,0,-3469286099992435863428199209364,0,1079012599147800828039989097,0,10559987383253244791049558,0,2909097774100295329212,0,-8852085158065236594,0,3422819314625166,0,-600548863110,0,86749668,0,-6282,0,1 # sphere2 r=0
95102173,0,178823724,0,107891517,0,30862700,0,7917996,0,-1124904,0,-543448,0,-107838,0,1989,0,1792,0,291,0,24,0,1 # sphere2 r=0
258557569995281505855118222473,0,3007685476043131461636020292,0,167470801884873207665434332,0,3019354125404379598080468,0,18459010297173465994500,0,52999220818028014056,0,210941103374891982,0,311027966907948,0,1232637424668,0,152878548,0,1976796,0,-96,0,1 # sphere2 r=0
475933516902674794593311863736529,0,615201311811128277971513153448,0,2739112549559151237404180415,0,-11007991215070023260127132,0,4910651234856241403922,0,-38565243510766271478,0,144123714089164470,0,-179750775593484,0,372997748133,0,-677130948,0,1155219,0,-1518,0,1 # sphere2 r=0
12602347190813415965578278409,0,-27767856359351143850540994,0,2136287242252907833945233,0,1334704480609741078446,0,125289548902843918692,0,262104415615860318,0,3549659686324448,0,10537924083336,0,49059685479,0,147977118,0,294891,0,360,0,1 # sphere2 r=0
4703307473798327102669324931496960338057,0,87852129450148855570797529074511857918,0,508804879682992961544079626460852362,0,789639275629244746916503024106322,0,-767151413491472624825937677718,0,-873043086762424038326122548,0,9149879874574150140960030,0,1324492401948533145954,0,74692527715458756,0,-1388652450024,0,73440891,0,2820,0,1 # sphere2 r=0
1282802021130024538683363364788566679616,0,1597464610709948756415505744611473472,0,-1239025631404210973869314548555616,0,-2905222972092179407877182929560,0,206136926845985933926083057,0,1797148990821264969255372,0,257363311586772874874,0,-540098750284011456,0,57061477946067,0,68612949224,0,-14918454,0,-2436,0,1 # sphere2 r=0
8382951224499572500,0,776163598433500500,0,40950655863095850,0,-3991597771328110,0,-121002487621911,0,626428610244,0,345752070750,0,-6826788360,0,74404233,0,-1062130,0,4338,0,192,0,1 # sphere2 r=0
216258693844221811634270747113,0,1891113383577316728550382820,0,10138456008018313171906794,0,-69624918014425733021080,0,-512752257143554211613,0,-241530739217449128,0,10931056448669304,0,10333262286504,0,-89378386605,0,-189391324,0,1278414,0,-1968,0,1 # sphere2 r=0
310052036489959261,0,356262224671784274,0,189550763771285172,0,46072989583448396,0,5886012614118993,0,383361443485668,0,10321762892640,0,17832712212,0,-251101989,0,-4777132,0,-357,0,78,0,1 # sphere2 r=0
806895862482214847205458144531533,0,5962254839176592718265648781136,0,7782975482127452900905005084,0,-108036011310874592131300384,0,-453339885729631903097565,0,29642529380542830984,0,3296034318611686571,0,4001464492938522,0,43050955740,0,-2779918496,0,-1165989,0,864,0,1 # sphere2 r=0
544335723141528109,0,31317400795772190,0,-18879042193222326,0,11835899957880400,0,1551306943447758,0,-255515735974104,0,50193737785518,0,-50565117798,0,6180400962,0,12698260,0,107886,0,156,0,1 # sphere2 r=0
1589292050767159105792,0,-52423866936495058944,0,1203087997756503936,0,-26474651057035392,0,-781075760152368,0,20144945673312,0,74739159392,0,2490207648,0,195762780,0,1393824,0,-5736,0,-12,0,1 # sphere2 r=0
8389293656013878672094700483530481,0,20644144311434126617534176867324,0,2082689127609403760763784452,0,-23387537854675194629013778,0,57823007677961665107096,0,362015918244465053724,0,-17971920765880806,0,-738678359189268,0,1293093295884,0,773822090,0,-1322040,0,540,0,1 # sphere2 r=0
9901054060260875110309077,0,-1603215026406514991544750,0,93079636249162571502543,0,-1746982874474104012218,0,7447204666796264451,0,-995045163561232218,0,28781448698661984,0,-55476482608458,0,-17287590861,0,131641548,0,180882,0,612,0,1 # sphere2 r=0
104017306119234857517161098573,0,-312094739016539967958870062,0,8676191225974481819233590,0,9761120376925897888090,0,252126059720302190214,0,-777764723722228476,0,78924290233620,0,-25369947551538,0,17507565792,0,62104216,0,519135,0,642,0,1 # sphere2 r=0
542372054850390229129801,0,-37315445627889189646356,0,-163131455950501772280,0,-50314712396513029726,0,4030604072305281981,0,81308322709074540,0,4112820539664486,0,15306543734256,0,57057393321,0,174920468,0,138774,0,66,0,1 # sphere2 r=0
95039478481132751945173,0,-2251769192845251577464,0,840086775759446138619,0,-69466989212011486166,0,-71519937469774992,0,306906551709561180,0,11170230309288978,0,-8793833745114,0,58715488980,0,59138776,0,162564,0,-414,0,1 # sphere2 r=0
33098287374006907977,0,4002717929689930752,0,242209327479782148,0,7780641008137164,0,55382659965954,0,-4420092997332,0,-130302430902,0,-1374825204,0,-19303263,0,12072,0,20106,0,276,0,1 # sphere2 r=0
63336805401810119858728980385561,0,-227126176581165214242593776710,0,3270107037567192636808097109,0,3123141244243343589993268,0,18260240916148245824112,0,688756765386189010248,0,2251094534930700069,0,1742266577349270,0,1700420001633,0,2581039702,0,-120738,0,-756,0,1 # sphere2 r=0
422194137378361951036081016692,0,14850627196882221646758569376,0,217534294734276457387518096,0,2325212403616190177852756,0,23761420336337039678088,0,145401341069929955328,0,653478900677632806,0,1689851151625608,0,2612356591140,0,2727766202,0,2212056,0,1284,0,1 # sphere2 r=0
36614441401156625375084721889,0,947423510927544041360785062,0,26455569099818671426310505,0,247631770986630786575104,0,1777524500054054870784,0,10134354408995863032,0,72650996974371443,0,46642680243720,0,418448596305,0,550667792,0,624132,0,1488,0,1 # sphere2 r=0
234230581817929177,0,-80938973402416488,0,12487732839453882,0,-1115436949148064,0,231317235590175,0,-138892637733648,0,21322384042124,0,55121513280,0,491086695,0,327480,0,-52902,0,-96,0,1 # sphere2 r=0
7160572297,0,4199253654,0,1855646091,0,504414832,0,107450970,0,23993898,0,5793047,0,1153860,0,167070,0,16826,0,1143,0,48,0,1 # sphere2 r=0
280007456022042937186637333725,0,-439479672364308945483583920,0,8056883527392247944879474,0,18914134991294232492248,0,-38886383304830743569,0,-802090750383720246,0,-3852013285491100,0,2075429506590,0,42896524731,0,54664930,0,-21717,0,390,0,1 # sphere2 r=0
5086049120045879865613,0,-135715035875615857062,0,1360900217809970982,0,45289080554186502,0,-1282130871515118,0,13484528416026,0,122997817025,0,-2450531826,0,55733850,0,276420,0,8262,0,126,0,1 # sphere2 r=0
29327860179122488783798673489070097,0,-36992878859371473218303732057292,0,-125455853304751926043395211902,0,-317644959975320435828265612,0,373828984249418590996623,0,880363158623928189000,0,2019820598573192732,0,-186186859937496,0,210328177791,0,-2339824380,0,242562,0,-540,0,1 # sphere2 r=0
23680209453962008637433954028079509,0,-242779229901963979398533535652038,0,1228578079899022010062248515646,0,-2950229119894592660205959062,0,3347671637455377577036710,0,-6200898115736545657140,0,25897249213830999050,0,-31188591088949022,0,19816224206922,0,-947996750,0,-2453094,0,-732,0,1 # sphere2 r=0
681362302162354918723395497915134909,0,-3587125736978148609939067860490002,0,3852662848113083230249538453754,0,20010930049759407761048552330,0,-30430085285892229077287997,0,-48948817540758955476084,0,87106617439232727624,0,238772030390035596,0,213660769988799,0,58533264998,0,25871310,0,1866,0,1 # sphere2 r=0
670217292745967272053007903632912,0,54416671968419733618672853254336,0,2034347631245663042234474131680,0,43401474602519350088876040144,0,542983057062546030919953552,0,3764735484596590279864032,0,12541503534426246991140,0,5635039250006109792,0,1488891287052792,0,211247318016,0,-39901572,0,-9264,0,1 # sphere2 r=0
52382849396485189360159205486325,0,8392038583571629880961032550,0,5274189403498242464982271209,0,36694119693834260261315730,0,294086312989385055272604,0,3117774574680462777150,0,27888757803096562395,0,2013942854491668,0,-6642467191503,0,-1572432498,0,1356642,0,2448,0,1 # sphere2 r=0
183833032279718475526484816773,0,4525781016241307433028032264,0,166274567891098876476629904,0,1241121092770671904769372,0,3486289386901177189824,0,8146899541529473656,0,47672965776595814,0,146155580490888,0,115834339536,0,-15481364,0,249792,0,-72,0,1 # sphere2 r=0
21799012961414316000573643298143113216,0,259708183341416278515247270488182784,0,1086648692516056358902017124724736,0,561768250750023028995480231936,0,-8470785479515279129279855872,0,-7406601031020058807398912,0,40944114567864821977344,0,-17270589139673046912,0,3524570108994960,0,-279800298864,0,30240540,0,-4032,0,1 # sphere2 r=0
12287403676933305534594741415473,0,-3285607797226310556052373647788,0,256170678043360431101096400354,0,21360897964194670648065225492,0,-1241099216171576020574899281,0,-27879186261721219490179224,0,2286641681224134327670140,0,440029758005588592072,0,10852619975367039,0,-3956616322236,0,-217929150,0,13860,0,1 # sphere2 r=0
27707297220110260883202781273,0,1057427835179011835112609192,0,17336440663960942745895318,0,168428851808312526173572,0,1196019769922976912291,0,7369537129583216400,0,40301615685671268,0,176071761783072,0,567175354047,0,1294100992,0,2023470,0,2004,0,1 # sphere2 r=0
40767929789197,0,-8305312991712,0,1075077792366,0,282288160394,0,35847421797,0,2229131952,0,102836918,0,3317424,0,323997,0,22732,0,1440,0,42,0,1 # sphere2 r=0
40106489116327495366825,0,-5544702706678686842370,0,408522702131349556269,0,-18324747796452503560,0,1134082305717325839,0,-21291321141788598,0,899925014506332,0,-9890293599396,0,26853066675,0,53029316,0,36420,0,60,0,1 # sphere2 r=0
751256339887215462088684727037692757,0,-272293617629210543767451317570164,0,1464364793082855017897979743016,0,1029527357402320584545492406,0,920774649928219761581298,0,-3711230796163687302618,0,4893482186728661166,0,2622851979486966,0,-3584607288471,0,-434967384,0,532098,0,18,0,1 # sphere2 r=0
49781498337637306278019808650393,0,-331703344264486101730669669380,0,2813228145557738465389637667,0,-21764963341935677196594284,0,95460251101692257311596,0,-401944912985056999572,0,1132077941099213568,0,-2294803759347738,0,5580074874249,0,2348460214,0,2061219,0,492,0,1 # sphere2 r=0
1044488924674333,0,-4796129452739420,0,8159404115753063,0,-5689584164759348,0,2256866807644510,0,-164390159659244,0,356905883884,0,295321589372,0,11560829621,0,87192270,0,420491,0,964,0,1 # sphere2 r=0
7054898059562803197525,0,651417649949394385740,0,116168449273833747978,0,10435514988564755298,0,601195566631409541,0,33575430527830872,0,896281143125742,0,2322132407568,0,28813504005,0,33306048,0,245340,0,234,0,1 # sphere2 r=0
